-1.0937244366149084 -0.7215088029015945 -0.00257131872569597 -0.11910262421296493 1.260000000000001 
-1.0937244366149084 -0.7215088029015945 -0.00257131872569597 -0.11910262421296493 1.260000000000001 
-1.0938150640444977 -0.7215277895446105 -0.0026391339656908785 -0.11910262421296493 1.455000000000001 
-1.0937670281244853 -0.7214868144499111 -0.0026202071050522315 -0.11910262421296493 1.650000000000001 
-1.0937733078205436 -0.7214574925475619 -0.002549083843097828 -0.11910262421296493 1.865000000000001 
-1.0937776493610691 -0.7215319842697274 -0.0025535914136082657 -0.11910262421296493 2.0599999999999996 
-1.0937965461841623 -0.7214769482180275 -0.0025908513572750575 -0.11910262421296493 2.254999999999996 
-1.0937923844131587 -0.7215122612644557 -0.0025929548628232345 -0.11910262421296493 2.459999999999992 
-1.0938205571175414 -0.7214856635238106 -0.002599088240505623 -0.11910262421296493 2.6549999999999883 
-1.093786379625602 -0.7214632709046818 -0.0025620648011672894 -0.11910262421296493 2.8499999999999845 
-1.0937284625948054 -0.7214538275674421 -0.0025287425445528564 -0.11910262421296493 3.0649999999999804 
-1.0937669789546878 -0.7214825787617702 -0.0025703629265482757 -0.11910262421296493 3.2599999999999767 
-1.09378088587074 -0.7215023293370856 -0.002570050754937405 -0.11910262421296493 3.4649999999999728 
-1.0938002777157994 -0.7214905430907617 -0.0025695545742210825 -0.11910262421296493 3.659999999999969 
-1.093744167306779 -0.7214792151561475 -0.002573154011861204 -0.11910262421296493 3.8449999999999656 
-1.0937905270732065 -0.7214612020188064 -0.0025346257229388962 -0.11910262421296493 4.059999999999961 
-1.0938497276695622 -0.7214925800120655 -0.0025448557363146693 -0.11910262421296493 4.264999999999957 
-1.0938301139414353 -0.7214846573897641 -0.002521259533811806 -0.11910262421296493 4.459999999999953 
-1.0938052895352866 -0.721492374093001 -0.0025601035362217157 -0.11910262421296493 4.654999999999949 
-1.0937692532046694 -0.721465688127691 -0.0025381192092630246 -0.11910262421296493 4.859999999999944 
-1.0937481685883013 -0.7214959246078084 -0.0025495418495316215 -0.11910262421296493 5.05499999999994 
-1.0938304008822883 -0.7215393186217981 -0.0025589230212887133 -0.11910262421296493 5.259999999999936 
-1.0937988247329795 -0.7214915515177468 -0.0025863858584269177 -0.11910262421296493 5.454999999999932 
-1.0937816044534154 -0.7214927515968326 -0.0025659294602791275 -0.11910262421296493 5.659999999999927 
-1.0938119332933263 -0.7214570632265944 -0.0025387519999291244 -0.11910262421296493 5.859999999999923 
-1.0937212555483062 -0.7214980518800661 -0.002540246401557431 -0.11910262421296493 6.054999999999919 
-1.093782475117253 -0.7214698177736808 -0.002523720719827339 -0.11910262421296493 6.2599999999999145 
-1.0937362554747503 -0.7214737617869548 -0.0025785108981426076 -0.11910262421296493 6.45499999999991 
-1.093807703318038 -0.721472273964301 -0.002554608350257109 -0.11910262421296493 6.659999999999906 
-1.0938081133003728 -0.7214196691385377 -0.0024715829239205385 -0.11910262421296493 6.864999999999902 
-1.0938123365228547 -0.721459283843879 -0.0025633757987023405 -0.11910262421296493 7.0599999999998975 
-1.0948418169884602 -0.7246652356875948 0.011736587835524993 -0.11910262421296493 7.254999999999893 
-1.0996346885396 -0.7448373605602027 0.1262395333679987 -0.11910262421296493 7.469999999999889 
-1.09766312720599 -0.7575279187503209 0.27100728529508433 -0.11910262421296493 7.654999999999885 
-1.094402181358505 -0.762269157858783 0.4320981296267255 -0.11910262421296493 7.85999999999988 
-1.0952492205479638 -0.7638743454910795 0.6012930680178284 -0.11910262421296493 8.079999999999878 
-1.099716531918496 -0.7646361343503794 0.7332615332749706 -0.11910262421296493 8.259999999999874 
-1.102754375237432 -0.7878411468767407 0.8128219256748819 -0.11910262421296493 8.45499999999987 
-1.099091875613495 -0.8720513229243322 0.8355718775169974 -0.11910262421296493 8.659999999999867 
-1.0949786028998714 -0.9654079925262746 0.8362900140286386 -0.11910262421296493 8.864999999999863 
-1.0915644953444565 -1.0363777274747594 0.8347007755156246 -0.11910262421296493 9.06999999999986 
-1.0877012523684775 -1.0706882062813257 0.8379351880680026 -0.11910262421296493 9.254999999999857 
-1.0846939248275347 -1.081319314083797 0.8435756774699519 -0.11910262421296493 9.459999999999853 
-1.0836106972662056 -1.0839285939758092 0.8492259390079093 -0.11910262421296493 9.66999999999985 
-1.0829049512032298 -1.0867680512553053 0.8584657181098612 -0.11910262421296493 9.859999999999847 
-1.0826507575777589 -1.0902751787775957 0.8679207878786294 -0.11910262421296493 10.064999999999843 
-1.0822942750547966 -1.0921176560666686 0.8755313062572152 -0.11910262421296493 10.24999999999984 
-1.0820118160454835 -1.0927791370299915 0.885058093559081 -0.11910262421296493 10.454999999999837 
-1.081023769762088 -1.091875448999265 0.9040289270512102 -0.11910262421296493 10.659999999999833 
-1.0809603132020715 -1.0915985235701147 0.9253953401390735 -0.11910262421296493 10.86499999999983 
-1.082868330998022 -1.0913315814832938 0.935187057303602 -0.11910262421296493 11.059999999999826 
-1.084408342077972 -1.0913971713282964 0.9373328572538019 -0.11910262421296493 11.254999999999823 
-1.0843236352296297 -1.091424803202301 0.9358397415196789 -0.11910262421296493 11.45999999999982 
-1.0829782223948163 -1.0911561971157668 0.9299016550650313 -0.11910262421296493 11.654999999999816 
-1.0823680555145887 -1.0904327330827155 0.9185682282038915 -0.11910262421296493 11.849999999999813 
-1.0819820760874885 -1.0895874043044482 0.9090574302058265 -0.11910262421296493 12.05499999999981 
-1.0816735261788446 -1.0892952721784468 0.9029992307259019 -0.11910262421296493 12.259999999999806 
-1.0819907651143466 -1.0894386073727125 0.8958496177219135 -0.11910262421296493 12.464999999999803 
-1.0818453119289482 -1.0902023866523032 0.8854142914713127 -0.11910262421296493 12.6599999999998 
-1.0816897272805306 -1.0905988933078894 0.8778343397902816 -0.11910262421296493 12.854999999999796 
-1.0812494343429486 -1.0902602981201228 0.8732827453796046 -0.11910262421296493 13.074999999999793 
-1.0807442186546896 -1.0894237285506094 0.8703403301983689 -0.11910262421296493 13.25499999999979 
-1.0805953265374229 -1.0892619971866335 0.8664957736577587 -0.11910262421296493 13.459999999999786 
-1.0810808152759395 -1.0891384094957877 0.8608269459960737 -0.11910262421296493 13.654999999999783 
-1.0817373208421914 -1.0889842462464652 0.8573315947889982 -0.11910262421296493 13.85999999999978 
-1.0822426258353597 -1.0880849244602506 0.8587442933063713 -0.11910262421296493 14.054999999999776 
-1.0826095095207455 -1.0873431548779025 0.8573164403006682 -0.11910262421296493 14.259999999999772 
-1.0818642178766837 -1.0874435632299333 0.8515588939851962 -0.11910262421296493 14.464999999999769 
-1.0805836835412836 -1.0882495593421002 0.8464125911042856 -0.11910262421296493 14.659999999999766 
-1.0794636126994193 -1.0885124952373255 0.8420814216136199 -0.11910262421296493 14.854999999999762 
-1.0568426873964116 -1.0684401898763274 0.8352537777459231 -0.11910262421296493 15.059999999999759 
-1.0050937444765882 -1.0207283523942643 0.8304801449808894 -0.11910262421296493 15.279999999999758 
-0.9416440836707363 -0.962725277471735 0.8322452101348176 -0.11910262421296493 15.474999999999762 
-0.872235834639476 -0.8995952166799127 0.8340242812633301 -0.11910262421296493 15.669999999999767 
-0.8164138961545595 -0.8477400531715771 0.8334826605455588 -0.11910262421296493 15.85999999999977 
-0.757825782197346 -0.7912115760915556 0.8324886352861681 -0.11910262421296493 16.069999999999773 
-0.7015162346890943 -0.7372785635960762 0.8313265608849455 -0.11910262421296493 16.259999999999785 
-0.6410064268800618 -0.6793517587907587 0.8303876848350942 -0.11910262421296493 16.469999999999796 
-0.5846244031409575 -0.6242919103871327 0.8287662222905404 -0.11910262421296493 16.65999999999981 
-0.5266071900326429 -0.5665327401054805 0.8268645281375101 -0.11910262421296493 16.85499999999982 
-0.4685167376288586 -0.5084083096435192 0.8254562369284254 -0.11910262421296493 17.04499999999983 
-0.4085311772413352 -0.44831897814329835 0.8240169585195047 -0.11910262421296493 17.264999999999844 
-0.3551285380980561 -0.39407407874987976 0.8227768751423045 -0.11910262421296493 17.459999999999855 
-0.2963019572956798 -0.3341343025960626 0.8202073953677448 -0.11910262421296493 17.654999999999866 
-0.2369018109830683 -0.27443874073186003 0.8171701561472512 -0.11910262421296493 17.879999999999878 
-0.18599345529336772 -0.22222371336248103 0.8156614830391773 -0.11910262421296493 18.05499999999989 
-0.125902167281739 -0.16022655932441893 0.8150581859924237 -0.11910262421296493 18.259999999999902 
-0.06733876790504846 -0.09842300272366317 0.8142889220046382 -0.11910262421296493 18.469999999999914 
-0.013918309955103831 -0.04200672546883435 0.814134599442429 -0.11910262421296493 18.659999999999926 
0.04181212883372516 0.016757434071854184 0.8136415868303613 -0.11910262421296493 18.854999999999936 
0.09737683134136114 0.07584617109184812 0.8137340828895884 -0.11910262421296493 19.05999999999995 
0.1517683817990909 0.13344045958278244 0.8144960694616542 -0.11910262421296493 19.25999999999996 
0.20651020792827957 0.19219769833269343 0.8139170998522175 -0.11910262421296493 19.459999999999965 
0.25737289749906217 0.24894826622417765 0.8100421568848941 -0.11910262421296493 19.649999999999974 
0.3089515044159454 0.3059615325409699 0.7988609465191286 -0.11910262421296493 19.859999999999985 
0.36421987694250546 0.36705460852796085 0.7820123270063508 -0.11910262421296493 20.069999999999997 
0.41268849716671185 0.42833724748975194 0.7694165360047884 -0.11910262421296493 20.26000000000001 
0.4588772068014526 0.5020656911403274 0.7642847609621406 -0.11910262421296493 20.47000000000002 
0.48762897374890896 0.58013757889937 0.7679332781774942 -0.11910262421296493 20.68000000000003 
0.49678438539063524 0.6651203055069502 0.7761034065663404 -0.11910262421296493 20.855000000000043 
0.4888905049686108 0.7519149226344104 0.7845219788233064 -0.11910262421296493 21.070000000000057 
0.46956622976749585 0.828488604588515 0.7929129044374271 -0.11910262421296493 21.255000000000067 
0.4367816572792808 0.9125999595921386 0.8000706189130877 -0.11910262421296493 21.48000000000008 
0.39528894452865776 0.9913386476109257 0.8042267677675496 -0.11910262421296493 21.65500000000009 
0.3462674941699711 1.0608708059935938 0.8065248175288057 -0.11910262421296493 21.860000000000102 
0.29125785303697477 1.1182647058655644 0.8085212838272026 -0.11910262421296493 22.055000000000113 
0.2305955549621395 1.1747842864673685 0.8160836354732568 -0.11910262421296493 22.280000000000125 
0.17177183024378181 1.2344796224756687 0.818336331128359 -0.11910262421296493 22.455000000000137 
0.11818470116782756 1.3042549567062007 0.8100823716585169 -0.11910262421296493 22.67000000000015 
0.08903593211314502 1.3754717037160538 0.8018019868223141 -0.11910262421296493 22.865000000000155 
0.08240070617579294 1.4555609696675127 0.8002771763937871 -0.11910262421296493 23.080000000000165 
0.09981793087908605 1.5263971967292738 0.8021392516149152 -0.11910262421296493 23.255000000000177 
0.14110879485985373 1.5983686182477264 0.8041334350944074 -0.11910262421296493 23.46000000000019 
0.20361651150512577 1.652664669014999 0.8097235644667288 -0.11910262421296493 23.6550000000002 
0.2742317004049617 1.6768563337211966 0.8133936998093195 -0.11910262421296493 23.85000000000021 
0.3521415516613272 1.6772800243211203 0.8138095705070014 -0.11910262421296493 24.055000000000224 
0.4343923821958507 1.6554731869284545 0.8121131418601026 -0.11910262421296493 24.280000000000236 
0.5031889297767026 1.6178051562462095 0.8109146375371407 -0.11910262421296493 24.475000000000247 
0.5654320599715913 1.56321236305337 0.8093842326994614 -0.11910262421296493 24.66000000000026 
0.6176792428629067 1.4940074087484452 0.8089375789260412 -0.11910262421296493 24.87000000000027 
0.6536155986992176 1.4249874574254966 0.8106232544841647 -0.11910262421296493 25.05000000000028 
0.6846913377516628 1.344762025728109 0.8098996111783309 -0.11910262421296493 25.265000000000295 
0.7080719060106636 1.256421633170924 0.8073827532579911 -0.11910262421296493 25.475000000000307 
0.7212966780941711 1.1741788318476367 0.8067937605636979 -0.11910262421296493 25.640000000000317 
0.7284174371687218 1.0835915105043967 0.8076784446068421 -0.11910262421296493 25.870000000000328 
0.7304398065512516 0.9999096212087728 0.8079881210441863 -0.11910262421296493 26.050000000000338 
0.7282187344768514 0.906057855978606 0.8095643747267715 -0.11910262421296493 26.27500000000035 
0.7237644387446139 0.8197723792591577 0.8181361275777193 -0.11910262421296493 26.465000000000362 
0.7165918806122871 0.7258134293891939 0.8316509798936648 -0.11910262421296493 26.675000000000374 
0.708080653468055 0.6385730795774887 0.8393985676034265 -0.11910262421296493 26.855000000000384 
0.6984249671037066 0.5502931462759307 0.8422640740876365 -0.11910262421296493 27.080000000000396 
0.6905485282267664 0.4625950374288965 0.8376097495608491 -0.11910262421296493 27.255000000000408 
0.6842325473050753 0.3727095182487027 0.8301608799932767 -0.11910262421296493 27.46000000000042 
0.6781112637902952 0.28269934696041515 0.8258941017561657 -0.11910262421296493 27.64500000000043 
0.6722095414029896 0.19360990093121105 0.8210852753139436 -0.11910262421296493 27.86000000000044 
0.6672767979857923 0.10297072614731219 0.8182529915733371 -0.11910262421296493 28.07000000000045 
0.6621315320831342 0.020174649738564945 0.8176257073535178 -0.11910262421296493 28.280000000000463 
0.6543241319029351 -0.06674680486520972 0.8154343488700455 -0.11910262421296493 28.455000000000474 
0.6458245363121717 -0.16084733849626884 0.8124472078312952 -0.11910262421296493 28.680000000000486 
0.6421127943962918 -0.24715410480142175 0.8077998772942647 -0.11910262421296493 28.8700000000005 
0.6411032586375575 -0.3318511566650705 0.8050686238403862 -0.11910262421296493 29.065000000000506 
0.6415691938180509 -0.4230547600094709 0.8033768662772169 -0.11910262421296493 29.280000000000516 
0.6405466133312656 -0.508155122489738 0.8016040923624226 -0.11910262421296493 29.455000000000528 
0.637851908305095 -0.5977379490351223 0.7990100014248921 -0.11910262421296493 29.68000000000054 
0.6387046268575901 -0.6872619825860689 0.7857000037632748 -0.11910262421296493 29.85500000000055 
0.6450447266003515 -0.7792654661539922 0.7671675055278561 -0.11910262421296493 30.075000000000564 
0.6549715606448999 -0.8630303525630608 0.7570664769576817 -0.11910262421296493 30.255000000000575 
0.673926686683872 -0.9483739591995681 0.754539936308799 -0.11910262421296493 30.460000000000587 
0.7090372858529702 -1.033054502728257 0.7585135373961139 -0.11910262421296493 30.6700000000006 
0.7533273452275147 -1.1068083475742387 0.7619413742691677 -0.11910262421296493 30.86000000000061 
0.8097040220176486 -1.1776981174210261 0.7642692656063484 -0.11910262421296493 31.07500000000062 
0.8801694172407576 -1.2384525560788993 0.7691896946399481 -0.11910262421296493 31.265000000000633 
0.9620444124209842 -1.27924228477143 0.7757039103341736 -0.11910262421296493 31.45500000000064 
1.0452831104775044 -1.2914993007885827 0.7793033167362114 -0.11910262421296493 31.675000000000654 
1.1228189704724316 -1.282763797288587 0.780475919904159 -0.11910262421296493 31.870000000000665 
1.2032925229150544 -1.2575050295209416 0.7854968835543402 -0.11910262421296493 32.07500000000067 
1.2623778391546405 -1.224902196317087 0.7913428231045616 -0.11910262421296493 32.23000000000067 
1.3275027546457416 -1.1686105372573927 0.7985181518625776 -0.11910262421296493 32.455000000000666 
1.3694726093052647 -1.1088177898864084 0.7972924542932532 -0.11910262421296493 32.66500000000063 
1.3137653788455548 -1.0697360778828129 0.770600864508543 -0.11910262421296493 32.860000000000596 
1.1355860096197743 -1.038751406831747 0.7384464031552935 -0.11910262421296493 33.05500000000056 
0.9121001879181838 -1.0148616805369388 0.73718078898309 -0.11910262421296493 33.25500000000053 
0.7252217820246442 -0.9973613955395237 0.7472083179328752 -0.11910262421296493 33.47500000000049 
0.556848793642842 -0.9819047570083929 0.7630391596952495 -0.11910262421296493 33.665000000000454 
0.3898720419659108 -0.9666215714266491 0.7852604055505452 -0.11910262421296493 33.86000000000042 
0.24293050173806316 -0.9551288559024348 0.8080475932574428 -0.11910262421296493 34.06500000000038 
0.1052476187658632 -0.9457547564241796 0.8292568397262264 -0.11910262421296493 34.260000000000346 
-0.025477525895768845 -0.936253897314402 0.8449433546580716 -0.11910262421296493 34.450000000000315 
-0.1478862762332282 -0.9260606436549067 0.8562476402892507 -0.11910262421296493 34.66000000000028 
-0.2429437206516114 -0.9175470195537582 0.8650380742433521 -0.11910262421296493 34.855000000000246 
-0.3308236645872661 -0.9087556232623519 0.8699868401888732 -0.11910262421296493 35.06000000000021 
-0.40602862545081075 -0.9009861498156094 0.8734438521233926 -0.11910262421296493 35.25500000000017 
-0.48285641904463183 -0.8936306065153636 0.8767536284203215 -0.11910262421296493 35.45500000000014 
-0.5490827431031938 -0.8873077439069181 0.877652652366875 -0.11910262421296493 35.6600000000001 
-0.6116402117181412 -0.8805490470412699 0.8763578939132559 -0.11910262421296493 35.865000000000066 
-0.6672594241504303 -0.8737829631458539 0.8753179704347972 -0.11910262421296493 36.06000000000003 
-0.7166565200250921 -0.8682600674380465 0.872606645063831 -0.11910262421296493 36.254999999999995 
-0.7594886779901625 -0.8636142526815319 0.871673186643032 -0.11910262421296493 36.45999999999996 
-0.7992246254513048 -0.8597369854354752 0.8704979795577298 -0.11910262421296493 36.65499999999992 
-0.8339883826258746 -0.855627780217129 0.8671880786903288 -0.11910262421296493 36.859999999999886 
-0.8648743094241788 -0.8531110837128859 0.8644647257006851 -0.11910262421296493 37.06499999999985 
-0.8933929696726831 -0.8507230093827299 0.8598790599908867 -0.11910262421296493 37.25999999999981 
-0.9202823598118723 -0.8479429347035655 0.8538700471788567 -0.11910262421296493 37.45499999999978 
-0.9439122667395641 -0.8451207011802127 0.8503709165190879 -0.11910262421296493 37.64999999999974 
-0.9665014254427315 -0.8422433174138648 0.846739030310689 -0.11910262421296493 37.864999999999704 
-0.9862320388953104 -0.8406309382235546 0.8418248438209245 -0.11910262421296493 38.03999999999967 
-1.007967826614171 -0.8398667287469341 0.8360169924142002 -0.11910262421296493 38.25499999999964 
-1.0254007719085727 -0.8395021364875528 0.8284691901879201 -0.11910262421296493 38.4599999999996 
-1.0438184051487003 -0.8342966532209155 0.7717706067370759 -0.11910262421296493 38.64999999999957 
-1.062037246887812 -0.8244665619765471 0.6865017334783688 -0.11910262421296493 38.85499999999954 
-1.0773607563321623 -0.8109667286971366 0.5950512742864059 -0.11910262421296493 39.0699999999995 
-1.0804249059796442 -0.803186362005105 0.5436821988570837 -0.11910262421296493 39.249999999999474 
-1.0842271027027606 -0.7974461396690423 0.49151232896707947 -0.11910262421296493 39.464999999999435 
-1.0936283996612708 -0.7910022645773505 0.4392444252175577 -0.11910262421296493 39.6699999999994 
-1.1047719376627072 -0.7854243957354211 0.39399491887409865 -0.11910262421296493 39.86499999999936 
-1.115517397045548 -0.7814758288746847 0.3517109669347501 -0.11910262421296493 40.06499999999933 
-1.1215963362751409 -0.7778010796133205 0.3122250654527829 -0.11910262421296493 40.259999999999295 
-1.1244896553439037 -0.7745429969869101 0.27956413104201894 -0.11910262421296493 40.46499999999926 
-1.1257162667963945 -0.7726911435124647 0.2517950279654692 -0.11910262421296493 40.66999999999922 
-1.1292591009116542 -0.7711572014948317 0.2284364821301103 -0.11910262421296493 40.85499999999919 
-1.1334519103954144 -0.7698976405234105 0.2071698869549233 -0.11910262421296493 41.05999999999915 
-1.1371447029175856 -0.7671674098326037 0.18515553189325354 -0.11910262421296493 41.26499999999911 
-1.1404089596324913 -0.7651637738250994 0.16618903969540086 -0.11910262421296493 41.45999999999908 
-1.140780000013895 -0.765327697494015 0.1506387867452596 -0.11910262421296493 41.65499999999904 
-1.141106304920563 -0.7663871146455585 0.1388493919839013 -0.11910262421296493 41.859999999999005 
-1.1424533034915327 -0.7665677849994668 0.12710798589566394 -0.11910262421296493 42.05499999999897 
-1.1418647626907383 -0.7619337542866282 0.09096874886212794 -0.11910262421296493 42.25999999999893 
-1.1354337941919583 -0.7523020329464546 0.03388388605827167 -0.11910262421296493 42.4549999999989 
