-1.06388248599514 -0.7217999825446715 -0.0024261123326108883 0.08486444555139282 23.985000000000948 
-1.06388248599514 -0.7217999825446715 -0.0024261123326108883 0.08486444555139282 23.985000000000948 
-1.0641511732011397 -0.7218466050576793 -0.002836449801591222 0.08486444555139282 24.19000000000098 
-1.0636770114104934 -0.7219373745644785 -0.002439944541117868 0.08486444555139282 24.385000000001007 
-1.0639390959400112 -0.7219174874706336 -0.0026820946241290712 0.08486444555139282 24.590000000001037 
-1.0636858841397405 -0.7219376578330642 -0.0024354964493087756 0.08486444555139282 24.785000000001066 
-1.0638749413551143 -0.7219601564801168 -0.002642312670081653 0.08486444555139282 24.980000000001095 
-1.0637047470866818 -0.7219800278748841 -0.0024656914765491247 0.08486444555139282 25.210000000001127 
-1.0639836932015718 -0.7218872236654826 -0.0027214290374995274 0.08486444555139282 25.380000000001154 
-1.0638244492531579 -0.7219498345819245 -0.0026025473925052173 0.08486444555139282 25.595000000001185 
-1.0637599850237864 -0.7217667540132322 -0.0022889075131887855 0.08486444555139282 25.790000000001214 
-1.0636520637885514 -0.721944559363258 -0.002430451464001882 0.08486444555139282 25.985000000001243 
-1.0638516908265336 -0.7218674964537659 -0.002582679825308814 0.08486444555139282 26.190000000001273 
-1.063740288657424 -0.7219958711700704 -0.0026286253181552013 0.08486444555139282 26.385000000001302 
-1.0638385419656056 -0.7219589877531968 -0.0026125489423592043 0.08486444555139282 26.58000000000133 
-1.0637330400631282 -0.7219727320056525 -0.002502734875269308 0.08486444555139282 26.78500000000136 
-1.0638625456975601 -0.7218550422284102 -0.002586218033332014 0.08486444555139282 26.98000000000139 
-1.0637828283775705 -0.7219212978609185 -0.002502595937821237 0.08486444555139282 27.18500000000142 
-1.0638669961441467 -0.7219205801690215 -0.0026144038722062056 0.08486444555139282 27.39000000000145 
-1.0638383525641373 -0.7219593042382275 -0.002686216143593701 0.08486444555139282 27.59500000000148 
-1.0638756822438418 -0.7219070270298754 -0.0025815729417492032 0.08486444555139282 27.780000000001507 
-1.0639310500472008 -0.7216930923513459 -0.0024469939241337285 0.08486444555139282 27.99500000000154 
-1.0638892479181745 -0.721916049901394 -0.0026415472276480278 0.08486444555139282 28.195000000001567 
-1.0638237741111487 -0.7218987404406725 -0.0026073093714899754 0.08486444555139282 28.385000000001597 
-1.064011368879238 -0.7216524815670715 -0.0024336382941525024 0.08486444555139282 28.580000000001625 
-1.0636840591619838 -0.7219497157095847 -0.0024528085557021305 0.08486444555139282 28.785000000001656 
-1.0638827246317213 -0.7216862078272217 -0.0023480755688242883 0.08486444555139282 28.980000000001684 
-1.0638781585551598 -0.7218392673265938 -0.002495879179197427 0.08486444555139282 29.185000000001715 
-1.0638047919981977 -0.721892255545669 -0.002582238372247172 0.08486444555139282 29.390000000001745 
-1.0638009306331304 -0.7216532168583444 -0.0024479801517820216 0.08486444555139282 29.575000000001772 
-1.063767307198064 -0.72196043540243 -0.002487464002127061 0.08486444555139282 29.790000000001804 
-1.0636849127754282 -0.7219869789197884 -0.002501888578757686 0.08486444555139282 29.995000000001834 
-1.064018383520053 -0.7223602370269829 -0.0009683554825703382 0.08486444555139282 30.18000000000186 
-1.0619743957996672 -0.7302124628787164 0.057851703104161385 0.08486444555139282 30.38500000000189 
-1.043439695639675 -0.7531562156332895 0.1749497517922914 0.08486444555139282 30.59500000000192 
-1.0397796168208608 -0.7639208561687303 0.31505502042120404 0.08486444555139282 30.79000000000195 
-1.0480715250766146 -0.7612740479231886 0.47270586199392506 0.08486444555139282 30.990000000001977 
-1.0570419977759171 -0.7565026878698502 0.6365004108723634 0.08486444555139282 31.185000000002006 
-1.0620426372743874 -0.7515731528291718 0.7670003873448583 0.08486444555139282 31.380000000002035 
-1.0084253229263296 -0.6842277602367886 0.8325598127993253 0.08486444555139282 31.585000000002065 
-0.8660294218339324 -0.5316964648202634 0.8357141522099337 0.08486444555139282 31.780000000002094 
-0.6793694124852298 -0.3458337893133269 0.8363377486493911 0.08486444555139282 31.985000000002124 
-0.48086923278205956 -0.15572200483992554 0.8544561656996817 0.08486444555139282 32.18000000000209 
-0.2938858324175421 0.01806534460059938 0.8772921105047191 0.08486444555139282 32.38500000000205 
-0.10038017641322643 0.19899979730657227 0.8980386807206037 0.08486444555139282 32.580000000002016 
0.0759634406412613 0.38130907904033035 0.9091381649737665 0.08486444555139282 32.78500000000198 
0.1868872667610958 0.524427942525112 0.9088148384894529 0.08486444555139282 32.99000000000194 
0.24692567862340176 0.6175476542850538 0.8963565534265813 0.08486444555139282 33.18500000000191 
0.27661349908020005 0.6661489912099653 0.8898091005654541 0.08486444555139282 33.38000000000187 
0.2856460473326285 0.6844746689135648 0.8977071992420314 0.08486444555139282 33.585000000001834 
0.28793630690291494 0.6958674782827389 0.9193641968058741 0.08486444555139282 33.7800000000018 
0.2894870802438089 0.7064034507446698 0.9372460977816756 0.08486444555139282 33.98500000000176 
0.2902959345635194 0.7138432497097218 0.9451910507616081 0.08486444555139282 34.190000000001724 
0.2890153470604597 0.7171498324924194 0.9434855864708418 0.08486444555139282 34.38500000000169 
0.28619625562816875 0.7173369423627903 0.9349480909510126 0.08486444555139282 34.580000000001654 
0.2830783250256408 0.7146072638322318 0.924818158630848 0.08486444555139282 34.795000000001615 
0.28083605984591337 0.7116248710458023 0.9169902803996062 0.08486444555139282 34.98000000000158 
0.27989546127823767 0.7096580480654612 0.9092571622496637 0.08486444555139282 35.185000000001544 
0.2797736377182275 0.7090201759309543 0.9012546797139883 0.08486444555139282 35.39000000000151 
0.27974191742061794 0.7087437210230848 0.8913545251673345 0.08486444555139282 35.58500000000147 
0.2797375444901708 0.7087578120879093 0.8817752325665894 0.08486444555139282 35.780000000001436 
0.2800533981139749 0.7090038884944719 0.8756347921674655 0.08486444555139282 35.9850000000014 
0.28045092585341935 0.70859815195107 0.873289576893218 0.08486444555139282 36.180000000001364 
0.2810056821228213 0.7082361796049026 0.870418440531792 0.08486444555139282 36.38500000000133 
0.2810675387525221 0.7078190595465244 0.8638054137206539 0.08486444555139282 36.58000000000129 
0.2810223863963189 0.7079212476112519 0.8570806856999413 0.08486444555139282 36.785000000001254 
0.28147601855512633 0.7082926884684556 0.8505588465262424 0.08486444555139282 36.98000000000122 
0.2821690757355583 0.7087641708875516 0.8470021659186154 0.08486444555139282 37.18500000000118 
0.29376776272296967 0.6966301541015385 0.8444897161328369 0.08486444555139282 37.390000000001145 
0.34279583660648444 0.6437049572912378 0.8385055241599965 0.08486444555139282 37.59500000000112 
0.40877935099846696 0.568485381673014 0.8279534222060639 0.08486444555139282 37.78500000000112 
0.47128692881592743 0.505395805301296 0.8122948400753722 0.08486444555139282 37.98000000000112 
0.5453794902585339 0.46246298367338495 0.8025895301064184 0.08486444555139282 38.17500000000112 
0.6343837628830078 0.44340189759800613 0.798807129418446 0.08486444555139282 38.37500000000112 
0.724673162303489 0.45417881824554696 0.8010600456937333 0.08486444555139282 38.59500000000112 
0.8010222920246759 0.48866372191666513 0.8071544437544784 0.08486444555139282 38.79000000000112 
0.8698919532031145 0.5438666052813819 0.8126784520031273 0.08486444555139282 38.99500000000112 
0.9119648495993978 0.6094270164451805 0.8154079046945927 0.08486444555139282 39.19000000000112 
0.9315261866955552 0.6909468956394782 0.8176048149267234 0.08486444555139282 39.39500000000112 
0.925284103934124 0.7724066954787587 0.8204773554843632 0.08486444555139282 39.59000000000112 
0.896969568837307 0.8508499079213047 0.8231824863463826 0.08486444555139282 39.78000000000112 
0.8539797332167105 0.9173230073307943 0.8239930155837986 0.08486444555139282 39.97500000000112 
0.7924885286569644 0.97338498413543 0.8235177863840838 0.08486444555139282 40.195000000001116 
0.7255016434172669 1.0035013048842047 0.8204924943019288 0.08486444555139282 40.390000000001116 
0.6429701502262746 1.0206292339201568 0.8177992321747574 0.08486444555139282 40.595000000001114 
0.5618480128614993 1.0202888758242692 0.8185818528238893 0.08486444555139282 40.790000000001115 
0.47973865642911945 0.999422949965379 0.819840960653565 0.08486444555139282 40.99500000000111 
0.40315020974289095 0.9626858060876641 0.8213740857433397 0.08486444555139282 41.19000000000111 
0.33200009693954974 0.9125466677294205 0.8221218537618896 0.08486444555139282 41.39500000000111 
0.2741634274782865 0.8540943053787798 0.8219177991656985 0.08486444555139282 41.60500000000111 
0.22232798546042204 0.7812809560463292 0.8206184978632198 0.08486444555139282 41.79500000000111 
0.18610538957570408 0.7057697879528366 0.8180174427355242 0.08486444555139282 41.99000000000111 
0.16320720042333922 0.6229576372505012 0.8155433598478996 0.08486444555139282 42.18000000000111 
0.14931019950249827 0.5356048608997935 0.8160782636607452 0.08486444555139282 42.40000000000111 
0.13884009065668293 0.4545497679188628 0.8238586314031258 0.08486444555139282 42.58000000000111 
0.12382836825197989 0.3635206201974972 0.8264710617369436 0.08486444555139282 42.805000000001115 
0.10036816949145595 0.277295618069603 0.8223318714168877 0.08486444555139282 43.000000000001116 
0.06557171556091333 0.19462850543926202 0.8157771955882716 0.08486444555139282 43.19000000000111 
0.021661375426551915 0.12154221656089866 0.8102159603141075 0.08486444555139282 43.41000000000111 
-0.027609271748908322 0.055305630653166994 0.8100486105104097 0.08486444555139282 43.58500000000111 
-0.07672353638170777 -0.013038861530092788 0.8071610053200238 0.08486444555139282 43.78000000000111 
-0.11120667505932565 -0.08511671689941734 0.8039348717037582 0.08486444555139282 43.98500000000111 
-0.12418629249631156 -0.16996043479730719 0.8033385221941224 0.08486444555139282 44.19500000000111 
-0.11327021675886856 -0.25094468144750454 0.7994319637148732 0.08486444555139282 44.36000000000111 
-0.09362136535028075 -0.3222133343549943 0.7773049864477222 0.08486444555139282 44.36000000000111 
-0.140989354670759 -0.3582024759472025 0.752065178646436 0.08486444555139282 44.36000000000111 
-0.2337423241092115 -0.39451427376967585 0.7422190990039526 0.08486444555139282 44.36000000000111 
-0.3213503927321241 -0.42880382646009124 0.744737195449128 0.08486444555139282 44.36000000000111 
-0.39056765330565985 -0.4595044696411876 0.758100931871612 0.08486444555139282 44.36000000000111 
-0.44866773744766814 -0.48532764614186785 0.7734777905391391 0.08486444555139282 44.36000000000111 
-0.5012706990538411 -0.5082556788274264 0.7953909649182545 0.08486444555139282 44.36000000000111 
-0.5510734439291357 -0.529949556112152 0.8181021073395941 0.08486444555139282 44.36000000000111 
-0.5975372348572604 -0.5492062689157609 0.83689790206009 0.08486444555139282 44.36000000000111 
-0.6391046504510294 -0.5673498301996058 0.8505819388910936 0.08486444555139282 44.36000000000111 
-0.6761592706981376 -0.5838257318235004 0.8585000234510877 0.08486444555139282 44.36000000000111 
-0.7090993049585291 -0.598558655647023 0.8642070259727691 0.08486444555139282 44.36000000000111 
-0.7386816347270398 -0.611107703866719 0.8681590522990401 0.08486444555139282 44.36000000000111 
-0.7689499591679698 -0.6223668638783524 0.8684305952690864 0.08486444555139282 44.36000000000111 
-0.7959694533004807 -0.6329107153596008 0.8682388074172251 0.08486444555139282 44.36000000000111 
-0.8193086708767773 -0.6427108480437231 0.8672725213285276 0.08486444555139282 44.36000000000111 
-0.839561884194847 -0.6519797394184098 0.8652854490480312 0.08486444555139282 44.36000000000111 
-0.8582457817734288 -0.6602333877041228 0.8631250850860713 0.08486444555139282 44.36000000000111 
-0.8762728855236815 -0.6677097232383945 0.8596870073313453 0.08486444555139282 44.36000000000111 
-0.8934681673966355 -0.674822842311217 0.8550441408062577 0.08486444555139282 44.36000000000111 
-0.9096281258103773 -0.6811331357460714 0.8516444112476563 0.08486444555139282 44.36000000000111 
-0.924730821529069 -0.6872470392832011 0.8488803990092338 0.08486444555139282 44.36000000000111 
-0.9378997294737995 -0.6932736514990493 0.8390449712983955 0.08486444555139282 44.36000000000111 
-0.9539922392463173 -0.7005406241893324 0.7709355492746325 0.08486444555139282 44.36000000000111 
-0.9741215059030477 -0.7083919938332274 0.6813304245759155 0.08486444555139282 44.36000000000111 
-0.9929034202788822 -0.7146820500506103 0.6074424570531233 0.08486444555139282 44.36000000000111 
-1.0076056794960477 -0.7198080679680917 0.5407858076330281 0.08486444555139282 44.36000000000111 
-1.0175538841784826 -0.7241313570091523 0.4782073890363085 0.08486444555139282 44.36000000000111 
-1.0247410321311712 -0.7263138134903727 0.42591863676478847 0.08486444555139282 44.36000000000111 
-1.0296965020958968 -0.7269207060289887 0.3794158954957269 0.08486444555139282 44.36000000000111 
-1.033622233762593 -0.7278682180386278 0.33930973923574476 0.08486444555139282 44.36000000000111 
-1.036587384478793 -0.730346937518424 0.30568447274441957 0.08486444555139282 44.36000000000111 
-1.0379829053722436 -0.7323868490324281 0.2729917625512001 0.08486444555139282 44.36000000000111 
-1.0384883543011185 -0.7352076677474411 0.24658783555856015 0.08486444555139282 44.36000000000111 
-1.0396180812506648 -0.7372998637936287 0.2253871272207016 0.08486444555139282 44.36000000000111 
-1.0419501135762423 -0.7387302405002888 0.20232322677340878 0.08486444555139282 44.36000000000111 
-1.0459424037042042 -0.7401525287348294 0.18039049176741104 0.08486444555139282 44.36000000000111 
-1.0493682671038629 -0.7421364963475265 0.1598968809571977 0.08486444555139282 44.36000000000111 
-1.0512191937655757 -0.7448180889385012 0.14149145726464712 0.08486444555139282 44.36000000000111 
-1.0519843227499504 -0.7456688074862726 0.11168899539192657 0.08486444555139282 44.36000000000111 
-1.0545155410243732 -0.7433469962106701 0.04899874996919456 0.08486444555139282 44.36000000000111 
-1.0570680446554888 -0.7383419174053573 0.0012296369641505139 0.08486444555139282 44.36000000000111 
