-1.0635148488536523 -0.730711334056469 -0.002085276630487173 -0.005517805106651857 23.695000000000903 
-1.0635148488536523 -0.730711334056469 -0.002085276630487173 -0.005517805106651857 23.695000000000903 
-1.0635681244673045 -0.7305604519782772 -0.0019811955157455503 -0.005517805106651857 23.87500000000093 
-1.0635244269049895 -0.7305649816909245 -0.0019698188929791545 -0.005517805106651857 24.08000000000096 
-1.063565979141669 -0.7305516129177758 -0.002040296928038532 -0.005517805106651857 24.27500000000099 
-1.0635758635953472 -0.7308806404991511 -0.0023230524477826256 -0.005517805106651857 24.48000000000102 
-1.0633481062727068 -0.7307662637757627 -0.0021618578157938497 -0.005517805106651857 24.67500000000105 
-1.0635167274139714 -0.7308031000618056 -0.002126042703865232 -0.005517805106651857 24.88000000000108 
-1.0636011134836814 -0.730614842712404 -0.001968457139219887 -0.005517805106651857 25.075000000001108 
-1.0634501675893013 -0.7305575531612687 -0.0018993206663664621 -0.005517805106651857 25.280000000001138 
-1.063445444945413 -0.7309397125314888 -0.0021563067743142258 -0.005517805106651857 25.475000000001167 
-1.0635185027760876 -0.7305404081481766 -0.0019950982310780164 -0.005517805106651857 25.680000000001197 
-1.06345380847988 -0.7307144375771536 -0.0021042027063789223 -0.005517805106651857 25.875000000001226 
-1.0635145323738757 -0.7305915902915325 -0.001978834650355304 -0.005517805106651857 26.080000000001256 
-1.063681217941421 -0.7306066883789061 -0.0019801893941012974 -0.005517805106651857 26.275000000001285 
-1.0634347148481669 -0.7307363669028835 -0.0021074626011203757 -0.005517805106651857 26.480000000001315 
-1.063576105249816 -0.7306319173788968 -0.0017539815564024898 -0.005517805106651857 26.675000000001344 
-1.0634181916366576 -0.7306801408853633 -0.0020818263141132868 -0.005517805106651857 26.880000000001374 
-1.0635801824699478 -0.7304874861406481 -0.0020599923682607228 -0.005517805106651857 27.075000000001403 
-1.0634062304188003 -0.7307827052543993 -0.002220770118751669 -0.005517805106651857 27.280000000001433 
-1.0637185085923488 -0.7305753011588709 -0.0019937774405760947 -0.005517805106651857 27.47500000000146 
-1.0635149262003083 -0.730973545026694 -0.0022250355643337045 -0.005517805106651857 27.680000000001492 
-1.0635214183034696 -0.730536249314837 -0.0019633302165501516 -0.005517805106651857 27.87500000000152 
-1.0634926383151329 -0.7307038625378636 -0.0021109436967603444 -0.005517805106651857 28.08000000000155 
-1.0634579634009702 -0.7307481286748504 -0.0021737051127794 -0.005517805106651857 28.27500000000158 
-1.0636949354413614 -0.7305790996993088 -0.001996671437938666 -0.005517805106651857 28.460000000001607 
-1.0635741808555088 -0.7307622759261365 -0.002132940342495173 -0.005517805106651857 28.680000000001638 
-1.0635220288758633 -0.7308191832494437 -0.0021211008102980087 -0.005517805106651857 28.875000000001666 
-1.0635148521480147 -0.7307307532161684 -0.002045498012763618 -0.005517805106651857 29.080000000001696 
-1.0656856211402557 -0.7362468935210779 0.03516818910868031 -0.005517805106651857 29.275000000001725 
-1.0655775733799717 -0.7506212609829318 0.15464296973219663 -0.005517805106651857 29.480000000001755 
-1.063859239915849 -0.7572503762559041 0.30752148505103594 -0.005517805106651857 29.685000000001786 
-1.061903506724994 -0.7610118834913464 0.4703054443127553 -0.005517805106651857 29.880000000001814 
-1.063045692727257 -0.7634875365774261 0.6350494298151665 -0.005517805106651857 30.085000000001845 
-1.0667599858334065 -0.7664018898082072 0.7539414553794888 -0.005517805106651857 30.280000000001873 
-1.071744395512819 -0.8175968861894762 0.8159894803161394 -0.005517805106651857 30.485000000001904 
-1.0772294699456997 -0.9124659942950245 0.8378160333675673 -0.005517805106651857 30.680000000001932 
-1.0816194164384885 -1.0064811370318805 0.8436072192143622 -0.005517805106651857 30.885000000001963 
-1.0821783018678421 -1.0591959736873133 0.8431241086808747 -0.005517805106651857 31.08000000000199 
-1.0792974171546579 -1.077230487286289 0.8446473033376015 -0.005517805106651857 31.30500000000202 
-1.076182673763454 -1.0790194003903248 0.8526121418487786 -0.005517805106651857 31.475000000002048 
-1.0744909271892238 -1.0804936477858644 0.8637059918168357 -0.005517805106651857 31.680000000002078 
-1.0759071094671921 -1.0844788179075784 0.8735476485149779 -0.005517805106651857 31.88500000000211 
-1.0780779367994335 -1.0871864768538186 0.8806385769876269 -0.005517805106651857 32.08000000000211 
-1.0788324947427061 -1.088659974236581 0.8908403964551588 -0.005517805106651857 32.27500000000207 
-1.0785036344423462 -1.0886388945999357 0.9073080844011582 -0.005517805106651857 32.49500000000204 
-1.079311055831194 -1.0879721700262173 0.9196632292449153 -0.005517805106651857 32.685000000002 
-1.0803313210264842 -1.0872568187613696 0.9260371332759442 -0.005517805106651857 32.880000000001964 
-1.0801220377480085 -1.08695227332331 0.9238321859860957 -0.005517805106651857 33.085000000001926 
-1.0790132257688185 -1.0870234110225845 0.9197653796050914 -0.005517805106651857 33.28000000000189 
-1.0778878519596233 -1.086856770306734 0.9149667276813932 -0.005517805106651857 33.485000000001854 
-1.077128366202701 -1.0864823996261608 0.9093525006440475 -0.005517805106651857 33.68000000000182 
-1.0769360672545476 -1.0858441587822514 0.9026442645909133 -0.005517805106651857 33.88500000000178 
-1.076868599635382 -1.0847110558714654 0.8981437461679479 -0.005517805106651857 34.08000000000175 
-1.076636532823211 -1.0841105104917148 0.893602271637219 -0.005517805106651857 34.28000000000172 
-1.0762228383211987 -1.0846368114655973 0.8881487513480886 -0.005517805106651857 34.48500000000168 
-1.0768564768644258 -1.0845594489496297 0.8811722372723941 -0.005517805106651857 34.67000000000165 
-1.0779232192891246 -1.083853123172044 0.8748422918964135 -0.005517805106651857 34.88500000000161 
-1.0787777027989371 -1.083212406267162 0.8724877015651287 -0.005517805106651857 35.09500000000158 
-1.0789241622402603 -1.0833217860391748 0.869281184192722 -0.005517805106651857 35.29000000000155 
-1.0788885505680215 -1.083316600109284 0.8660446157033244 -0.005517805106651857 35.47000000000151 
-1.079061678958075 -1.0825851046060289 0.863062212035501 -0.005517805106651857 35.68500000000147 
-1.0791494414411493 -1.0812995355952322 0.8596143716033786 -0.005517805106651857 35.89500000000144 
-1.0791785520673138 -1.080463282611685 0.8561605589492879 -0.005517805106651857 36.0850000000014 
-1.0796039185583732 -1.0800406063827726 0.8520774370866531 -0.005517805106651857 36.280000000001365 
-1.0797078127282385 -1.0807219936453527 0.848582499872126 -0.005517805106651857 36.48500000000133 
-1.0726049076034256 -1.0746992356393805 0.8464289297439052 -0.005517805106651857 36.68000000000129 
-1.0316580585947286 -1.0334855933356981 0.8402160340530898 -0.005517805106651857 36.87500000000126 
-0.9714005002361692 -0.9736415529474772 0.8377411127843778 -0.005517805106651857 37.080000000001256 
-0.9038921575474954 -0.9067498334272789 0.8362076395885188 -0.005517805106651857 37.285000000001254 
-0.8426415405382838 -0.8467727214151811 0.8347363042393852 -0.005517805106651857 37.495000000001255 
-0.7890061146091482 -0.7942246434491744 0.8346614678155214 -0.005517805106651857 37.675000000001255 
-0.729536668181656 -0.7348276614830381 0.8327264968134476 -0.005517805106651857 37.895000000001254 
-0.6755857868446871 -0.6809176768461815 0.8305981715157544 -0.005517805106651857 38.08500000000125 
-0.6138539015914227 -0.6193816007552865 0.8269948440332276 -0.005517805106651857 38.29500000000125 
-0.5579440835666514 -0.5656949618513866 0.8242665594134861 -0.005517805106651857 38.48500000000125 
-0.5001639436695904 -0.5105252229105924 0.8257779742898229 -0.005517805106651857 38.68000000000126 
-0.4413617026723895 -0.453398139718036 0.8264321321634225 -0.005517805106651857 38.86500000000126 
-0.37927543747337966 -0.39213041106117197 0.8254499580074806 -0.005517805106651857 39.08500000000126 
-0.3222124198999055 -0.33479267029581256 0.8230667874711465 -0.005517805106651857 39.28000000000126 
-0.2615996539151167 -0.2743051856558242 0.8193720342926266 -0.005517805106651857 39.47500000000126 
-0.19901545365209108 -0.212418767551044 0.8163810966500632 -0.005517805106651857 39.69500000000126 
-0.14481682078628966 -0.1594251583133134 0.816465445912096 -0.005517805106651857 39.87500000000126 
-0.08596284500397675 -0.10137127168104554 0.8162476708692789 -0.005517805106651857 40.08000000000126 
-0.028576212301273992 -0.04276309016479478 0.8134572177098325 -0.005517805106651857 40.28500000000126 
0.02707273523845913 0.015159724240330134 0.8121692670236503 -0.005517805106651857 40.48000000000126 
0.08755156539354286 0.07937796822924985 0.811897445290911 -0.005517805106651857 40.67500000000126 
0.14381458234235997 0.13923975810387101 0.8126740170197068 -0.005517805106651857 40.88000000000126 
0.1973688848479825 0.19607876210465444 0.812678474287156 -0.005517805106651857 41.07500000000126 
0.2508054041845639 0.2536016993137075 0.8089403401285127 -0.005517805106651857 41.30000000000126 
0.3042802592166999 0.31322586635606603 0.8048946374137177 -0.005517805106651857 41.47500000000126 
0.3580211435631684 0.3760478099459603 0.7943222577202261 -0.005517805106651857 41.68000000000126 
0.4042386319379241 0.43823791629124714 0.7823589644607112 -0.005517805106651857 41.87500000000126 
0.44486876729350255 0.5061926308802922 0.7764984437155795 -0.005517805106651857 42.08500000000126 
0.4777537465286524 0.5790009546209525 0.7772459188325258 -0.005517805106651857 42.28000000000126 
0.5020230758859092 0.6628111579832962 0.7804687153206318 -0.005517805106651857 42.48500000000126 
0.509841539342435 0.7491577001607741 0.7830884929937041 -0.005517805106651857 42.69500000000126 
0.5031276583005828 0.8327437680931599 0.7864500310109631 -0.005517805106651857 42.885000000001256 
0.48167085220429356 0.9193227024465719 0.7900139113563313 -0.005517805106651857 43.10000000000126 
0.44835641080789607 0.9933041354538705 0.7934352849913733 -0.005517805106651857 43.29500000000126 
0.4018058456406358 1.0705146399254948 0.7952965762275647 -0.005517805106651857 43.480000000001255 
0.34571374053230036 1.1463229965988107 0.7977895004035834 -0.005517805106651857 43.68500000000125 
0.2878758183645364 1.2139633506955523 0.807522677489664 -0.005517805106651857 43.895000000001254 
0.23632928826034694 1.2759039141341855 0.8127175330500033 -0.005517805106651857 44.07000000000125 
0.18893927336761793 1.3478030161171646 0.8106437765220315 -0.005517805106651857 44.28000000000125 
0.15725216370784245 1.426482673015046 0.8053591683436928 -0.005517805106651857 44.47500000000125 
0.14943957948828918 1.512127703243482 0.8031934130652043 -0.005517805106651857 44.68000000000125 
0.16985275089356233 1.5928610996512578 0.8039152077152003 -0.005517805106651857 44.87500000000125 
0.21166638282164965 1.6638719737690992 0.8058733922045992 -0.005517805106651857 45.08000000000125 
0.27054258805123016 1.7152867225368282 0.806980511427606 -0.005517805106651857 45.28500000000125 
0.3419650243267877 1.7445744853372143 0.8057265503567158 -0.005517805106651857 45.48500000000122 
0.34570793981695896 1.7007393095017294 0.7715270568195195 -0.005517805106651857 45.680000000001186 
0.23999908775177106 1.5408622697688272 0.7062295115794728 -0.005517805106651857 45.88500000000115 
0.12505232085600582 1.326645837376979 0.6720511372237135 -0.005517805106651857 46.080000000001114 
0.021539984407395 1.1063083351115348 0.6642100587912566 -0.005517805106651857 46.27500000000108 
-0.08465952136524964 0.9465026543037656 0.6758404332373449 -0.005517805106651857 46.48000000000104 
-0.18674687998942216 0.8222743642510738 0.7006326833348772 -0.005517805106651857 46.675000000001006 
-0.2861062030091262 0.6908012689626053 0.7296350346302968 -0.005517805106651857 46.89500000000097 
-0.38393041075032874 0.5467682917047035 0.7653182883712284 -0.005517805106651857 47.08500000000093 
-0.4648076152976114 0.4218702811646829 0.7966820825635572 -0.005517805106651857 47.280000000000896 
-0.5364543262278868 0.3096468604338417 0.8299965667034556 -0.005517805106651857 47.48500000000086 
-0.5972761354474112 0.21394157083523246 0.8563925882260923 -0.005517805106651857 47.670000000000826 
-0.6544482706094277 0.12374762391715885 0.8752992452367391 -0.005517805106651857 47.87500000000079 
-0.7050302499531951 0.04189720680039897 0.8883999239575526 -0.005517805106651857 48.085000000000754 
-0.7478669014577211 -0.027942555019293627 0.8969997137162113 -0.005517805106651857 48.28000000000072 
-0.7885935280770607 -0.09524422939353772 0.9048894832235691 -0.005517805106651857 48.48500000000068 
-0.8254292723624977 -0.15658387208835053 0.9088475097071449 -0.005517805106651857 48.67500000000065 
-0.8568099294189732 -0.2100957307635356 0.9098660080600399 -0.005517805106651857 48.895000000000614 
-0.887490313921335 -0.26212071598594855 0.9085064726095968 -0.005517805106651857 49.085000000000576 
-0.9112425640557444 -0.3029389916235978 0.9052172653281824 -0.005517805106651857 49.28000000000054 
-0.9326674886494736 -0.34102079336431584 0.9011118150862223 -0.005517805106651857 49.485000000000504 
-0.9507909951538707 -0.3745506655143579 0.8961330715404032 -0.005517805106651857 49.68000000000047 
-0.9684078550536624 -0.4067596503551974 0.8910670761253722 -0.005517805106651857 49.88500000000043 
-0.9841711243220274 -0.4344573705314478 0.8869568526070333 -0.005517805106651857 50.080000000000396 
-0.9996986391872134 -0.4611844958832507 0.8818270350977422 -0.005517805106651857 50.28500000000036 
-1.0132489494373151 -0.4858142019068259 0.8769086600744977 -0.005517805106651857 50.480000000000324 
-1.02420163701409 -0.5057940915195992 0.8734012580597039 -0.005517805106651857 50.67500000000029 
-1.0350255968667017 -0.5264483003713618 0.8696410555653609 -0.005517805106651857 50.89000000000025 
-1.0443288799721877 -0.5437979915802503 0.8665013107523076 -0.005517805106651857 51.085000000000214 
-1.0531412838063832 -0.5594051443350004 0.8615194710035781 -0.005517805106651857 51.28000000000018 
-1.061554972963824 -0.5744933159957049 0.8561024987472475 -0.005517805106651857 51.47500000000014 
-1.0686929283802207 -0.5884465138475209 0.8513060460836157 -0.005517805106651857 51.680000000000106 
-1.0753900538894257 -0.6015837738840952 0.8448097721360577 -0.005517805106651857 51.880000000000074 
-1.0807403396397464 -0.6162069174020557 0.7903582021134805 -0.005517805106651857 52.085000000000036 
-1.0835868545319993 -0.6345597487005177 0.7014117061399061 -0.005517805106651857 52.29 
-1.0864129431122196 -0.6529885463981836 0.6199464522206498 -0.005517805106651857 52.484999999999964 
-1.087988194339577 -0.6705600677781701 0.5493958156330871 -0.005517805106651857 52.69499999999993 
-1.0888446127767246 -0.6849203436992284 0.4887701809683669 -0.005517805106651857 52.87499999999989 
-1.0903689518766062 -0.6941832234924122 0.43615929980544527 -0.005517805106651857 53.07999999999986 
-1.0904347500033038 -0.7018222868444389 0.39010159828652013 -0.005517805106651857 53.26999999999983 
-1.0911648683452506 -0.7073040267832319 0.3479804100940093 -0.005517805106651857 53.4799999999998 
-1.0938701974142182 -0.709443939655006 0.31058448408099526 -0.005517805106651857 53.67499999999976 
-1.095012058055214 -0.71100177370524 0.2761277960961837 -0.005517805106651857 53.88499999999973 
-1.0961543809610879 -0.7124186313093263 0.2461791261175485 -0.005517805106651857 54.07999999999969 
-1.09654095484023 -0.713727446899108 0.22087903245975463 -0.005517805106651857 54.299999999999656 
-1.097426042532161 -0.7150606037066667 0.19799495050012214 -0.005517805106651857 54.47999999999962 
-1.0992998470063673 -0.7163188730715924 0.17539548545884295 -0.005517805106651857 54.674999999999585 
-1.101720341787889 -0.716198239315707 0.15688699473931775 -0.005517805106651857 54.87999999999955 
-1.1029870053443374 -0.7156419972564312 0.14175536989026985 -0.005517805106651857 55.06999999999952 
-1.1032451496868707 -0.715110289489087 0.11738203548134125 -0.005517805106651857 55.28499999999948 
-1.0999723739446399 -0.7160680098500349 0.06460837853884073 -0.005517805106651857 55.47999999999944 
-1.0937814996880681 -0.7180811742835157 0.01482113556916563 -0.005517805106651857 55.68999999999941 
-1.0887083002903226 -0.7202688619988765 0.015148150887426184 -0.005517805106651857 55.88499999999937 
-1.087007221108881 -0.7208143238907767 0.02112384351385234 -0.005517805106651857 56.07999999999934 
-1.088797039862716 -0.7203343330836345 0.009856793244050407 -0.005517805106651857 56.2849999999993 
