-0.4220566360289906 0.020191374337408186 16.37999999999981 -0.2739966775998498 0.39568288981087674 39.6753401052586 
-0.4220566360289906 0.020191374337408186 16.37999999999981 -0.2739966775998498 0.39568288981087674 39.6753401052586 
-0.5235935576747309 0.02375481143270102 16.39499999999981 -0.2654554518618943 0.39568288981087674 38.43855125424897 
-0.582270231135784 0.024017893262481597 16.419999999999813 -0.2511532732982132 0.39568288981087674 36.36756337318826 
-0.615582031575405 0.0211554323268176 16.434999999999814 -0.23919818474242732 0.4387464593889654 31.236825186050343 
-0.630624995652563 0.017135538711780078 16.459999999999816 -0.23264017204689666 0.4732736589392764 28.16404368110998 
-0.6360282349865228 0.011587553458080699 16.48499999999982 -0.23369634260127858 0.4732736589392764 28.291906523398108 
-0.6576649066293647 0.012828120280660453 16.49999999999982 -0.23018853959101865 0.5005658472666464 26.347845908512145 
-0.6625417317585757 0.0052033538813240346 16.51499999999982 -0.23811783288783805 0.5005658472666464 27.255448860071716 
-0.6594674545736734 0.007498412832861932 16.54499999999982 -0.23423039023721165 0.5005658472666464 26.81048431006039 
-0.6594674545736734 0.007498412832861932 16.54499999999982 -0.23423039023721165 0.521981097985975 25.71053405204933 
-0.6643520099749521 0.008737294947217394 16.57499999999982 -0.2287816445796602 0.4688578343522632 27.957776758888667 
-0.6614605894594552 0.004189523587036191 16.599999999999824 -0.23012465874629295 0.4688578343522632 28.121896963215942 
-0.6719415768469655 0.015733500941881175 16.614999999999824 -0.21707934665366832 0.4688578343522632 26.527722203672948 
-0.6630309147581338 0.012920874486081334 16.639999999999826 -0.21028269273546304 0.4780584267425094 25.2025905713775 
-0.6671562501318336 0.017871871016763047 16.66499999999983 -0.1990213572740229 0.48350460055966904 23.58423020498137 
-0.6607918286942887 0.010348588536501661 16.67999999999983 -0.2022782995434419 0.48350460055966904 23.970181126522682 
-0.6613345257150957 0.015081150727128017 16.69499999999983 -0.19254048293417733 0.4880494133393993 22.6037707576698 
-0.6627487414240996 0.01956724430955472 16.72499999999983 -0.1789516992085819 0.4880494133393993 21.008481561714476 
-0.6653478012164082 0.02195655446406703 16.73999999999983 -0.16675023509212622 0.4880494133393993 19.576060215339314 
-0.6692270816188196 0.026322620421793452 16.754999999999832 -0.1527024462211479 0.4930005312155319 17.74684840242127 
-0.66108554199712 0.027996574546912935 16.779999999999834 -0.14372302218044325 0.524423476296864 15.702429357191916 
-0.6575196588220774 0.031102243908245657 16.794999999999835 -0.13169624640967154 0.524423476296864 14.388446433160228 
-0.6625395276715083 0.03217790154360897 16.819999999999837 -0.12290161461442244 0.524423476296864 13.427590737306343 
-0.6677034219022162 0.035522525190873476 16.834999999999837 -0.10918945845444061 0.5286003077206392 11.83520903295574 
-0.6627170635146794 0.043099141321955595 16.85999999999984 -0.09277351287592302 0.5298409428995389 10.03231405505189 
-0.6608464556600303 0.04729374697732711 16.88499999999984 -0.07679181445070915 0.5298409428995389 8.304089988024197 
-0.6621676980370512 0.054101633837326614 16.899999999999842 -0.05528253461018803 0.5277679386639396 6.001607301057708 
-0.6566381362884837 0.06078519851001546 16.929999999999843 -0.037196595679598043 0.5277679386639396 4.038153492405653 
-0.6480943791389765 0.0641164262258882 16.944999999999844 -0.02212652267337703 0.5277679386639396 2.4021094720046667 
-0.6505801288713501 0.07181271164823551 16.959999999999845 0.0003879511209420039 0.5234442058714989 -0.042464815997605994 
-0.6507780495681416 0.080868511635213 16.974999999999845 0.02203842657972971 0.37917759274318197 -3.3301251294737835 
-0.6473280583472629 0.08509276737236321 16.999999999999847 0.03804084455127493 0.37917759274318197 -5.748176800567229 
-0.6473712113784352 0.08984582103291579 17.00999999999985 0.06076639102498965 0.37529323392709246 -9.277166298846536 
-0.6457895464055424 0.09174609268811834 17.03999999999985 0.07131294664416596 0.3756220801078923 -10.877770726839884 
-0.6442000245544943 0.09650534234576878 17.05499999999985 0.08554229773169592 0.3756220801078923 -13.048254853574862 
-0.6434214379535398 0.10136755367559554 17.079999999999853 0.09669003410483012 0.3756220801078923 -14.74868270148413 
-0.6475997668908752 0.10938033414103786 17.104999999999855 0.11564824557927814 0.3756220801078923 -17.640486890125963 
-0.6475997668908752 0.10938033414103786 17.104999999999855 0.11564824557927814 0.38328318624082336 -17.28788691404217 
-0.6524278936733062 0.10809568751759051 17.134999999999856 0.12415962863911245 0.3980753279062535 -17.8705441112092 
-0.6537164413812346 0.11002849178672611 17.154999999999855 0.1347974751520466 0.3980753279062535 -19.401670673372386 
-0.6642927437054558 0.11095540240477213 17.179999999999858 0.14344655486674213 0.4485642198079387 -18.322643261816992 
-0.6681813977598816 0.11487678253292077 17.194999999999858 0.15564270396011928 0.4485642198079387 -19.880475649032395 
-0.6692791484297338 0.11289719710139777 17.21999999999986 0.16115354621686773 0.4665333778166763 -19.791548666902102 
-0.6734081062940792 0.1141815028243852 17.23499999999986 0.16292485840840232 0.4665333778166763 -20.009086612954228 
-0.6773960800488097 0.1177941564457924 17.259999999999863 0.16890263333486635 0.4818873264323801 -20.08230453035468 
-0.6760894337201678 0.12424080366224584 17.274999999999864 0.18319952711388807 0.49388776479688484 -21.25292517974214 
-0.6723197156958967 0.11899429887990054 17.299999999999866 0.17865882238050487 0.49388776479688484 -20.72615931149892 
-0.6885337676279943 0.13668841058382447 17.314999999999866 0.2070703586271614 0.49388776479688484 -24.022173573131518 
-0.6783883059896461 0.1231434913166632 17.329999999999867 0.19937139374758056 0.49388776479688484 -23.129018841102795 
-0.6787812441018864 0.12755374982123602 17.359999999999868 0.20418843555202962 0.5030214823245377 -23.257725551693834 
-0.6677656400861336 0.12680310346607163 17.36999999999987 0.20309240447713295 0.5030214823245377 -23.132884054832573 
-0.6684275640986513 0.12960195017583348 17.39999999999987 0.20361824107185378 0.37978576691921406 -30.71854414116631 
-0.6708375945625616 0.13147580785295998 17.409999999999872 0.20834934881080625 0.38639212755212954 -30.894879838222632 
-0.6713453208319119 0.12835757702738684 17.439999999999873 0.20373638038452868 0.38639212755212954 -30.210850317416334 
-0.6666551266575778 0.1327907412668238 17.454999999999874 0.2048112191571562 0.39436224433721306 -29.756445053091195 
-0.668369487506248 0.13320249681001742 17.479999999999876 0.20351924781377595 0.39436224433721306 -29.568738176252754 
-0.6697013587629423 0.137941074103544 17.504999999999878 0.2125223064905894 0.406836898514498 -29.930006985004553 
-0.6676841323773796 0.12677473228456188 17.53499999999988 0.19785464910066286 0.42450231686617557 -26.7047690910097 
-0.6676841323773796 0.12677473228456188 17.53499999999988 0.19785464910066286 0.42450231686617557 -26.7047690910097 
-0.6763649028963715 0.131799649321615 17.56499999999988 0.19865235060590739 0.5032133040855287 -22.618522180679594 
-0.688808428701889 0.13439017559063499 17.57999999999988 0.20444823677749016 0.5032133040855287 -23.278440774790308 
-0.6805487397722053 0.11492999207782775 17.589999999999883 0.1814528014455212 0.5032133040855287 -20.66018449680466 
-0.6739507231305982 0.11875654758759993 17.619999999999884 0.1729975421928464 0.522374209353581 -18.97495867196862 
-0.6764743385849432 0.12309197170822517 17.634999999999884 0.17196260199153482 0.522374209353581 -18.861442911577324 
-0.6779997589968936 0.12378841243355093 17.644999999999886 0.1721628281923067 0.5362731877302124 -18.393989612282365 
-0.6752657025982737 0.12072877396277726 17.674999999999887 0.16253069758185176 0.5427528870800383 -17.157574348165518 
-0.6716688408028885 0.12406985203740405 17.69999999999989 0.1609030363600577 0.5427528870800383 -16.985750078399533 
-0.6656421342423423 0.12828210786610036 17.72999999999989 0.16225862944345154 0.5427528870800383 -17.12885343955059 
-0.6593692777051332 0.1289336829920578 17.739999999999892 0.16194177121819264 0.5441028264172957 -17.05298992613475 
-0.6518508667204939 0.12748923326448822 17.754999999999892 0.15929595142166714 0.48569354394362474 -18.791655404507285 
-0.6420933046017631 0.12642673878049812 17.784999999999894 0.1543265331464185 0.48569354394362474 -18.205428353813822 
-0.6333830969253739 0.12753741600435448 17.794999999999895 0.1468173402410082 0.4862688442372047 -17.299101217026703 
-0.6316462276123649 0.13111770202113882 17.824999999999896 0.1468004316630643 0.4862688442372047 -17.297108923740314 
-0.6291335370889228 0.13588155373054314 17.839999999999897 0.15310504763043092 0.4862688442372047 -18.039965248306085 
-0.625132342564805 0.12622920797834963 17.854999999999897 0.14342672029625564 0.48937461914124386 -16.79234153336215 
-0.6120167220981686 0.13715437728872293 17.8649999999999 0.14585875829571318 0.48937461914124386 -17.077083543948806 
-0.6133167225782598 0.13934152849312567 17.8949999999999 0.14932056240304084 0.49492603671683233 -17.286296103894408 
-0.6120929836729547 0.13747753085914102 17.9049999999999 0.15035001070088233 0.49492603671683233 -17.405471573191832 
-0.6050362646157326 0.13411636822133793 17.939999999999902 0.1473063127941188 0.5012559509913567 -16.83776522162926 
-0.6043167716691312 0.14583587305054577 17.954999999999902 0.1551095645110594 0.5012559509913567 -17.729711519672552 
-0.6036332094544784 0.13988229249311177 17.979999999999905 0.1502979663157344 0.409863054788082 -21.010527879229077 
-0.5969398123798297 0.13699018656541417 17.989999999999906 0.14617205836886532 0.409863054788082 -20.433756908404902 
-0.5873505915823485 0.1442394551700007 18.019999999999907 0.14778721793654284 0.41483564833302755 -20.411900201369093 
-0.5861779110145673 0.14632386462412128 18.04499999999991 0.15022585476355388 0.41483564833302755 -20.748716958835264 
-0.5924232082310583 0.14100241193853183 18.05999999999991 0.14909971397649444 0.41483564833302755 -20.593177977324572 
-0.5893912448450088 0.13632872686519087 18.07499999999991 0.1414672278042057 0.42139044799596076 -19.235070778525227 
-0.5849662640417065 0.14918214565706436 18.099999999999913 0.14984657309026608 0.4322757924086038 -19.861339365622957 
-0.581718552441328 0.15048578521073233 18.114999999999913 0.15452978071905032 0.4322757924086038 -20.48207278726035 
-0.5863194116277294 0.14896871863731487 18.144999999999914 0.1558442953216692 0.44789542521731396 -19.935949063980026 
-0.5842485106043386 0.1419829707864865 18.159999999999915 0.14819307560465955 0.44789542521731396 -18.957188011220367 
-0.5848385455505808 0.14979413635911226 18.169999999999916 0.15262753066281576 0.4071293694549108 -21.479446093980194 
-0.5897920479498003 0.15417916625184 18.184999999999917 0.15262753066281576 0.4071293694549108 -21.479446093980194 
-0.5924323035688424 0.14910296453744445 18.22499999999992 0.15175729115637965 0.42435000266622014 -20.490284526845663 
-0.5877376023658131 0.14078127202104926 18.23999999999992 0.14036559473492666 0.42435000266622014 -18.952176544419352 
-0.5834128317165993 0.1549175336994192 18.249999999999922 0.15158160326428904 0.4391375173973938 -19.77737217795222 
-0.5925863742555975 0.15541883292402942 18.279999999999923 0.15640394782667316 0.4391375173973938 -20.406560028764876 
-0.5901647081212785 0.15908051950969979 18.304999999999925 0.1630098792978139 0.4391375173973938 -21.268458586857097 
-0.5892406915107277 0.16117552738167767 18.319999999999926 0.1715025199527752 0.4533511891744311 -21.67496370098066 
-0.6006749307395116 0.16389058510014212 18.334999999999926 0.1814050126663927 0.4680881282024323 -22.204668270942772 
-0.5938751725028495 0.16153798222182358 18.349999999999927 0.18295134679308928 0.4680881282024323 -22.393945489993385 
-0.5961371607713927 0.15618532911515912 18.379999999999928 0.17636407421014472 0.44818854712106526 -22.54612969225157 
-0.5938875900161056 0.14970806334147496 18.39499999999993 0.1624724467091252 0.44818854712106526 -20.77024400421035 
-0.5956879439400055 0.15916690396731512 18.40499999999993 0.16671518238223376 0.46206486278794257 -20.672587553231782 
-0.5980358376760426 0.16230488247479033 18.43499999999993 0.1687817931417972 0.46206486278794257 -20.928846109021713 
-0.5925162195147063 0.16653762771213662 18.459999999999933 0.17548472099244028 0.46206486278794257 -21.760005340445023 
-0.5944216864943879 0.1764163633411039 18.474999999999934 0.19221363340087366 0.4742760435961981 -23.220717359533054 
-0.5933678447219561 0.1695812133340978 18.499999999999936 0.18849969891146995 0.4742760435961981 -22.772048752918632 
-0.5812218808153193 0.16505204895435766 18.514999999999937 0.18025329037391563 0.48505224977675165 -21.292041808949218 
-0.5870746226420278 0.16985152408878448 18.529999999999937 0.1837296426923138 0.49455211874361665 -21.285791120376395 
-0.5846496765035787 0.17789323509272545 18.55999999999994 0.1907039349562849 0.49455211874361665 -22.093789906897502 
-0.5790656895740715 0.17902280996069309 18.57499999999994 0.19588331225056277 0.4808765254707609 -23.33922841838309 
-0.5744010246993032 0.18502570528073875 18.59999999999994 0.19920540462535713 0.4808765254707609 -23.735051175674002 
-0.5750454651437509 0.20471365582740553 18.61499999999994 0.2264969437475446 0.4808765254707609 -26.986800689931776 
-0.5673927995962359 0.19088365851218178 18.639999999999944 0.21923771768395905 0.4961994829488815 -25.31521366914762 
-0.5641129877133187 0.18677936381190594 18.654999999999944 0.2108838075424298 0.4961994829488815 -24.35059397487343 
-0.5505965036417907 0.2104900534066014 18.664999999999946 0.22902548781891557 0.4961994829488815 -26.445400093858133 
-0.5469584518665216 0.21610605212969394 18.694999999999947 0.23665721189220645 0.5029857768410403 -26.957938091044454 
-0.533718137230724 0.22363114464768083 18.70499999999995 0.2526404611092876 0.5029857768410403 -28.77861128939205 
-0.5213980079678626 0.2298606707185779 18.73999999999995 0.2547761404662984 0.5091435053599564 -28.670890261147203 
-0.5213980079678626 0.2298606707185779 18.73999999999995 0.2547761404662984 0.5091435053599564 -28.670890261147203 
-0.5044522910600622 0.248283588321702 18.78999999999995 0.2652904613881216 0.5091435053599564 -29.854105222989183 
-0.5044522910600622 0.248283588321702 18.78999999999995 0.2652904613881216 0.4655278141489777 -32.65116137132335 
-0.4812666632359266 0.27346729701399697 18.80499999999995 0.2930047007313597 0.47026051318857476 -35.699218323841464 
-0.46315951451734155 0.29183987121686333 18.83499999999995 0.3077439028313533 0.47026051318857476 -37.4950188429919 
-0.4462112013426406 0.30468525733260404 18.859999999999953 0.31889787431127137 0.4755241077866192 -38.42392424387487 
-0.43706356319185613 0.3333190437779351 18.884999999999955 0.34252087818854543 0.4755241077866192 -41.270254008077565 
-0.412409605041913 0.3329556381659795 18.899999999999956 0.3413142784070381 0.4821794352142602 -40.55724116808641 
-0.4012049469215051 0.3474483036395226 18.909999999999958 0.3473228140295941 0.4821794352142602 -41.27121548363036 
-0.3930878643889043 0.35351419704604564 18.929999999999957 0.3461546474581373 0.4821794352142602 -41.1324061329516 
-0.38664753934999035 0.36516360590309493 18.95499999999996 0.35133171641528627 0.4902161194393842 -41.06316328949702 
-0.3651447245983931 0.37714247701256337 18.96999999999996 0.3445834064603243 0.41680750793842897 -47.36760855885072 
-0.35849502929173094 0.394773659638302 18.99999999999996 0.3475261962570952 0.41680750793842897 -47.77213446622483 
-0.3468095319289831 0.40516691240224784 19.009999999999962 0.34989841909743113 0.42396718870886513 -47.28597685503697 
-0.33097760204056287 0.41353478369901986 19.039999999999964 0.34030424503980694 0.42396718870886513 -45.98940085563045 
-0.31269526320238084 0.42140177595087863 19.054999999999964 0.3229388260038819 0.43122069874711694 -42.90849633306426 
-0.30271321850331606 0.4215768086644719 19.064999999999966 0.30382603534474795 0.43122069874711694 -40.36900265229446 
-0.29478298604928377 0.4329124581885189 19.099999999999966 0.29583105914602736 0.43122069874711694 -39.30671970802682 
-0.2777551973666091 0.42713063565539067 19.109999999999967 0.2661698003518562 0.4410382304311868 -34.57842232654375 
-0.27113047204710966 0.4382131607212794 19.13999999999997 0.254793545239895 0.4540893087816913 -32.149170894574034 
-0.25894513057755114 0.4329903618090223 19.15499999999997 0.229388908062732 0.4540893087816913 -28.943681440929197 
-0.2522018750827042 0.4367147734070788 19.18499999999997 0.21344124705839917 0.46896270018079655 -26.077303431041923 
-0.24090007325052232 0.44205250752740594 19.19999999999997 0.19263572597864864 0.46896270018079655 -23.53537728642402 
-0.22784236114176992 0.4419393005041187 19.224999999999973 0.17002965807040887 0.4245957102532122 -22.944136184694823 
-0.21211953584909315 0.44961567977086947 19.239999999999974 0.1425440324758383 0.4245957102532122 -19.235171855058773 
-0.2041181009867485 0.43145910851047653 19.254999999999974 0.11248429772974483 0.43662624887986395 -14.760623159833546 
-0.19285453030737726 0.4139724627499515 19.279999999999976 0.08164684986331922 0.4478080738430561 -10.44648406528281 
-0.17398632326570493 0.3900166276611487 19.294999999999977 0.03316932629103181 0.4478080738430561 -4.243921708375676 
-0.1679424930371491 0.3974316453386186 19.324999999999978 0.01106036170806557 0.4478080738430561 -1.4151420726334678 
-0.1551955855310887 0.3808068106464092 19.33499999999998 -0.029823513451672057 0.4478080738430561 3.8158343961241727 
-0.14521507357687824 0.36724441526040963 19.34999999999998 -0.057414551537938396 0.46016073488209985 7.148831346079687 
-0.13645796449337635 0.34590550262026915 19.37999999999998 -0.08065920247910441 0.46016073488209985 10.043081755178243 
-0.12005568925531568 0.3316667934086301 19.404999999999983 -0.11235564828195366 0.49773054860067223 12.933713771659683 
-0.10583529314921082 0.2999636846605779 19.419999999999984 -0.15305859727582735 0.49773054860067223 17.619195098135922 
-0.09393890391012061 0.2750520543474815 19.444999999999986 -0.18046394658528994 0.5120098686142256 20.19457656469897 
-0.07615408560218478 0.23436401915631788 19.459999999999987 -0.22007421063440924 0.5120098686142256 24.627110182763406 
-0.0725081924502198 0.2335476913688497 19.48499999999999 -0.23299993802728713 0.5249835320534219 25.42920350959659 
-0.05751191849579124 0.21321828479064836 19.49999999999999 -0.2581083712383865 0.5343182978301114 27.677360833443622 
-0.05751191849579124 0.21321828479064836 19.49999999999999 -0.2581083712383865 0.5343182978301114 27.677360833443622 
-0.042406839616081965 0.1748330740361496 19.51999999999999 -0.27709069832095096 0.5343182978301114 29.712865197761 
-0.029395544139351203 0.16117345059494237 19.54499999999999 -0.28786836441545893 0.5399786361491595 30.544990546225407 
-0.012267404780956552 0.1298925179127622 19.574999999999992 -0.29986698692976105 0.4534681256740591 37.888247913436054 
0.0064144671891533354 0.1367354986479028 19.599999999999994 -0.31274432677120156 0.4534681256740591 39.51530212628393 
0.0196368882964454 0.12700239914369035 19.609999999999996 -0.3231495687705658 0.4534681256740591 40.83000633066356 
0.02999653685960424 0.08280548631178673 19.624999999999996 -0.32099503122406586 0.45718500029469333 40.22804886851956 
0.03856474017702175 0.07405651317157616 19.654999999999998 -0.3132820867796273 0.46416953085308815 38.670658404773725 
0.052062311364964906 0.028276643526071524 19.68 -0.31017875386751564 0.4744676257704387 37.45657770090806 
0.0694692101836888 -0.006912080637352859 19.69 -0.30876575283840585 0.4744676257704387 37.28594646914768 
0.07200670800933652 0.011862288588468158 19.725 -0.29945711549106785 0.4744676257704387 36.16185368799264 
0.08069112396941068 -0.013596563740462381 19.735000000000003 -0.29871416330444023 0.4859670616281009 35.21856148189695 
0.08129046980663626 -0.049833939127691795 19.750000000000004 -0.29678095282824046 0.40112473916663616 42.39154152460636 
0.08664511637879456 -0.05187615832945615 19.780000000000005 -0.2890408916407055 0.40112473916663616 41.28596813080344 
0.09607696038656055 -0.016270676148181153 19.790000000000006 -0.2863017895916002 0.40112473916663616 40.894720791146895 
0.10064440849738027 -0.05628713968614799 19.805000000000007 -0.28504248572592616 0.40112473916663616 40.71484458411581 
0.09554099545422455 -0.05996322019187848 19.83000000000001 -0.27893321012003486 0.4162368259932715 38.39567935339802 
0.09872891055808909 -0.07003956826363897 19.86000000000001 -0.27390069217375096 0.4162368259932715 37.7029438224708 
0.10080883197651956 -0.06625398942788698 19.87000000000001 -0.26948005347479037 0.4162368259932715 37.094434617168666 
0.10520837617786463 -0.09343721968143735 19.910000000000014 -0.2637729865621627 0.4263004220615953 35.45170986809213 
0.10588717267268799 -0.1093412828071471 19.930000000000014 -0.2604431228841305 0.4263004220615953 35.0041683569144 
0.10118351188908381 -0.10052030767877489 19.945000000000014 -0.2566488215329571 0.4403723724401296 33.39195465274996 
0.10118351188908381 -0.10052030767877489 19.945000000000014 -0.2566488215329571 0.4403723724401296 33.39195465274996 
0.1032438864305332 -0.12442046242782007 19.985000000000017 -0.25207188380467965 0.4748677493410777 30.414057589635707 
0.09619794658654493 -0.1399534436298096 20.000000000000018 -0.24721823611295365 0.49024559797555667 28.89278681222785 
0.10076204770968941 -0.15243420803032948 20.01500000000002 -0.2454592265365248 0.49024559797555667 28.687208577015436 
0.10353095430049225 -0.13041227840312802 20.04000000000002 -0.24093992596137156 0.49024559797555667 28.159030760882885 
0.09832912633310947 -0.1495793176250685 20.05500000000002 -0.23905817727732012 0.5013013968159612 27.32293327542664 
0.09607253337396443 -0.15336014465314826 20.080000000000023 -0.2359064599016814 0.5013013968159612 26.962710652890358 
0.10761542568312539 -0.14555380143302651 20.090000000000025 -0.23519814396134023 0.5013013968159612 26.881754337585516 
0.10606874063889589 -0.13484559700190046 20.120000000000026 -0.23264710116487744 0.5077494449488708 26.25250927461446 
0.10834496685646225 -0.14104285535863964 20.150000000000027 -0.23041415274483457 0.5116243581461736 25.803616036181584 
0.10423510920179559 -0.1551769765249414 20.16000000000003 -0.22912573235940487 0.3758259187658949 34.930899617424934 
0.1012305257151806 -0.12450910002414979 20.17500000000003 -0.22971936847922905 0.3758259187658949 35.02140121014142 
0.09826857799484615 -0.07813531139016902 20.20500000000003 -0.22554672658636285 0.3758259187658949 34.38526953868628 
0.08450018145335297 -0.040720807125570746 20.22000000000003 -0.22223946219467136 0.38064702452141097 33.45194472759013 
0.08131858858931375 0.012696855075903818 20.23500000000003 -0.21870902055395264 0.38064702452141097 32.9205353304334 
0.07690349944135892 0.02841931514400406 20.260000000000034 -0.2131925983616656 0.38860817475279275 31.432782177887844 
0.07315451348031295 0.04530335961097953 20.270000000000035 -0.2112184179128044 0.38860817475279275 31.141712110231797 
0.06304106193060559 0.06699026620421225 20.285000000000036 -0.20974018747066014 0.38860817475279275 30.923764133361512 
0.050525565607974415 0.11459494372023465 20.320000000000036 -0.20374714164828991 0.4019397683733264 29.043782732785875 
0.03157397310091948 0.13721451131200046 20.345000000000038 -0.19603343300387568 0.4200152006747056 26.74162348538799 
0.017288239208258553 0.17645717950387457 20.36000000000004 -0.19230571011200373 0.4200152006747056 26.233111439739474 
0.009400901431349912 0.17268749512202383 20.37500000000004 -0.1889408196107854 0.40798611917810756 26.534019253519535 
0.0015152157273360441 0.18909466930518387 20.38500000000004 -0.187579301560929 0.40798611917810756 26.342813635679384 
-0.007637480173064598 0.2267885741191246 20.415000000000042 -0.17919870515096745 0.4257784618865126 24.114252876643498 
-0.01573248812794248 0.25779870283763273 20.440000000000044 -0.16966261551029638 0.44129962252764776 22.028008440641205 
-0.027906913415782234 0.25878953586779957 20.450000000000045 -0.15039699771156015 0.44129962252764776 19.526672538160234 
-0.03673489763741755 0.29395702904019594 20.480000000000047 -0.1294157110987358 0.44129962252764776 16.802584163047573 
-0.0482855148249435 0.33461494079983506 20.50500000000005 -0.10528476265843305 0.4555459711938596 13.242071994524741 
-0.057584932999348026 0.37036347192380686 20.52500000000005 -0.07898141678432015 0.4555459711938596 9.933798404243827 
-0.07907651439343276 0.4272285062255395 20.53500000000005 -0.03391506669741004 0.4555459711938596 4.265629171461498 
-0.08254633355692112 0.43582321529048806 20.55000000000005 -0.009491191123832787 0.469792766045497 1.1575427151106508 
-0.08182499609184105 0.4523036899720395 20.58000000000005 0.012966345221960773 0.49958146496685285 -1.4870785027568334 
-0.10033642410087878 0.45911275052733774 20.590000000000053 0.053350734966754354 0.49958146496685285 -6.118665646890773 
-0.10942250114252801 0.4882855456011106 20.605000000000054 0.08583457092131062 0.5133283512478979 -9.58053191130378 
-0.11116531278881539 0.5270896890623914 20.635000000000055 0.11626038416371001 0.5133283512478979 -12.97654672872981 
-0.11376627323630788 0.5603615959354432 20.660000000000057 0.15065138332209096 0.524039574738258 -16.471443872296554 
-0.11542802442087738 0.6188710609897132 20.675000000000058 0.18740022096305356 0.524039574738258 -20.489371907388776 
-0.12886472042562372 0.6540248945274825 20.70000000000006 0.23707632518236574 0.5306822211447378 -25.596246330091184 
-0.12375708134760383 0.7024670681106439 20.71500000000006 0.2739650942986221 0.5306822211447378 -29.578989104542583 
-0.13619874296213516 0.7470412362299077 20.73500000000006 0.3255012676575671 0.5334573338694775 -34.960338304206104 
-0.13472444321591653 0.8130850000475823 20.760000000000062 0.38063079296699714 0.41854257070023354 -52.10590156513937 
-0.12852008591396355 0.8508389596334617 20.770000000000064 0.41468863352357943 0.41854257070023354 -56.76820036059273 
-0.13005711218912958 0.8801910548463615 20.800000000000065 0.44231137566670686 0.41854257070023354 -60.54957567142793 
-0.13021962167324014 0.9418498285231401 20.815000000000065 0.47569352312293084 0.41854257070023354 -65.11937643775161 
-0.1348484255577102 1.0048397709373433 20.840000000000067 0.5182001719837552 0.418454292717265 -70.95322790172341 
-0.14089364829004378 1.065896552111351 20.85000000000007 0.5858837368530216 0.4209782549900195 -79.73966590703672 
-0.13739540010955711 1.0851624527454649 20.88000000000007 0.6076613639682323 0.4209782549900195 -82.70363401398994 
-0.1313691670692024 1.1181647942212984 20.89500000000007 0.6221067850379306 0.42977607090941766 -82.93643039199907 
-0.13682947224310127 1.1755565498719092 20.905000000000072 0.665436290149079 0.42977607090941766 -88.71292177739912 
-0.13835140009895466 1.1935715729310286 20.940000000000072 0.6921229853348627 0.4441066726470322 -89.29324508303492 
-0.1382492248128455 1.2419818549867299 20.965000000000074 0.7 0.4441066726470322 -90.3094867278294 
-0.1404089350892488 1.2986139458530053 20.980000000000075 0.7 0.4269124781521409 -93.94676359135251 
-0.14715569283542174 1.3554436404521804 20.990000000000077 0.7 0.4269124781521409 -93.94676359135251 
-0.14135558463202724 1.3686230985156835 21.020000000000078 0.7 0.43975070554066714 -91.20405073562438 
-0.13063934573326058 1.396819600768799 21.04500000000008 0.7 0.43975070554066714 -91.20405073562438 
-0.13063934573326058 1.396819600768799 21.04500000000008 0.7 0.43975070554066714 -91.20405073562438 
-0.1263126164268493 1.4380038978475496 21.085000000000083 0.7 0.4584361601428844 -87.48665385962823 
-0.11720541897277234 1.4858179169785608 21.100000000000083 0.7 0.4584361601428844 -87.48665385962823 
-0.11803776532166822 1.5210279591178149 21.110000000000085 0.7 0.4584361601428844 -87.48665385962823 
-0.11311951501376896 1.5360234664903023 21.145000000000085 0.7 0.46826014183028963 -85.65120555081009 
-0.1147635681801059 1.5653474270856338 21.160000000000085 0.7 0.46826014183028963 -85.65120555081009 
-0.09913726409092141 1.5741765895460513 21.170000000000087 0.7 0.4182783270590489 -95.88602388546815 
-0.09601485151284284 1.5883797319369721 21.200000000000088 0.7 0.4182783270590489 -95.88602388546815 
-0.09519695496539832 1.6008987916218302 21.21500000000009 0.7 0.4278141593677771 -93.7487569799647 
-0.09043238285310444 1.6039208423770197 21.24000000000009 0.6770536148195755 0.4278141593677771 -90.67562114018145 
-0.08509132348976903 1.593900334339014 21.25500000000009 0.6410708515700861 0.43775119620701536 -83.9076043242916 
-0.08399428951169695 1.5544146229477145 21.265000000000093 0.6075672346469437 0.43775119620701536 -79.5224287616614 
-0.08594107073034422 1.582899419138815 21.295000000000094 0.6100666242515572 0.43775119620701536 -79.8495654478522 
-0.08568807492772547 1.542780748771679 21.305000000000096 0.5964907233293921 0.4500542210786582 -75.93840778466259 
-0.08360535294155214 1.5749345609241068 21.340000000000096 0.5940322855400334 0.4655536210049261 -73.1076750782999 
-0.0895393891328234 1.6015005946756533 21.355000000000096 0.6140748029018873 0.4655536210049261 -75.57431179604923 
-0.08314226202789035 1.5840811905840322 21.3800000000001 0.5962265049219043 0.45431183753654114 -75.19342342276845 
-0.08490967279347299 1.559447943659069 21.3950000000001 0.5900049191519446 0.45431183753654114 -74.40878481764146 
-0.08373454181046096 1.5423494246507192 21.4200000000001 0.583359236929174 0.47036802105545245 -71.05929978193286 
-0.08384162858856171 1.5433035259507202 21.4350000000001 0.5808170412017957 0.47036802105545245 -70.74963356451414 
-0.08552094416618927 1.5239850168153866 21.460000000000104 0.5810989999021253 0.4848255036736775 -68.67320287687348 
-0.08335909362982534 1.5284067233931682 21.475000000000104 0.5752846053387233 0.4848255036736775 -67.98606850299579 
-0.08737154341910625 1.5045370221405718 21.500000000000107 0.5873573280105626 0.4848255036736775 -69.41280049437607 
-0.08042550612395111 1.5023017693335394 21.515000000000107 0.5662997944437044 0.5091801338912784 -63.723201282001355 
-0.0834612773140427 1.4805276117253117 21.54500000000011 0.5715581399869863 0.5091801338912784 -64.31489955693014 
-0.08340585104577575 1.4354846516086055 21.56000000000011 0.5628096030829243 0.5091801338912784 -63.33046554595156 
-0.0797756726419285 1.4382156279615057 21.57000000000011 0.5430852004693718 0.44794022079176116 -69.46571988536992 
-0.08310632857532758 1.4325584497984636 21.60000000000011 0.5525108557590318 0.44794022079176116 -70.6713501060456 
-0.0794795668031099 1.3912977243629916 21.625000000000114 0.5375340428875913 0.4581561874345124 -67.22256044280842 
-0.07670267954703278 1.3829944506252763 21.640000000000114 0.5166655031079151 0.4581561874345124 -64.61279703292928 
-0.07780327299078382 1.3797822316655526 21.665000000000116 0.5171422051964664 0.4682176078985372 -63.28268152672026 
-0.07811269685959918 1.3439592962617615 21.675000000000118 0.5062400438958936 0.4796566434207534 -60.47121067456741 
-0.08598234513103116 1.3436281722777 21.69000000000012 0.5280824454726633 0.4796566434207534 -63.080321674998196 
-0.0823102805704527 1.2861391563849205 21.70500000000012 0.5159317990851594 0.4796566434207534 -61.628906864197454 
-0.0817968967637564 1.3086296915181563 21.74000000000012 0.5215434583641737 0.493104238190867 -60.60024774185278 
-0.08258992347179905 1.3214732787013332 21.75500000000012 0.5267275053490655 0.493104238190867 -61.20260316698879 
-0.0781749870866202 1.3156315577305266 21.780000000000122 0.5159625055321981 0.481308090800071 -61.42110327887716 
-0.07880065551240927 1.3161948032234716 21.795000000000122 0.5139383488233226 0.481308090800071 -61.18014402905678 
-0.08054271816404014 1.3108886904855424 21.805000000000124 0.5143216234751277 0.49378442770466213 -59.67879237185436 
-0.08005740784920345 1.3357569292293596 21.835000000000125 0.5235135066884028 0.49378442770466213 -60.74536329703714 
-0.07703834490459155 1.369864090053897 21.860000000000127 0.5244954424171862 0.5032553462326711 -59.71397114668296 
-0.07131343477351028 1.3375219752881098 21.87000000000013 0.5035371871092503 0.5032553462326711 -57.32786718555941 
-0.06893690412545114 1.374031408475777 21.90000000000013 0.4994986614429303 0.5032553462326711 -56.868079767765316 
-0.05933697681371097 1.3992559228901855 21.91500000000013 0.4654258953313957 0.5102152719496224 -52.26605502553365 
-0.06066102613685309 1.4244960901070498 21.93500000000013 0.46078505794478053 0.5153093461318212 -51.233379097636934 
-0.049961497825687734 1.4437233780218728 21.960000000000132 0.4251369078527414 0.5153093461318212 -47.269762751349575 
-0.045424686015528376 1.4805322356390935 21.990000000000137 0.40118372349091375 0.5153093461318212 -44.60647635816933 
-0.036449011100500264 1.5198725257983328 22.005000000000138 0.3544468984906264 0.4455922375951797 -45.57599893260459 
-0.02481207068756957 1.5550737216455202 22.020000000000138 0.29725741881895884 0.44839353820351935 -37.98358824597655 
-0.02131895369634797 1.5883289137610521 22.03500000000014 0.2617159819839938 0.44839353820351935 -33.44209923024943 
-0.015105751780596196 1.56491347556433 22.06500000000014 0.22498883549087104 0.4521006853653463 -28.51336246210918 
-0.01184283099850007 1.5931663866404606 22.09000000000014 0.19528543635057743 0.4569043055043278 -24.488785000413557 
-0.004235867877040275 1.606812667104513 22.10500000000014 0.14227360383962342 0.4569043055043278 -17.841103570098603 
-0.0032912021910058552 1.61410912754332 22.12500000000014 0.12361295943924037 0.4666772912581141 -15.176442054629678 
0.004129788148449182 1.6311102137511 22.14000000000014 0.09692385153451599 0.4666772912581141 -11.899716851679567 
0.005161906842596576 1.6250641842772682 22.15500000000014 0.09692385153451599 0.4666772912581141 -11.899716851679567 
0.01055608266293117 1.6393524314555377 22.18500000000014 0.07263458828265285 0.4085251356833878 -10.187023983982535 
0.010482591301933289 1.6573011270323736 22.20000000000014 0.0769006936966289 0.4085251356833878 -10.785346617839206 
0.02692476231543598 1.6892978401259322 22.210000000000143 0.08090379489062262 0.4085251356833878 -11.346782826644183 
0.03027262659032296 1.6785368535679281 22.240000000000144 0.08917073653485612 0.41984710854024904 -12.168969978819042 
0.030420449341345 1.6365721189026647 22.250000000000146 0.09332096516965582 0.42987035033279924 -12.438395530580665 
0.029862012264855173 1.6266561755268008 22.280000000000147 0.10541590177205896 0.42987035033279924 -14.050483501429314 
0.03095828990683186 1.6268079227636465 22.310000000000148 0.11672495680360444 0.4402236007836406 -15.19193286499943 
0.030571646562591846 1.6274749542292508 22.32000000000015 0.12175416750060924 0.4402236007836406 -15.84649238136221 
0.0352021953389892 1.6892681370019462 22.33500000000015 0.12929112609298393 0.45246700866669465 -16.372101637754195 
0.042987846745081666 1.6456697568698915 22.36500000000015 0.14613826375193378 0.45246700866669465 -18.505450293555953 
0.03723868062492186 1.6506760328133379 22.38000000000015 0.15393680646897864 0.407928747350788 -21.621249739504506 
0.0426359674891917 1.640091184134858 22.390000000000153 0.1580314022953001 0.407928747350788 -22.19635767485764 
0.046655542695456416 1.632408082608726 22.415000000000155 0.17081529156734554 0.407928747350788 -23.99192345885205 
0.04502925149199887 1.624100187719485 22.430000000000156 0.1807113552804344 0.42302705739971574 -24.475970949240306 
0.051034690182697816 1.6347868004736092 22.460000000000157 0.19921640344581773 0.43679025041445024 -26.132128902580494 
0.05973700197142523 1.661910879355008 22.47000000000016 0.21318688943753691 0.43679025041445024 -27.964701594650972 
0.06410543798055375 1.6557210875199215 22.51500000000016 0.2283602943246627 0.44973025950152634 -29.093174845896826 
0.06531959533256546 1.69023576015567 22.53000000000016 0.23584020729975813 0.44973025950152634 -30.046118161459198 
0.0784256246718192 1.6755788355187267 22.54500000000016 0.24449831382054232 0.4630564285244232 -30.252730805665365 
0.08127086402792262 1.6815998384793442 22.560000000000162 0.25220697186265856 0.4630564285244232 -31.206553157144814 
0.08668488593553109 1.6560510002048165 22.570000000000164 0.2567141894322869 0.5269145415932874 -27.914658705595567 
0.09548008935904335 1.6706599841001857 22.600000000000165 0.27111634802254564 0.5399958242976687 -28.76656040608374 
0.10376356251732752 1.692258178354353 22.625000000000167 0.2825657883030619 0.5399958242976687 -29.981393144307 
0.11745652766070395 1.7030266676311099 22.640000000000168 0.28912753315729234 0.5399958242976687 -30.677621280659856 
0.1302952755503827 1.6662069624258815 22.655000000000168 0.2951472498791996 0.5496073373440326 -30.768679025814762 
0.1378537889327242 1.6533534339956493 22.68000000000017 0.30408422048686284 0.5535577033256478 -31.47412156989409 
0.1542147620066754 1.62842452623369 22.705000000000172 0.3111458523506047 0.5535577033256478 -32.20503308975328 
0.16966602920641377 1.6318468712086232 22.725000000000172 0.31948478163531124 0.5517341803628234 -33.177443518769294 
0.18959445124349306 1.539588081384163 22.740000000000173 0.32224609658335923 0.5517341803628234 -33.4641969918376 
0.20018860376124792 1.5412799634397845 22.755000000000173 0.32930796047637195 0.5517341803628234 -34.19754832471928 
0.21480120773205869 1.512786506799328 22.780000000000175 0.3347162386653687 0.43734739823225666 -43.850330166671476 
0.22243947495292649 1.4625564626444876 22.805000000000177 0.3412530411052372 0.431009956690792 -45.36405411943051 
0.23819634886439855 1.432817125575873 22.820000000000178 0.34334872131156 0.431009956690792 -45.642640795138206 
0.25094345812940655 1.393843082679106 22.84500000000018 0.34919072463011747 0.431009956690792 -46.41924033502979 
0.2615134897313213 1.3499873008277263 22.86000000000018 0.3507506682985585 0.4273522072875385 -47.02569124997823 
0.2643272368468209 1.3663799997383326 22.87500000000018 0.35288533153003365 0.4273522072875385 -47.311888891547895 
0.27309599644450694 1.3470124630660256 22.900000000000183 0.35706822477034306 0.4295668616661059 -47.62588575436086 
0.28066475559968157 1.284236980187988 22.915000000000184 0.3593030324426213 0.43751840376248263 -47.05298599596783 
0.28668926136091666 1.2649734862087103 22.930000000000184 0.36207743372445683 0.43751840376248263 -47.41631124756378 
0.2912305537187224 1.2670739937194493 22.960000000000186 0.36538259960726305 0.38889707523185635 -53.83141761231664 
0.30359554602459426 1.2101271949611214 22.970000000000187 0.3673274468843083 0.38889707523185635 -54.11794982834262 
0.3042022158508737 1.217561496564448 23.00000000000019 0.3713288986018858 0.38889707523185635 -54.70747932070478 
0.30771062483362543 1.2083311159197854 23.01500000000019 0.3729044551189926 0.398645311380926 -53.59614381499081 
0.3096631168041411 1.1929855591518896 23.04000000000019 0.37544659025372085 0.398645311380926 -53.961515261772156 
0.32222210429051656 1.171849822621124 23.050000000000193 0.37637528351842897 0.40806582076629927 -52.84616883165998 
0.3228786253927877 1.1598026263671264 23.080000000000194 0.38062895873526625 0.40806582076629927 -53.44341963028482 
0.32102261551047084 1.155500278006893 23.095000000000194 0.38205906140738266 0.4160042518738129 -52.62054809481277 
0.3197128132765259 1.1342303622688064 23.105000000000196 0.3813018781268928 0.4160042518738129 -52.51626212635325 
0.32103981325686465 1.1236932861010895 23.140000000000196 0.3857969351608233 0.42863163118981457 -51.57000679683556 
0.33033578103530575 1.0909859703748253 23.155000000000197 0.38788849271715614 0.42863163118981457 -51.849588171299025 
0.3325709121224826 1.1002403470387816 23.1800000000002 0.3905043046560393 0.42154944617954027 -53.07621381372338 
0.33128315553024656 1.089397797126409 23.1950000000002 0.3903733274473591 0.437075572767809 -51.173631039532445 
0.3354733439842135 1.081991684922584 23.2050000000002 0.3918675632827504 0.437075572767809 -51.36950885174459 
0.3344060472953672 1.079865980945184 23.235000000000202 0.392910706568777 0.4505884198823112 -49.961615120455065 
0.3321744052887844 1.064296848048131 23.260000000000204 0.39550085699344467 0.4505884198823112 -50.29097264738893 
0.3208678923431163 1.046886781135799 23.275000000000205 0.3959746421130869 0.4505884198823112 -50.35121806549952 
0.3281483481908873 1.0305245346898713 23.300000000000207 0.3964807527417048 0.4619551742713454 -49.17506081862003 
0.337530411968837 1.0100377953888895 23.315000000000207 0.39627922199409615 0.4619551742713454 -49.150065187175265 
0.33188415152077433 1.009500252256987 23.34500000000021 0.40001738509373436 0.47137062992190853 -48.622689753766295 
0.3380934863682057 0.990376788313302 23.36000000000021 0.39858321400049024 0.47137062992190853 -48.448364190130384 
0.33540538342509185 0.9871556884529854 23.38500000000021 0.4006455105878425 0.40652993268277876 -56.46643701254752 
0.33638282954872306 0.9645546756765967 23.40000000000021 0.400760524350799 0.40652993268277876 -56.48264689692145 
0.33660329721427035 0.9492337489481122 23.415000000000212 0.40261949894681776 0.41376802001055507 -55.75200818742851 
0.33316956582639207 0.9563161140616717 23.440000000000214 0.40174749637020407 0.41376802001055507 -55.631259205031995 
0.33758666827851197 0.9363157544781159 23.465000000000217 0.40355495403315017 0.4221759358640535 -54.76862536082835 
0.33758666827851197 0.9363157544781159 23.465000000000217 0.40355495403315017 0.4221759358640535 -54.76862536082835 
0.33572132698207746 0.8872187212846671 23.495000000000218 0.40313020137543243 0.43326772312003836 -53.31036193220413 
0.3302987314808943 0.8319525422732758 23.50500000000022 0.40090506148052013 0.43326772312003836 -53.01610709160218 
0.3315786477616482 0.7926779507440709 23.54000000000022 0.4006439953633408 0.4464632469255185 -51.41567683265061 
0.33270735573307264 0.7257070202324435 23.55500000000022 0.3997515364895412 0.4464632469255185 -51.301145284511236 
0.3296953604678676 0.6938212215208245 23.580000000000222 0.3989048331754566 0.4503789923292841 -50.74740109461753 
0.32197619692135254 0.6653149039504046 23.590000000000224 0.3972491471080326 0.4503789923292841 -50.53676999175149 
0.3266014961333646 0.6353532190111584 23.605000000000224 0.39577418173658896 0.46168776372380216 -49.11585715604078 
0.31981432387699255 0.596104392895615 23.635000000000225 0.3916203781657292 0.46994657115014477 -47.74626780507924 
0.3123797329880623 0.5473761804134705 23.660000000000228 0.38899973976381746 0.46994657115014477 -47.426760164685206 
0.3065607930318218 0.506020939446593 23.68500000000023 0.3863787091024418 0.47574363923207486 -46.533190356505635 
0.2953548179863009 0.45185403646749045 23.70000000000023 0.38143416758299953 0.47574363923207486 -45.93769871493888 
0.28599617504850944 0.41744815876920266 23.710000000000232 0.37863231549090703 0.47574363923207486 -45.60026004743315 
0.27709542202934967 0.3870710394823134 23.745000000000232 0.37260966025158765 0.4803968251417109 -44.44026234336959 
0.27197151842135536 0.3413054096915268 23.760000000000232 0.3702537111088121 0.4803968251417109 -44.15927392803466 
0.26088341074941424 0.3472840324120399 23.770000000000234 0.36784804680305383 0.41921976776179554 -50.27468217081169 
0.26153995172322236 0.31834953343877814 23.785000000000235 0.36594584584441553 0.41921976776179554 -50.014703765457384 
0.2394744830156975 0.27327871055910286 23.825000000000237 0.356537594847691 0.4239078567818479 -48.18995235804445 
0.23185524782814862 0.25349539198291027 23.840000000000238 0.35359511743229755 0.4292532783795122 -47.1970952948471 
0.21447246828578967 0.21541089766313595 23.86500000000024 0.3478386898450804 0.4292532783795122 -46.4287400546371 
0.21447246828578967 0.21541089766313595 23.86500000000024 0.3478386898450804 0.4292532783795122 -46.4287400546371 
0.19379081383066987 0.1864678398685955 23.89500000000024 0.34010631812149894 0.4365372699566396 -44.63915902537075 
0.16762561326638267 0.1630823532549669 23.905000000000243 0.33630848645803507 0.4365372699566396 -44.14069133293468 
0.15567211676006928 0.12594105931867655 23.940000000000243 0.32757796728600463 0.445610684199981 -42.119355869258165 
0.14450667641176962 0.12328719749809862 23.955000000000243 0.32408142965885345 0.445610684199981 -41.669777670063674 
0.12820421765498202 0.09085435614416942 23.980000000000246 0.3199357056993408 0.44722721606147875 -40.988036939129245 
0.10823473153893884 0.08520911911480337 23.995000000000246 0.3125974039392114 0.44722721606147875 -40.04790247380851 
0.09428441800116803 0.0486216128623621 24.005000000000248 0.31333802887374973 0.4565768727644243 -39.32075338532795 
0.08563891020858501 0.04191076901167644 24.02000000000025 0.30808944848524766 0.4565768727644243 -38.66210963301625 
0.0731743455309478 0.020808702341290255 24.06000000000025 0.29576615394258576 0.46417517745515907 -36.508096871172775 
0.04962069870777357 -0.013889473597763023 24.085000000000253 0.2909059287428474 0.46417517745515907 -35.90817165984447 
0.030914714886770063 -0.02224731717011677 24.100000000000254 0.28859551540639394 0.4700320590019719 -35.17910045178371 
0.014200537368450877 -0.036876150476038386 24.110000000000255 0.28165223197983036 0.4749872903466799 -33.97455997423758 
0.0014708803546073668 -0.051849729033659975 24.130000000000255 0.27766825740812073 0.4749872903466799 -33.49398937101197 
-0.004704119571457149 -0.08136808145898992 24.160000000000256 0.26585066962545123 0.4749872903466799 -32.06848195695436 
-0.027173839540143605 -0.09785228926336612 24.185000000000258 0.25996463451143864 0.4423081183560179 -33.675340248169256 
-0.04321451200528248 -0.11290503966776327 24.20000000000026 0.2474258906608034 0.4423081183560179 -32.051094449319244 
-0.06424740874258383 -0.1401316943315969 24.22500000000026 0.2293454269038473 0.44753372303440436 -29.36208901335998 
-0.08244101504087964 -0.16270841988661558 24.24000000000026 0.20869692255215147 0.44753372303440436 -26.718551573123918 
-0.08658355665949062 -0.15826310917919637 24.255000000000262 0.19035362601835054 0.4531977708819157 -24.065562733548635 
-0.10456440990669114 -0.16987768111709406 24.265000000000263 0.1724236116868288 0.4531977708819157 -21.798750728259776 
-0.11958432105299599 -0.18987689597879806 24.295000000000265 0.15177242972619814 0.4597081382316956 -18.916175169764422 
-0.12558813388249437 -0.21827112949401103 24.305000000000266 0.12526138553476285 0.4597081382316956 -15.611967964521323 
-0.14382821963120157 -0.23597761914754867 24.340000000000266 0.09308854335216747 0.4670127288001039 -11.420632300116026 
-0.1608336715831668 -0.22903673123565482 24.355000000000267 0.06414018147488645 0.4670127288001039 -7.869082509070498 
-0.1745436001743829 -0.25501417867583526 24.38000000000027 0.03469412306380196 0.3952856463112063 -5.028836346610814 
-0.20210404532321968 -0.28434884958398376 24.39500000000027 -0.01053265851925872 0.3952856463112063 1.5266855395273362 
-0.20931382170623877 -0.30374366347144316 24.42000000000027 -0.04562123989590572 0.40178584453179716 6.505715763170411 
-0.22432675960524387 -0.31234182741272215 24.435000000000272 -0.0853199274823011 0.40178584453179716 12.166859085826319 
-0.2403906277603693 -0.32117531709719205 24.460000000000274 -0.12079994722681209 0.4080573564219218 16.961652651454504 
-0.24765648490505385 -0.3632843272043334 24.475000000000275 -0.17439097340250548 0.4080573564219218 24.486427223751356 
-0.27912384129943124 -0.3762649907031763 24.485000000000277 -0.23974665352669516 0.4080573564219218 33.663089718352424 
-0.2830861318324699 -0.3776933210342053 24.520000000000277 -0.2676833936122304 0.4157146258864709 36.89340654545183 
-0.30335303364572347 -0.4075772748635147 24.535000000000277 -0.3299744980757322 0.42607941483223216 44.37235273178221 
-0.3199122726541797 -0.40852661556929676 24.56000000000028 -0.3749887993293684 0.49479621764839005 43.42247333329201 
-0.3182515829623751 -0.39904462406901275 24.57000000000028 -0.4078469204286978 0.49479621764839005 47.227336011242315 
-0.3340016536144587 -0.41863875065313916 24.600000000000282 -0.4414187135110821 0.5070537256388609 49.879190317384115 
-0.35426995010560314 -0.4751028457603238 24.615000000000283 -0.5247129225643163 0.5070537256388609 59.29122378704794 
-0.3664392064719407 -0.4767652406560447 24.640000000000285 -0.5680661032194233 0.5158437820011748 63.096215045278605 
-0.37031823029795113 -0.4878736843467717 24.650000000000286 -0.6294409619783536 0.5158437820011748 69.91324085386 
-0.3800873428954021 -0.5118096175390336 24.680000000000287 -0.6730409458409876 0.5158437820011748 74.75597648300001 
-0.3891784978288429 -0.5276580875232891 24.695000000000288 -0.7 0.5198092508086513 77.1572371918436 
-0.3951137746304941 -0.5427786349865567 24.72500000000029 -0.7 0.5198092508086513 77.1572371918436 
-0.3951137746304941 -0.5427786349865567 24.72500000000029 -0.7 0.5198092508086513 77.1572371918436 
-0.4023390034723989 -0.5857522313590379 24.75500000000029 -0.7 0.5193965089996474 77.21855069146191 
-0.40847679045153706 -0.6115249749580387 24.780000000000292 -0.7 0.4035527172540824 99.38489804271512 
-0.4212113966562695 -0.640396931154382 24.805000000000295 -0.7 0.4008189722013421 100.06274263637097 
-0.42176747725157576 -0.7064300006259638 24.820000000000295 -0.7 0.4008189722013421 100.06274263637097 
-0.42707621343265495 -0.6718097931657475 24.835000000000296 -0.7 0.40036256204251003 100.17681337272266 
-0.43660788037699116 -0.7053050069292024 24.860000000000298 -0.7 0.40036256204251003 100.17681337272266 
-0.44648358722852177 -0.7642288417377311 24.8700000000003 -0.7 0.40479090710326154 99.08089573001791 
-0.4464674359548575 -0.7505961119585398 24.9000000000003 -0.7 0.40479090710326154 99.08089573001791 
-0.4570164749836325 -0.7768635640225324 24.955000000000304 -0.7 0.4141044735780408 96.85248099981992 
-0.4570164749836325 -0.7768635640225324 24.955000000000304 -0.7 0.4141044735780408 96.85248099981992 
-0.47057875506108643 -0.8212483796553184 24.970000000000304 -0.7 0.4260394165683775 94.1392840648598 
-0.47496278423551463 -0.8244264223253347 24.985000000000305 -0.7 0.4260394165683775 94.1392840648598 
-0.4858541905738153 -0.8295142512161361 25.000000000000306 -0.7 0.4260394165683775 94.1392840648598 
-0.48956403018623174 -0.8481693415192665 25.015000000000306 -0.7 0.39489891696306423 101.56281503022943 
-0.4866593109743319 -0.8388978393243856 25.030000000000307 -0.7 0.39489891696306423 101.56281503022943 
-0.4939002754951835 -0.8795760706096112 25.060000000000308 -0.7 0.40445218535778515 99.1638742752206 
-0.5005931638580435 -0.8917683981287646 25.08500000000031 -0.7 0.41366836578415594 96.95458724074805 
-0.5087228475863202 -0.9058460566701779 25.110000000000312 -0.7 0.41366836578415594 96.95458724074805 
-0.508149826476975 -0.9132939193388028 25.140000000000313 -0.7 0.41366836578415594 96.95458724074805 
-0.51722503788268 -0.92126191501993 25.150000000000315 -0.7 0.42445700550060556 94.49024315632458 
-0.5259955058109512 -0.9386645085890823 25.165000000000315 -0.7 0.4373590254017852 91.70279639779423 
-0.5234038475451619 -0.9339780684382553 25.180000000000316 -0.7 0.4373590254017852 91.70279639779423 
-0.5379876952629484 -0.9631009595273835 25.195000000000316 -0.7 0.4373590254017852 91.70279639779423 
-0.5349406866813953 -0.9791720880032003 25.210000000000317 -0.7 0.4903736130415565 81.78875166302794 
-0.5308160605109913 -1.0121455462067555 25.240000000000318 -0.7 0.4903736130415565 81.78875166302794 
-0.526397422606914 -1.0133681132884849 25.26500000000032 -0.7 0.4998751996396899 80.23411781193943 
-0.5258054859888289 -1.0069224544780189 25.28000000000032 -0.7 0.5049659151292034 79.42525318544641 
-0.5308722304210032 -1.0605137168595171 25.290000000000322 -0.7 0.5049659151292034 79.42525318544641 
-0.5290136564173289 -1.0699821729132173 25.330000000000325 -0.7 0.5049659151292034 79.42525318544641 
-0.5290136564173289 -1.0699821729132173 25.330000000000325 -0.7 0.5052234546093272 79.38476587586594 
-0.5187068618571039 -1.114598650000964 25.350000000000325 -0.7 0.5052234546093272 79.38476587586594 
-0.513672052494368 -1.1622682911862994 25.380000000000326 -0.7 0.44055937363549835 91.03664127764225 
-0.4937398068386386 -1.1417984018476386 25.390000000000327 -0.7 0.4393205863014495 91.2933445637289 
-0.494829443053883 -1.2114249335013931 25.42000000000033 -0.7 0.4393205863014495 91.2933445637289 
-0.4897885339219851 -1.2834743088049074 25.44500000000033 -0.7 0.441519893528629 90.83859243265785 
-0.4864982356349572 -1.2877291131589315 25.46000000000033 -0.7 0.441519893528629 90.83859243265785 
-0.4849007483848358 -1.4261068379439183 25.485000000000333 -0.7 0.441519893528629 90.83859243265785 
-0.4826861215366684 -1.4427035767436356 25.500000000000334 -0.7 0.4484582089819096 89.4331843098796 
-0.47926370846071015 -1.5866687647882292 25.515000000000335 -0.7 0.4484582089819096 89.4331843098796 
-0.4797197138340424 -1.689439383533763 25.545000000000336 -0.7 0.45915694267369533 87.34931769867654 
-0.4725010254101453 -1.935983980848015 25.560000000000336 -0.7 0.45915694267369533 87.34931769867654 
-0.4686627749518769 -2.133020557652678 25.575000000000337 -0.7 0.48928364429251503 81.97095105672466 
-0.471566791365843 -2.370013201982349 25.60000000000034 -0.7 0.48928364429251503 81.97095105672466 
-0.4632366816026222 -2.9240734593457303 25.62500000000034 -0.7 0.4994305730272213 80.30554760805883 
-0.4502701647038826 -3.806073699686913 25.64000000000034 -0.7 0.4994305730272213 80.30554760805883 
-0.4351745439420669 -4.957763762856471 25.665000000000344 -0.7 0.5067766075740543 79.14146994895943 
-0.4118970009692082 -6.853833828037932 25.680000000000344 -0.7 0.5067766075740543 79.14146994895943 
-0.3678090024910536 -9.501255756342754 25.705000000000346 -0.7 0.5110894506895975 78.47363236521983 
-0.28469865065113964 -13.864820933090227 25.725000000000346 -0.7 0.5110894506895975 78.47363236521983 
-0.16398217943849547 -17.221285988798005 25.740000000000347 -0.7 0.5133103241829993 78.13411063374431 
-0.025749948363693292 -17.613276914209127 25.76500000000035 -0.7 0.40597375768937427 98.79221230315342 
0.12352604198023662 -15.724814203987526 25.78000000000035 -0.7 0.40597375768937427 98.79221230315342 
0.2327473889146996 -12.825951966629798 25.80500000000035 -0.4143064451206661 0.40597375768937427 58.471786121322324 
0.31816086861543724 -9.368750967793886 25.820000000000352 -0.44075980936462006 0.4096739330436905 61.64335784793571 
0.3661911543175678 -6.989955237940044 25.835000000000353 -0.4601633300707214 0.41543742133175254 63.464231544715275 
0.38579144069833593 -5.3146622718523755 25.860000000000355 -0.4796781987639688 0.41543742133175254 66.15565883667838 
0.41674416021709 -4.0354391677330455 25.870000000000356 -0.4863341388040826 0.41543742133175254 67.07362446377128 
0.42490344471469865 -3.4360666252969683 25.900000000000357 -0.50187366866898 0.4257508256703561 67.54007586057809 
0.4308666581772101 -2.7533189893990073 25.915000000000358 -0.5067261912031692 0.44085455167048787 65.85680473223603 
0.43900011917253606 -2.3623482873791293 25.93000000000036 -0.5094759760407257 0.44085455167048787 66.21418125282328 
0.4459407859045995 -2.126415894546855 25.96000000000036 -0.5136412885036262 0.44085455167048787 66.75552719917482 
0.4547451676104579 -1.8030510657115824 25.97000000000036 -0.5149052058868436 0.44457529083920333 66.35972748494758 
0.4565709637038147 -1.6724543739735505 26.000000000000362 -0.5174375531840201 0.44457529083920333 66.68609023019978 
0.4589759142779372 -1.5323710396602506 26.015000000000363 -0.517379893620362 0.4595231555382441 64.50966388114284 
0.45861934827192313 -1.43297504920411 26.040000000000365 -0.5170764240480777 0.4595231555382441 64.47182568845773 
0.45908868520464036 -1.3130685490941587 26.055000000000366 -0.5174768901099255 0.47080398405742974 62.97576656708397 
0.45803044761731176 -1.240853557966289 26.080000000000368 -0.5172896798489394 0.47080398405742974 62.952983501945894 
0.45540642861483643 -1.139367859966829 26.09500000000037 -0.5139051392435464 0.4784614022122639 61.54016899293237 
0.4531481196318303 -1.0817642114397608 26.12500000000037 -0.5154485322166675 0.4784614022122639 61.72499038726243 
0.4493846975986729 -1.0515243557787772 26.14000000000037 -0.5147491378567531 0.4842804312815273 60.9005675268439 
