-0.0037413828587868053 0.005169221870019416 19.185000000000215 0.002443341817214911 0.43910733541515407 -0.31881310728248907 
-0.0037413828587868053 0.005169221870019416 19.185000000000215 0.002443341817214911 0.43910733541515407 -0.31881310728248907 
-0.009590887867090142 0.003299792549295617 19.215000000000217 0.002987852392150657 0.43910733541515407 -0.3898621545833362 
-0.019256499311005565 0.00866150599906668 19.24000000000022 -0.001393046175642456 0.4777709406238979 0.16705843688803113 
-0.028417272093176234 0.01775069668097487 19.25500000000022 0.002265049520400444 0.4777709406238979 -0.27163179438583307 
-0.039615295603845135 0.009734436070735389 19.28000000000022 0.00235439496559173 0.5072222090559677 -0.2659522639718839 
-0.049558823052021694 0.013059776359313761 19.290000000000223 0.002897370018823326 0.5072222090559677 -0.32728668185741644 
-0.058734553435393945 0.0095090552667293 19.325000000000223 0.0027400268651111216 0.5072222090559677 -0.30951321200134246 
-0.06102224177481165 0.003644024387243464 19.335000000000225 0.002493701476624204 0.529376949042187 -0.2698994926670333 
-0.0708218146457268 0.010992289208115215 19.350000000000225 0.003950347789041536 0.529376949042187 -0.4275559340663297 
-0.06861992524495869 0.00774862570690881 19.380000000000226 0.005918167974558597 0.4306027085959696 -0.7874684497394919 
-0.06900480251847456 0.009021875472343472 19.395000000000227 0.0031878255827452974 0.4306027085959696 -0.4241704663463125 
-0.07373541294051786 0.015854656287325245 19.40500000000023 0.0031273230029526884 0.4432834357569129 -0.4042163428403571 
-0.07402322076817817 0.01324770125937666 19.43500000000023 0.0037761567232984946 0.4535262360717103 -0.47705695021962097 
-0.08313932816998387 0.0020368074163876256 19.44500000000023 0.005187229694398407 0.4535262360717103 -0.6553234305213846 
-0.07627458915900907 0.005701484209556365 19.460000000000232 0.0036195356979542787 0.4535262360717103 -0.45727039098335187 
-0.07745904427933398 0.008703810823726206 19.490000000000233 0.004192330914822863 0.46439293844845175 -0.5172405690407205 
-0.07570071164059118 0.008135337298539746 19.520000000000234 0.004621327532144552 0.4763182243568304 -0.5558942526228665 
-0.07933957495020642 -0.0031922327147656526 19.535000000000235 0.003748599290490085 0.4763182243568304 -0.4509147612834496 
-0.08124627518035897 0.006730244509532808 19.560000000000237 0.0036676052577128927 0.5899716659490046 -0.35618371917729197 
-0.08579432997569662 -0.002778912105411759 19.575000000000237 0.00408675756334939 0.5899716659490046 -0.3968901792875723 
-0.07309136364652655 0.01700057246784399 19.58500000000024 0.00015590885630331576 0.5974828339504741 -0.014950922348393483 
-0.07043147381506631 0.012668102230300547 19.61500000000024 0.0033184336174092773 0.5974828339504741 -0.31822209788815853 
-0.06906651306321565 0.006451879580396388 19.640000000000242 0.003824030274083464 0.5985190450676566 -0.36607155150839144 
-0.0667032571071985 -0.0012632373158827067 19.655000000000243 0.0010664493312002397 0.5985190450676566 -0.10209039502730602 
-0.062313479374560984 0.0036671943924491664 19.680000000000245 0.0029372533354503367 0.5985190450676566 -0.281181059932695 
-0.04707629540555528 0.0067083626408987115 19.690000000000246 0.005095698305075859 0.5929705462280724 -0.4923718528854505 
-0.03641717863546158 0.013482038297795138 19.720000000000248 0.0046680063657441664 0.5839008205984533 -0.4580522137701735 
-0.02888833391636538 0.009671636574282477 19.75000000000025 0.0030096437550462237 0.5839008205984533 -0.29532392988472944 
-0.02888833391636538 0.009671636574282477 19.75000000000025 0.0030096437550462237 0.5839008205984533 -0.29532392988472944 
-0.016918519577718387 0.011760226382165983 19.76500000000025 0.00243161828586312 0.5839008205984533 -0.23860467437603317 
-0.01214025963973598 0.009075713888866379 19.79500000000025 0.0033955941590565154 0.35618689114086294 -0.5462110456397212 
-0.0009192995715439391 0.004643307572549374 19.820000000000253 0.002199171603109262 0.35618689114086294 -0.35375600398878504 
0.003436931473616186 0.0102927904631324 19.835000000000253 0.0033354977928937656 0.3513634224727555 -0.5439096214485231 
0.008157585033091691 0.007924246099635376 19.860000000000255 0.0032007625321498587 0.3513634224727555 -0.521938746569482 
0.007381971964019797 0.011649636021781044 19.875000000000256 0.0005308678643900665 0.3513634224727555 -0.08656703049684296 
0.012002099186784458 0.004056109981711274 19.890000000000256 0.0026715516187778786 0.3559996640108498 -0.42996847464061205 
0.008175662691348385 0.005104029480704534 19.920000000000258 0.005180368506045024 0.3559996640108498 -0.8337458759787633 
-0.008288886788855358 -0.004241173575457824 19.93000000000026 0.0010339929664716244 0.3703661392072699 -0.1599590965627703 
-0.007405528848358626 0.0058093659973157035 19.94500000000026 0.0012269829175860858 0.3703661392072699 -0.18981471379322815 
-0.006499041266513133 0.011249853784495627 19.97500000000026 -0.0003956939640502793 0.5106323492777242 0.044399055702112666 
-0.01705194827127212 0.015284804224188703 19.985000000000262 0.0012889668855857418 0.5106323492777242 -0.1446292280162964 
-0.01672359549004809 0.010211210847537604 20.015000000000263 0.0007749564946525555 0.5281284107785794 -0.08407375089778997 
-0.015550284683968803 0.001703488658447893 20.040000000000266 0.0022623931192568857 0.5281284107785794 -0.2454432950156194 
-0.009569578324144153 0.010575221820424167 20.055000000000266 0.0015621090225817157 0.5382418490529525 -0.16628631588331447 
-0.00844231106434166 0.0024275924677402364 20.08000000000027 0.003159769377796096 0.5382418490529525 -0.3363570668110266 
-0.00844231106434166 0.0024275924677402364 20.08000000000027 0.003159769377796096 0.5424283720048286 -0.3337610252820308 
-0.00900859704578016 0.006663712497537116 20.11500000000027 0.0021635570158110417 0.5451260797851668 -0.22740186231916343 
-0.005180557747206259 0.004178197201354778 20.14000000000027 0.0025250952407722617 0.5451260797851668 -0.26540153834107166 
-0.00452448977372326 0.008498950752235982 20.165000000000273 0.002666647993388647 0.37157776847967744 -0.41118626685696263 
0.001962006786129241 0.004288891225945753 20.180000000000273 0.0019745842798442265 0.37157776847967744 -0.30447285904872673 
0.00564035265912338 0.0074896110308309005 20.195000000000274 0.0023318380528589196 0.37157776847967744 -0.3595599367622744 
0.009305602299823386 0.008984937117503528 20.220000000000276 0.001602127209312315 0.37392113269403676 -0.24549328537625129 
0.007050806964282286 0.004970839741675398 20.245000000000278 0.0013144781996838717 0.37392113269403676 -0.20141694736859575 
0.007050806964282286 0.004970839741675398 20.245000000000278 0.0013144781996838717 0.37872344352684084 -0.19886292858578442 
0.003878196589679093 0.0015352731518536874 20.27500000000028 -0.0004519846440723507 0.37872344352684084 0.06837921695289255 
0.0009477786857380963 0.0065352635171399935 20.30500000000028 0.0008642954436314298 0.3901517426712989 -0.1269262078221418 
0.0009477786857380963 0.0065352635171399935 20.30500000000028 0.0008642954436314298 0.3901517426712989 -0.1269262078221418 
-0.010273629756086618 0.0015065069255206856 20.33500000000028 -0.003480546512488753 0.4076273821096102 0.4892228400666161 
-0.002706882022455827 0.02237671264756243 20.345000000000283 0.002215896638805771 0.4076273821096102 -0.31146466310414833 
-0.011611603574676728 0.011881062045842742 20.375000000000284 0.004052360266360366 0.4688801381238506 -0.4951865550500881 
-0.021075864051698794 -0.005751893914240145 20.390000000000285 0.0010396435223227374 0.4688801381238506 -0.12704139327708883 
-0.022035217337280366 0.0035666675294417863 20.415000000000287 0.00038310053868028857 0.48630473481664843 -0.04513639786757311 
-0.03300312857359206 0.00335853389392296 20.42500000000029 0.0007601770784652246 0.48630473481664843 -0.08956305616696106 
-0.029496511175329653 0.002518909230983435 20.45500000000029 0.004125575131722195 0.5004591359233231 -0.4723223658924805 
-0.016969770846578382 0.026362535663647834 20.46500000000029 0.004685943734335041 0.5004591359233231 -0.5364769663317835 
-0.024453944897018666 0.011671707254760315 20.50000000000029 0.0025305342031031403 0.5113539200829788 -0.28353929452185145 
-0.031100004910158248 0.009605409797426988 20.515000000000292 0.0024684215659386737 0.519870466288342 -0.2720488024586427 
-0.029288895435432023 0.0013786773016655346 20.540000000000294 0.0030909864828762984 0.519870466288342 -0.34066270635687707 
-0.025653421733872573 0.011961664988125103 20.555000000000295 0.00434078288771602 0.4454484691872327 -0.5583329081869618 
-0.023234245502789443 0.0017297302082151262 20.565000000000296 0.003337599682507324 0.4454484691872327 -0.4292985356101751 
-0.02251168009118464 2.604605189195715e-05 20.595000000000297 0.0017560674403320964 0.4454484691872327 -0.2258740568913699 
-0.02341990983842436 0.007830735043551272 20.6050000000003 0.002524547203977077 0.4454484691872327 -0.32471971501745334 
-0.020346191284454918 0.009288079034763625 20.6350000000003 0.0035108969705872064 0.45096502475987466 -0.4460647005319862 
-0.03558601691157893 0.01375476495099271 20.6450000000003 0.006684245444342696 0.4576662035839054 -0.8368086832528617 
-0.025305927042823 0.009488880269318843 20.675000000000303 0.0013953210145195708 0.46696304580463854 -0.1712041368501146 
-0.026472417052783095 0.009515739207697011 20.685000000000304 0.0013953210145195708 0.46696304580463854 -0.1712041368501146 
-0.025105754939818495 0.012787896224926685 20.705000000000304 0.003308350033430059 0.46696304580463854 -0.4059303959286113 
-0.023537135913960953 0.008843939386302348 20.730000000000306 0.004163237835186461 0.4778496020721099 -0.4991862628555027 
-0.02482259643430073 0.0034035123509437394 20.760000000000307 -0.00011064603685913732 0.3999827136954319 0.015849562280595912 
-0.026425280008270387 0.018210954376569367 20.775000000000308 0.002276757709685359 0.3999827136954319 -0.32613561354597215 
-0.019538264194605276 0.020298850036759783 20.78500000000031 0.004833645871127559 0.3999827136954319 -0.692398692727826 
-0.02080363405281388 0.012524833454854504 20.81500000000031 0.0029716823009148245 0.4081086569101907 -0.41720471010154 
-0.02501205784112149 0.009512556463112973 20.825000000000312 0.002217875880584 0.4081086569101907 -0.31137523130093403 
-0.027932993341527202 0.015253582745922088 20.855000000000313 0.0036750646861894417 0.4169174516258272 -0.5050536866113311 
-0.028988430628408994 0.012159064134015001 20.865000000000315 0.00385505717864918 0.4169174516258272 -0.5297895428863972 
-0.03495632240432845 0.014226620297089744 20.880000000000315 0.0036220753115097084 0.4297959295005105 -0.48285619798498514 
-0.032703584661251325 0.014456794804535078 20.915000000000315 0.0035789366233917735 0.44602131346717744 -0.4597492484633037 
-0.038644857766973274 0.016086269052693697 20.940000000000317 0.004299316353331043 0.44602131346717744 -0.5522890373165364 
-0.03820473161080819 0.018581414473747972 20.955000000000318 0.0050326744108721375 0.44602131346717744 -0.6464960186878628 
-0.03786862392726971 0.01706457661450737 20.96500000000032 0.004941085523644112 0.5256682510997773 -0.5385589601915296 
-0.044534875657964344 0.020457348638334948 20.99500000000032 0.0052336879253896814 0.5379886649704847 -0.5573876346072456 
-0.03642729939978247 0.010262007045647418 21.020000000000323 0.005282124435868129 0.5379886649704847 -0.562546121775202 
-0.03935074873993767 0.010465696023631066 21.035000000000323 0.00412356128861801 0.5379886649704847 -0.4391591752482388 
-0.03630816411529651 0.015488380260577575 21.045000000000325 0.005775071122467529 0.5451150636708285 -0.607004325796942 
-0.034268299611393944 0.016332131330071588 21.075000000000326 0.004566818618736788 0.5485444863313532 -0.4770067682301421 
-0.0345797661748314 0.020988342730177384 21.085000000000328 0.004627930037781007 0.5485444863313532 -0.483389890253128 
-0.02878225810428245 0.014867172880618727 21.120000000000328 0.004409110390413553 0.5485444863313532 -0.4605340552550478 
-0.021017648409213243 0.01739766240250025 21.13500000000033 0.004000732206124565 0.5503391792634509 -0.4165159941543413 
-0.020489037092930276 0.015383973462131138 21.16000000000033 0.0016195226176222203 0.39639343963029317 -0.23409017793603598 
-0.009092154866552423 0.019237558227449488 21.17500000000033 0.001392242855402019 0.39639343963029317 -0.2012385465969808 
-0.010955352111885036 0.014388813253558598 21.185000000000333 0.002806666767226602 0.39639343963029317 -0.40568320306131905 
-0.009602599209131832 0.021238598939218308 21.215000000000334 0.0018873850633918097 0.3954151092331584 -0.27348271708205574 
0.002526178302987604 0.01134622896872268 21.240000000000336 0.0010005490564267113 0.3961901122390574 -0.14469628685346062 
0.002526178302987604 0.01134622896872268 21.240000000000336 0.0010005490564267113 0.3961901122390574 -0.14469628685346062 
0.0012195910426646673 0.013851999948556189 21.28000000000034 0.0014639152839445505 0.4034583785069621 -0.20789298674403636 
0.0010573842890385324 0.012536462363617225 21.32500000000034 -0.0005517700375672484 0.4034583785069621 0.07835775906146582 
0.0010573842890385324 0.012536462363617225 21.32500000000034 -0.0005517700375672484 0.4171246262955296 0.07579052499283481 
-0.00669726723211635 0.013237356050356548 21.34000000000034 0.0017218111380142712 0.4171246262955296 -0.23650608261364192 
-0.0064936984916989585 0.014773410273352749 21.370000000000342 0.0033329534949716995 0.408865238405997 -0.4670589491044751 
-0.007850754645984021 0.009592273488460156 21.380000000000344 0.004933752529862333 0.408865238405997 -0.6913847658587308 
-0.007105062287220252 0.01092843873508901 21.395000000000344 0.0022072295857452125 0.42286303859173174 -0.29906832269090755 
-0.010749683144047248 0.011812920592846962 21.425000000000345 0.004201116124689931 0.42286303859173174 -0.5692297534225675 
-0.009977881693198437 0.007914948489971558 21.435000000000347 0.003711959753547475 0.42286303859173174 -0.5029515663250737 
-0.010423589018357226 0.011120159076137478 21.455000000000346 0.0005100445278932028 0.4351595191398817 -0.06715560047907229 
-0.015392994682423788 0.007922241281503348 21.465000000000348 0.0005100445278932028 0.4351595191398817 -0.06715560047907229 
-0.017717521006555378 0.00820065451351528 21.49500000000035 0.0012911400636211117 0.4486989334058664 -0.16486973981466366 
-0.016000440111646072 0.0025751561147024675 21.51000000000035 0.0014570772015394563 0.4486989334058664 -0.18605877540036114 
-0.022637774063724445 0.0036776057056073118 21.54000000000035 0.0018341984492884476 0.46437711035607543 -0.22630708445790104 
-0.025593296825422194 0.0014298491430282576 21.55500000000035 0.0012508687953622167 0.46437711035607543 -0.15433470147551773 
-0.02347868738065313 0.00706520731606031 21.580000000000354 0.0031850706651610355 0.45882286838798686 -0.39773760014580656 
-0.033778496351432125 0.015819636346834594 21.595000000000354 0.004279982413903927 0.45882286838798686 -0.534465358207786 
-0.033337890230233355 0.008531849695411358 21.605000000000356 0.004279982413903927 0.4719299112235117 -0.5196215007248561 
-0.031245654238752463 0.006452190216878413 21.64500000000036 0.002486424686489888 0.4823227716524415 -0.29536577782743867 
-0.03577129702149044 0.006596967098284276 21.66000000000036 0.0034363296337554614 0.4823227716524415 -0.4082062813567497 
-0.02033914429910939 -0.004118291666403976 21.67000000000036 0.003023863514510381 0.49188432305406243 -0.3522263448636048 
-0.01820159461873394 -0.0034506630493724884 21.68500000000036 0.0024219448617468593 0.49188432305406243 -0.2821135219961848 
-0.03244147974810069 0.002783049859778698 21.70000000000036 0.0024219448617468593 0.49188432305406243 -0.2821135219961848 
-0.02962342603554696 0.009175636988878019 21.745000000000363 0.004328724434142536 0.5014961637974167 -0.4945554097034159 
-0.024095213981769864 0.009850861756731224 21.755000000000365 0.005087837433516519 0.5014961637974167 -0.5812838319276307 
-0.0210754043973668 0.007314944024671464 21.770000000000366 0.004098892069213782 0.4575777020585608 -0.5132444504814149 
-0.027752491342629214 0.010347174085223586 21.785000000000366 0.004883921270061558 0.4575777020585608 -0.6115422036296856 
-0.02282630255204832 0.009774032938206858 21.800000000000367 0.0054287944208596065 0.46435022762214473 -0.669854324724336 
-0.021569747447961526 0.014173514089860844 21.830000000000368 0.0043303240538222695 0.4706601911528123 -0.5271516411878614 
-0.018547058357158086 0.018017238986340334 21.85500000000037 0.0037546029171216383 0.4706601911528123 -0.4570662761421684 
-0.008538900501969713 0.008205553980079586 21.86500000000037 0.002944817806365283 0.4783942965945443 -0.35269156204574237 
-0.0116204245193039 0.010766538345784407 21.895000000000373 0.0027300997672274835 0.4783942965945443 -0.3269754581634516 
-0.016473213148970375 0.017170010838930144 21.915000000000372 0.0025110843673042324 0.48680199038721317 -0.2955504272555873 
-0.012952513376303812 0.022485886464459464 21.925000000000374 0.0021371192147541444 0.48680199038721317 -0.2515353547020777 
-0.011020180997534055 0.017494429983021 21.955000000000375 0.0032438661458272077 0.44819360636352484 -0.4146865033824668 
-0.010794152391274564 0.017126869428154057 21.980000000000377 0.0015947104263778886 0.44819360636352484 -0.20386318697918163 
-0.00984228613109468 0.020317393717438986 21.995000000000378 0.001592336048112762 0.44819360636352484 -0.20355965330170878 
-0.008963120021233156 0.018801851841865766 22.00500000000038 0.0022564476500074667 0.4547591304139582 -0.28429319697210925 
-0.006134255630416231 0.021645578325661004 22.03500000000038 0.0013130930707152314 0.4547591304139582 -0.16543854983487954 
-0.007131292691626979 0.013111457159353867 22.045000000000382 3.7312537533632254e-05 0.4547591304139582 -0.0047010621241503365 
-0.006555751621787835 0.012526718114096683 22.075000000000383 -0.0005714378679188408 0.4703613942657478 0.06960813214021037 
-0.003907606454258213 0.01683685018639392 22.085000000000385 0.00023906987953743858 0.4703613942657478 -0.02912163981395382 
-0.009667368680683412 0.018588701260487853 22.100000000000385 0.0015464310103509142 0.4703613942657478 -0.18837424006613745 
-0.004619003622024538 0.01765465919911437 22.135000000000385 0.0018781051705516615 0.4803421947844732 -0.22402258415501208 
-0.01626256947373322 0.02082021998397706 22.145000000000387 0.0007465055061732114 0.4803421947844732 -0.08904405099409102 
-0.006029452446807429 0.016984690778592326 22.175000000000388 0.001790818139021232 0.4649247235594263 -0.22069448244404635 
0.006954244930490251 0.016238444225880506 22.18500000000039 0.0011650637546662455 0.4649247235594263 -0.14357858944343427 
0.0002368777765097028 0.01590773218991735 22.21500000000039 0.0006148480349959687 0.4728939610317294 -0.07449491926334255 
-0.000951424256970189 0.012882432555255893 22.240000000000393 0.0012126767324797437 0.4806216838007186 -0.1445653848477084 
-0.0002458188417186253 0.016618873654089247 22.255000000000393 0.00010132209880604951 0.4806216838007186 -0.012078790509587647 
-0.0016165245951241655 0.011329099146873836 22.265000000000395 0.00010132209880604951 0.4806216838007186 -0.012078790509587647 
-0.0018561376735966345 0.015395199164993668 22.295000000000396 0.0004136294048400573 0.48908125187082674 -0.04845660938584227 
-0.00024049843354173313 0.011115679669551659 22.315000000000396 0.0034035059385855546 0.49722688813970445 -0.39218821523962677 
0.006193047966185781 0.007983322641034374 22.340000000000398 0.0025568989674714326 0.49722688813970445 -0.2946331402663596 
0.007159972847275035 0.013657503236702576 22.3650000000004 0.003629079016521158 0.40098406524579705 -0.5185515565031031 
0.005105921272375616 0.009768612597766914 22.3750000000004 0.002465337826302394 0.40098406524579705 -0.3522669970301623 
0.006954884394758613 0.005447460593804086 22.390000000000402 0.002295045269590795 0.406750768426003 -0.3232849645198369 
0.0025068711930459394 0.003634781524428166 22.405000000000403 0.0012296263548694896 0.406750768426003 -0.1732077871289732 
0.003597585766656004 0.004008336892263317 22.445000000000405 0.0017419234617770895 0.4155249308376145 -0.24018983023102541 
0.003871137061290164 0.003810962612291936 22.460000000000406 0.0019761515864186005 0.4155249308376145 -0.2724870090264594 
0.012192507699460139 0.0013722794008972227 22.475000000000406 0.00408867031436626 0.4155249308376145 -0.5637773703767572 
0.008949663082440133 0.000990081865901151 22.485000000000408 0.0019351212554710505 0.42928403040093055 -0.25827720793852293 
-0.0055071486192380305 0.005888589287007204 22.50000000000041 0.004500147669840859 0.42928403040093055 -0.6006267422217021 
-0.0036720565105752305 0.003981780665180862 22.53500000000041 0.0031452436528676573 0.44592324457338345 -0.40412602178214274 
-0.005210109338533426 0.0031964534001086846 22.54500000000041 0.003913374473638693 0.44592324457338345 -0.5028216037677946 
-0.007061970928795669 0.001684492942641773 22.57500000000041 0.0025299338354115722 0.4009984441667558 -0.3614840240032168 
-0.011106730448266022 -0.0009529747545290825 22.600000000000414 0.0029435532924562144 0.413888121321068 -0.4074849500180471 
-0.01672075258101275 0.01018344912209707 22.615000000000414 0.0032120779396014516 0.413888121321068 -0.4446576258792293 
-0.019662930802385115 0.010718996555980978 22.640000000000416 0.0026296459770381786 0.4268775374250007 -0.3529527859598718 
-0.017654814505282605 0.01595575626740242 22.655000000000417 0.0006681350197601639 0.4268775374250007 -0.08967751502706559 
-0.014176845704584698 0.028905113898041485 22.66500000000042 0.0027363130583558217 0.4268775374250007 -0.3672697106904298 
-0.023855443184127027 0.023863107230538173 22.68000000000042 0.004392493406960246 0.4268775374250007 -0.5895633095992522 
-0.022885887852974005 0.02672581786013604 22.71000000000042 0.006008505072498611 0.44269940744438624 -0.7776427436948055 
-0.0304369659136805 0.033321605747132714 22.74000000000042 0.007957409876863556 0.4605400099430402 -0.9899813088039561 
-0.031628973792393364 0.03919388948638765 22.755000000000422 0.0057852974193222835 0.4682488395507075 -0.7078995127316229 
-0.03904037647221243 0.04737049939332018 22.780000000000424 0.00922358385810285 0.4682488395507075 -1.128614493869038 
-0.03777535570343501 0.052890806383157046 22.795000000000424 0.013173753801350965 0.48132452882643345 -1.568173753791836 
-0.035284695131106734 0.05518141138157817 22.805000000000426 0.012905805450694627 0.48132452882643345 -1.5362777902565232 
-0.03790251478359248 0.060509911694594506 22.835000000000427 0.014750819265339419 0.49166568865015553 -1.7189722768423388 
-0.034146034395334306 0.06255168568034086 22.84500000000043 0.016390486253765588 0.49166568865015553 -1.910049263527478 
-0.03812205201716506 0.07231612238094909 22.87500000000043 0.016518687038530884 0.49166568865015553 -1.9249890164264098 
-0.03792651344988627 0.08059806715421962 22.900000000000432 0.019368853125563266 0.500753377935471 -2.2161678522846735 
-0.04369954045777946 0.09146455455813836 22.930000000000433 0.022151320540008634 0.5095469351866577 -2.490795430099133 
-0.03754009079717271 0.09511591051528306 22.940000000000435 0.025445150453902443 0.5095469351866577 -2.861168676345667 
-0.03815598996040988 0.09872091635275566 22.955000000000435 0.025521737891200085 0.4643784063080058 -3.148914435170775 
-0.041426382312639565 0.10683323400180783 22.985000000000436 0.028894739198710207 0.4643784063080058 -3.565080942026515 
-0.041426382312639565 0.10683323400180783 22.985000000000436 0.028894739198710207 0.4643784063080058 -3.565080942026515 
-0.04184901545875258 0.11473592216558305 23.015000000000438 0.03013148008272821 0.4701162097102299 -3.672297622511142 
-0.038755409801544946 0.12922502451445336 23.02500000000044 0.03169341177235916 0.4701162097102299 -3.8626592647075526 
-0.035334666409304334 0.12695180755939123 23.05500000000044 0.03225957585458694 0.4747322249717119 -3.8934318087635726 
-0.04202985808597104 0.13060830492421904 23.080000000000442 0.03498000446688797 0.4807626424741121 -4.168806904353783 
-0.03444633490701468 0.1336817925012748 23.095000000000443 0.03447963886122382 0.4807626424741121 -4.109174905347939 
-0.0372265794921895 0.14350268371913766 23.115000000000443 0.03739883524897727 0.4807626424741121 -4.457075548641193 
-0.04302716027209656 0.14873268857853847 23.125000000000444 0.04027611058246424 0.48853474238470257 -4.723617281164018 
-0.040966395769501424 0.15261306966115606 23.155000000000445 0.043631923427175145 0.4396164207149475 -5.686605291834855 
-0.04515839278915339 0.16569480427497402 23.165000000000447 0.04486664372821987 0.4396164207149475 -5.84752799352542 
-0.047134232125951574 0.16913272431005252 23.20500000000045 0.04967448262940448 0.4469006182962977 -6.368615498924619 
-0.05087268636513964 0.167066174397389 23.22000000000045 0.05484917966642225 0.4469006182962977 -7.032047788658883 
-0.04214999603754306 0.16831360503807333 23.23500000000045 0.054075786478209126 0.4469006182962977 -6.93289338212056 
-0.05185323691988253 0.1742411133024045 23.245000000000452 0.05878210266525101 0.4550941378249255 -7.4005927866274686 
-0.05130215706383934 0.1777270982450002 23.275000000000453 0.05868409891257458 0.4654393789390932 -7.2240367797903495 
-0.06030211503411468 0.19205619892931974 23.285000000000455 0.06797159844627906 0.4654393789390932 -8.367331802922935 
-0.06257112097537802 0.19171950434045085 23.330000000000457 0.07043109849045437 0.4770182105272478 -8.45964493790065 
-0.06401831432684106 0.1994043454785887 23.340000000000458 0.07725620615924894 0.4210674948981143 -10.512458472218638 
-0.06863642442560226 0.19266174068593764 23.35500000000046 0.08136435155128662 0.4210674948981143 -11.071464796482235 
-0.06758130244274303 0.2006582547927136 23.38500000000046 0.08368224628006529 0.4210674948981143 -11.386866927788462 
-0.07509057256898999 0.20880204992967216 23.39500000000046 0.09049189336962493 0.4309653483317591 -12.030673905216391 
-0.07994905462675002 0.2103225167221973 23.410000000000462 0.09683683413299454 0.4309653483317591 -12.874218121494634 
-0.07465107702065137 0.21640396260839806 23.425000000000463 0.09996825540783626 0.4309653483317591 -13.29053285218103 
-0.08264743818948346 0.22139863710565888 23.455000000000464 0.10717575740227456 0.4403363591763868 -13.94551786900822 
-0.08690275391213463 0.23002734075696202 23.470000000000464 0.1142493794219178 0.4507506914474446 -14.522456375705685 
-0.08788019650135254 0.23504694107201124 23.480000000000466 0.11758580990157175 0.4507506914474446 -14.946556413154585 
-0.09520286012862467 0.23937080511596368 23.515000000000466 0.12715392320976068 0.4507506914474446 -16.16277753242069 
-0.09522275390597658 0.2413396004046014 23.540000000000468 0.13292374507377397 0.46386101119736645 -16.4186456847084 
-0.10092427315458422 0.24422358850110676 23.55500000000047 0.13795795918753218 0.45892719509438246 -17.223666185347852 
-0.11611534232883079 0.25430856856560186 23.56500000000047 0.15090929650375584 0.45892719509438246 -18.840604504109496 
-0.11947673021154233 0.25741528337683345 23.60000000000047 0.1587369272487681 0.4750014805551571 -19.147216075200213 
-0.12599979498607325 0.2576260736963412 23.625000000000473 0.1651363417905333 0.4750014805551571 -19.919128289387967 
-0.12767067383273628 0.2633162857458405 23.640000000000473 0.17326552324667557 0.4750014805551571 -20.899688997932707 
-0.1315701349759418 0.27129240767423646 23.655000000000474 0.18246441999783972 0.4889831760981791 -21.379960882497944 
-0.13914850391643835 0.2729632017312647 23.680000000000476 0.18956297681278605 0.4889831760981791 -22.211722313178726 
-0.13914850391643835 0.2729632017312647 23.680000000000476 0.19905638368826012 0.5003978579421151 -22.792045348430296 
-0.1431306327516836 0.2728364507743091 23.715000000000476 0.20250652507694278 0.5003978579421151 -23.187088087237917 
-0.14006888449952593 0.2616504960252875 23.725000000000477 0.20236782307651063 0.5101268863488279 -22.7292904605024 
-0.14759989355207684 0.27314542200178293 23.76500000000048 0.2112931881053462 0.45411501382160907 -26.658902590381764 
-0.14759989355207684 0.27314542200178293 23.76500000000048 0.2112931881053462 0.45411501382160907 -26.658902590381764 
-0.15674004085058094 0.28052881334827884 23.79500000000048 0.22076431567808433 0.45411501382160907 -27.853876596154343 
-0.1462751294962198 0.28688380705983507 23.805000000000483 0.22308903048037648 0.45411501382160907 -28.147186314373116 
-0.14928328662240933 0.28421703160639056 23.835000000000484 0.22063514450458793 0.46078430756699795 -27.434663865009902 
-0.16314586355576824 0.2920697817295491 23.845000000000486 0.23145117015621908 0.46696219624380697 -28.39881969030272 
-0.16725104002090396 0.2938676422248218 23.875000000000487 0.23738999062097188 0.46696219624380697 -29.127506831688784 
-0.17195635029644862 0.299828881278279 23.890000000000487 0.24484592596840607 0.4741130462530576 -29.589226240094842 
-0.17225279247403058 0.30028940195645293 23.92000000000049 0.2516575186221213 0.4820495646165179 -29.911682860357043 
-0.17393627194324235 0.2941637866147589 23.93500000000049 0.252631727387387 0.4820495646165179 -30.027476037473125 
-0.18094754613050984 0.2967289759466075 23.96000000000049 0.25800518395083927 0.4308946419546454 -34.306781040075 
-0.17459786493032903 0.2935571292158649 23.97500000000049 0.25518040439066547 0.4308946419546454 -33.93117194426773 
-0.18294899486321686 0.3012617777078213 24.000000000000494 0.26391792614305626 0.4374963375386676 -34.56345118433365 
-0.18510907431022683 0.2992120559699702 24.010000000000495 0.2694405384194962 0.4374963375386676 -35.28670838257061 
-0.18928658867030823 0.3016850457629579 24.040000000000497 0.2750025209903296 0.4374963375386676 -36.01512162787214 
-0.1964755983065336 0.2982203081661322 24.055000000000497 0.27882861417546523 0.442561296449974 -36.09828271899418 
-0.19733110087069647 0.3059153165468805 24.0800000000005 0.28236355049181994 0.4505451504323392 -35.90814309284187 
-0.20010314475695926 0.30339295889247736 24.0950000000005 0.2863465103765048 0.4505451504323392 -36.41465568351868 
-0.20560923266479048 0.3074433582631176 24.1250000000005 0.2914871193329755 0.4601304718975287 -36.29618714738153 
-0.20560923266479048 0.3074433582631176 24.1250000000005 0.2914871193329755 0.4601304718975287 -36.29618714738153 
-0.21208951273623233 0.30884711123909847 24.1650000000005 0.29783935279533785 0.4272870710588248 -39.937875596829095 
-0.2212680376828344 0.3135964488144207 24.1900000000005 0.3080630001610147 0.43791506190068774 -40.30624033974662 
-0.2212680376828344 0.3135964488144207 24.1900000000005 0.3080630001610147 0.43791506190068774 -40.30624033974662 
-0.22628661554798019 0.3143510111157253 24.2100000000005 0.31796166126914815 0.43791506190068774 -41.601357940554244 
-0.23308174585973312 0.3195053125738824 24.2400000000005 0.3288217176207872 0.4475071742932824 -42.100099650171025 
-0.2414371664524434 0.3187595371521911 24.2550000000005 0.3360635057271973 0.4475071742932824 -43.027289019326034 
-0.23661441867214414 0.3212615596526613 24.2650000000005 0.3360635057271973 0.4475071742932824 -43.027289019326034 
-0.24366332526378143 0.32377412590087484 24.280000000000502 0.34945193001119207 0.45659698524164744 -43.85075105510369 
-0.24696634849153157 0.32537477202637266 24.315000000000502 0.35158448896254285 0.45659698524164744 -44.11835384580232 
-0.25287659452937955 0.3286915418462351 24.340000000000504 0.36027082649456915 0.4659515596836971 -44.300737728705585 
-0.25683515958180847 0.328364880905808 24.355000000000505 0.3677822086679506 0.4406743303778656 -47.81846112662015 
-0.2636390561254133 0.33563572853101076 24.380000000000507 0.37806753254262765 0.4406743303778656 -49.15574267065478 
-0.26864669568305305 0.336986701900351 24.40500000000051 0.3836985095833601 0.450086853694796 -48.84458415995875 
-0.26864669568305305 0.336986701900351 24.40500000000051 0.3836985095833601 0.450086853694796 -48.84458415995875 
-0.27367888220839687 0.33766994009041135 24.43500000000051 0.38947309196896507 0.4595086623087107 -48.56309844435601 
-0.2772979893605243 0.33939098851758187 24.460000000000512 0.39397388699836655 0.4595086623087107 -49.124299093637596 
-0.2854287465118563 0.3407856887396203 24.475000000000513 0.4048504751872615 0.4695905865605295 -49.39669624128206 
-0.2875687883926636 0.34993098076490364 24.485000000000515 0.4179702955601044 0.4695905865605295 -50.99747435917296 
-0.29103814228834024 0.3482714949969395 24.520000000000515 0.4192410251569408 0.4801916356616745 -50.02323979910974 
-0.30056905073736206 0.3495507579193308 24.535000000000515 0.430994396058297 0.4801916356616745 -51.42563521312326 
-0.2970001605198589 0.34411942245085403 24.545000000000517 0.4306145810102477 0.4675175435072903 -52.773202698642145 
-0.3018268201708498 0.3496347580506691 24.575000000000518 0.4394629862633431 0.4675175435072903 -53.857603238182215 
-0.31137695122063097 0.3496999237308285 24.58500000000052 0.4481720025012344 0.476855787424209 -53.849329118876646 
-0.31054648499223114 0.34941912574612244 24.61500000000052 0.44554099445687634 0.476855787424209 -53.53320491365108 
-0.31717597184707214 0.35127709437498955 24.640000000000523 0.44710482814741936 0.476855787424209 -53.721104636568306 
-0.31941963660780825 0.3490418426137607 24.655000000000523 0.4508650869398066 0.4853374298739292 -53.22619897286744 
-0.32086617727917977 0.34576781013758984 24.680000000000526 0.446080596732072 0.4935504955256238 -51.78504681310377 
-0.32304851003601165 0.34942588723589063 24.695000000000526 0.44826336238949227 0.4935504955256238 -52.03844187798581 
-0.32701760095331295 0.3474865923805837 24.710000000000527 0.44923254563868986 0.4935504955256238 -52.15095338442176 
-0.33007113098703456 0.34627790679694964 24.740000000000528 0.4464245312486753 0.5011431131130619 -51.039794506533646 
-0.33607397350584306 0.343011496218693 24.75000000000053 0.4508275572662357 0.40733634848939676 -63.413236789056455 
-0.3378243823089434 0.3476662274390962 24.76500000000053 0.4540302251171412 0.40733634848939676 -63.86372285964559 
-0.33792636860540703 0.3448199415571056 24.79500000000053 0.4473654542428338 0.40733634848939676 -62.926258663445914 
-0.34540705262964466 0.3401592816987427 24.820000000000533 0.4460753017237559 0.41458166319781575 -61.648245454601785 
-0.34843060021439776 0.33655460948635024 24.835000000000534 0.4451827167537804 0.4221281945979096 -60.42498726353943 
-0.351121823520066 0.33356066675876406 24.860000000000536 0.4411683620722921 0.4221281945979096 -59.88011586271544 
-0.3577891830134959 0.3290445945776314 24.875000000000536 0.4407702384101464 0.4221281945979096 -59.82607823656974 
-0.3632520361592473 0.32395588317768104 24.885000000000538 0.43987445166909456 0.4324728509813555 -58.276373971407885 
-0.36849087441023193 0.32460449804330876 24.920000000000538 0.43454699254499585 0.4324728509813555 -57.57057030616815 
-0.37850772410825034 0.3248759632179834 24.93000000000054 0.4430130673321103 0.446535753047065 -56.843777578991606 
-0.3822609266587332 0.32418703442550484 24.96000000000054 0.4413529542911009 0.446535753047065 -56.63076558585241 
-0.3922749089648207 0.3201458357423672 24.985000000000543 0.4427807392823464 0.42104078810745915 -60.25418041941829 
-0.39848265184350545 0.31925783568274974 24.995000000000545 0.44935755222687224 0.4382925689364284 -58.74224903562895 
-0.4106573722306423 0.31704667344726306 25.010000000000545 0.45591061207404426 0.4382925689364284 -59.59889753653945 
-0.4130743046976998 0.3170969645645222 25.040000000000546 0.4548886670181831 0.4534005662910919 -57.48382932486384 
-0.4154654621868118 0.3141507911463723 25.055000000000547 0.4558063177661415 0.4534005662910919 -57.59979193901569 
-0.4186745462335202 0.31143387326686145 25.08000000000055 0.4513377045187902 0.4661175992563683 -55.47901569326122 
-0.4186745462335202 0.31143387326686145 25.08000000000055 0.4513377045187902 0.4661175992563683 -55.47901569326122 
-0.4247619942992997 0.305382704833577 25.11500000000055 0.4408673451180598 0.47801664272049993 -52.843009935057744 
-0.4297847973821828 0.30438474370863267 25.14000000000055 0.43722346993050853 0.47801664272049993 -52.40624968309053 
-0.4369369258768145 0.30673971348653184 25.155000000000552 0.4400236638944173 0.4889934615539103 -51.5579466991578 
-0.4402869973310627 0.30092661913926955 25.165000000000553 0.43851570898317094 0.4889934615539103 -51.3812583405121 
-0.44108778406674776 0.29636025739280203 25.195000000000555 0.4286828067243704 0.5000448357268055 -49.11902657574462 
-0.4484129914059776 0.2961828561313338 25.220000000000557 0.42577716218066797 0.5000448357268055 -48.78609409204566 
-0.4516605259909466 0.2916819941781728 25.235000000000557 0.42088613289762433 0.5090036985806597 -47.37686413253978 
-0.4497299148251401 0.291955368178063 25.26000000000056 0.4153078643414624 0.5090036985806597 -46.74894876345732 
-0.44833168482491337 0.28173835856595236 25.27500000000056 0.40306679569625325 0.5152283043987016 -44.82289901019522 
-0.4508874933073091 0.27591403698467265 25.300000000000562 0.38337742656746643 0.5152283043987016 -42.63334975072425 
-0.45143884487648395 0.27818352336653424 25.315000000000563 0.36732447488536135 0.5152283043987016 -40.84818699421484 
-0.44900115640937366 0.2728882671352334 25.345000000000564 0.3607405692134453 0.5187601889731336 -39.84290343480426 
-0.45064367021302865 0.2701058872512765 25.360000000000564 0.3543673391292632 0.48242980826505827 -42.08643948102099 
-0.44987922339311526 0.26237219723013094 25.375000000000565 0.3414131221159959 0.48242980826505827 -40.547931807902685 
-0.4457637504574418 0.25267840526882906 25.400000000000567 0.32097442506003815 0.48376662584503666 -38.01518936006402 
-0.4347201505554552 0.24457705952182718 25.415000000000568 0.29255863064011794 0.48376662584503666 -34.64971310603581 
-0.4404494897236054 0.24242449084210727 25.44000000000057 0.28164135114378486 0.4855363496527506 -33.2351239375626 
-0.4421134454218904 0.23693817142020163 25.45500000000057 0.26513015420749775 0.4855363496527506 -31.28671801525591 
-0.44003099986617816 0.22050337337490963 25.465000000000572 0.2382901094238251 0.4855363496527506 -28.1194550716135 
-0.44374990228502836 0.21503496886599277 25.480000000000572 0.22338401283744852 0.48864834766542936 -26.192580426047545 
-0.44187883162631864 0.2183243644325426 25.515000000000573 0.21393600460055584 0.48864834766542936 -25.084767416211218 
-0.43989015023675276 0.2113329700125785 25.540000000000575 0.1971804247421931 0.49333672434880776 -22.900395577153066 
-0.43711901245639306 0.19881704820307258 25.550000000000576 0.17209128117565636 0.49333672434880776 -19.98656012357352 
-0.4379412616235283 0.19433721064872772 25.565000000000577 0.15731469331091452 0.3860319366975661 -23.34902148049958 
-0.4391797925322898 0.20071568811882004 25.595000000000578 0.15666263980315187 0.3860319366975661 -23.252242145786738 
-0.44380056793942124 0.19549575153739532 25.62000000000058 0.14854548812255225 0.3926035055267711 -21.678434897603296 
-0.44184421258779055 0.18952685829306884 25.63500000000058 0.1366953996657605 0.3926035055267711 -19.949056413017743 
-0.4469289958221817 0.17612886050399168 25.645000000000582 0.11926713250984444 0.3991995522882082 -17.118013505456208 
-0.4520712499922059 0.1635726258728748 25.660000000000583 0.10540675160732338 0.3991995522882082 -15.128679290008888 
-0.4529164574989892 0.16403987294558417 25.690000000000584 0.08924337375533897 0.4085151801389099 -12.51671642642705 
-0.4574369498849231 0.14969437444746456 25.720000000000585 0.07210079123502289 0.4085151801389099 -10.112405213230844 
-0.46952294963208485 0.15867428112158746 25.735000000000586 0.06992940327935387 0.42213850268033865 -9.49133908974252 
-0.48444658105537836 0.13685074991803114 25.745000000000587 0.05252612346809871 0.42213850268033865 -7.129236423108422 
-0.4841971857652475 0.14494161096853103 25.77000000000059 0.05073846253047387 0.4669640586936861 -6.225532153612248 
-0.49374885165490257 0.13906305384830822 25.78500000000059 0.046214457658037056 0.48322702721580135 -5.479605293495026 
-0.49496822675600066 0.13423225828762556 25.81500000000059 0.037738243876002386 0.48322702721580135 -4.474588503024148 
-0.4992158227174595 0.13102475545278272 25.840000000000593 0.030920086168473193 0.4954401940402926 -3.5757907027831264 
-0.5115851668064574 0.1230695717235939 25.855000000000594 0.018326421511588198 0.4954401940402926 -2.119381145943865 
-0.506445825414739 0.12580668484372254 25.870000000000594 0.014657318981371403 0.4954401940402926 -1.6950633531789585 
-0.505612718379177 0.1213548234470103 25.895000000000596 0.008691246097838112 0.4954401940402926 -1.005109650177416 
-0.5114825621185722 0.10710213687229687 25.925000000000598 -0.007650385725273601 0.504922852124619 0.8681223514857358 
-0.5191098892779366 0.10615209901149693 25.940000000000598 -0.01962862848530733 0.504922852124619 2.227345356040266 
-0.5257013217295301 0.11539010655819584 25.9550000000006 -0.01490124392408021 0.504922852124619 1.690908586831079 
-0.5319990242189024 0.08838203000019199 25.9650000000006 -0.04082728012456527 0.42443903900118435 5.511347037352548 
-0.530439494059552 0.09648328778156391 25.9950000000006 -0.04068192336358911 0.42443903900118435 5.49172507009142 
-0.5251463991210533 0.1118864768429521 26.005000000000603 -0.028992309647022985 0.4295225328050027 3.8674035801166493 
-0.5288752432074023 0.09154817102545683 26.035000000000604 -0.04847396387692762 0.4295225328050027 6.466141667306759 
-0.5276293555804404 0.06874531591968733 26.045000000000606 -0.04847396387692762 0.4372439661025302 6.351953970169356 
-0.5357263164307255 0.06133524090512187 26.075000000000607 -0.075096754752736 0.4372439661025302 9.840563703632274 
-0.5406706822323065 0.046060312940335246 26.08500000000061 -0.12958455520918932 0.4474815404238016 16.592076840834164 
-0.5432764188961255 0.02098630161733806 26.11500000000061 -0.17054774595913114 0.4590767339541621 21.285474357982242 
-0.5531112222942535 -0.007452017088339338 26.14500000000061 -0.22265036102552582 0.4590767339541621 27.788221554918657 
-0.5531112222942535 -0.007452017088339338 26.14500000000061 -0.22265036102552582 0.4590767339541621 27.788221554918657 
-0.5581493010818448 -0.021018384128794303 26.175000000000612 -0.2696652517459606 0.409167769697142 37.76123622301114 
-0.5612151864685834 -0.06330357296747895 26.185000000000613 -0.37091909476341145 0.409167769697142 51.93981599891628 
-0.5707853855961543 -0.07935614511858197 26.215000000000614 -0.41482634526899254 0.42043287032028875 56.53173310793582 
-0.5732876157986215 -0.09943776332900485 26.240000000000617 -0.4693491857439628 0.4313627085948615 62.34133578358924 
-0.5791083208425738 -0.14280000828397088 26.255000000000617 -0.5622251726462457 0.4313627085948615 74.67759471739294 
-0.5792559160722036 -0.14790081961167276 26.26500000000062 -0.6 0.4313627085948615 79.6950385902202 
-0.5822868275411005 -0.17286282034004657 26.28000000000062 -0.6 0.44387109397518404 77.44921481589286 
-0.5929297673127782 -0.21096117808334378 26.31000000000062 -0.6 0.4586278746470701 74.95721391619301 
-0.5949803032562171 -0.2724268504641984 26.34000000000062 -0.6 0.4586278746470701 74.95721391619301 
-0.6035464797253792 -0.3347088654214962 26.365000000000624 -0.6 0.4586278746470701 74.95721391619301 
-0.6179032609230389 -0.333086111150178 26.380000000000624 -0.6 0.4793730857981099 71.71338718487758 
-0.6179032609230389 -0.333086111150178 26.380000000000624 -0.6 0.4793730857981099 71.71338718487758 
-0.6198291808034084 -0.4227159095604448 26.420000000000627 -0.6 0.4930550518681211 69.72338601459951 
-0.6275246307705262 -0.5271355511615152 26.435000000000628 -0.6 0.5033432449202124 68.29825979545775 
-0.6250372500252048 -0.593893753033055 26.44500000000063 -0.6 0.5033432449202124 68.29825979545775 
-0.6272418198574248 -0.6757456402375411 26.47500000000063 -0.6 0.5101465954001815 67.38742945227771 
-0.6315195199346757 -0.7150013333559464 26.485000000000632 -0.6 0.5101465954001815 67.38742945227771 
-0.6310344858566843 -0.8278925072419558 26.520000000000632 -0.6 0.514440340878066 66.82498431046959 
-0.6284856788484255 -0.9833489851065734 26.535000000000633 -0.6 0.514440340878066 66.82498431046959 
-0.62891946631792 -1.1272658876540114 26.545000000000634 -0.6 0.514440340878066 66.82498431046959 
-0.6281777111783698 -1.232143305737363 26.575000000000635 -0.6 0.46532656726504573 73.87815380906095 
-0.6225896750834091 -1.4473178882839808 26.600000000000637 -0.6 0.46632070315838686 73.7206550663761 
-0.6166138450239123 -1.7315300223540717 26.615000000000638 -0.6 0.46632070315838686 73.7206550663761 
-0.6197365658301237 -1.9305907562522802 26.63000000000064 -0.6 0.4676382367258668 73.51295297950954 
-0.6110626607701777 -2.288647923923321 26.65500000000064 -0.6 0.4676382367258668 73.51295297950954 
-0.5927861839243486 -2.8801349165179695 26.680000000000643 -0.6 0.4676382367258668 73.51295297950954 
-0.5927861839243486 -2.8801349165179695 26.680000000000643 -0.6 0.4676382367258668 73.51295297950954 
-0.5641913430198658 -3.771425829626225 26.715000000000643 -0.6 0.470409973763772 73.07980192850437 
-0.5301776674216943 -5.0158725357431795 26.740000000000645 -0.6 0.4744713445299796 72.45425483367045 
-0.4555925145547857 -6.683824933910175 26.765000000000647 -0.6 0.4427219274451631 77.65024855722217 
-0.4555925145547857 -6.683824933910175 26.765000000000647 -0.6 0.4427219274451631 77.65024855722217 
-0.3527474290169674 -8.628207533888173 26.79500000000065 -0.6 0.4427219274451631 77.65024855722217 
-0.17193557131215184 -10.515896711245642 26.80500000000065 -0.6 0.4474230954265197 76.83436116563904 
-0.044830158965934674 91.73837202371489 26.83500000000065 -0.6 0.4474230954265197 76.83436116563904 
0.1162345648199917 52.98786850135012 26.860000000000653 -0.6 0.45263971981252415 75.94885336639915 
0.27729365879196227 17.28776586166427 26.875000000000654 0.037134359494662594 0.45263971981252415 -4.700520040192136 
0.3922884198182575 0.616345053806949 26.885000000000655 0.03886859449249214 0.45911364557929063 -4.850664844028521 
0.45910806779008156 -3.516534282359496 26.905000000000655 -0.36302192145837026 0.45911364557929063 45.30386794330664 
0.5283818173472762 -4.215586572924749 26.935000000000656 -0.6 0.4670227852820768 73.60982973686342 
0.610441263052856 -4.123053463168165 26.945000000000658 -0.07057406299330604 0.4670227852820768 8.658241267959886 
0.6420495990375422 -3.556947423721228 26.97500000000066 -0.5808323702949627 0.39622732055154447 83.99027956011916 
0.6807304238394699 -2.9224804193850664 26.99000000000066 -0.14153547133115896 0.39622732055154447 20.46649672562226 
0.6968158611568613 -2.4890202914045334 27.01500000000066 -0.30543991186523545 0.40582137323134726 43.1234503628505 
0.7130340075191983 -2.04852242155657 27.030000000000662 0.053887006048464636 0.40582137323134726 -7.608022200971826 
0.7327514419488006 -1.783009456142998 27.055000000000664 -0.6 0.4158464797545028 82.66865148923304 
0.7469753658510895 -1.498708321044398 27.065000000000666 -0.6 0.4158464797545028 82.66865148923304 
0.7553259894482511 -1.3378656423926372 27.095000000000667 -0.6 0.4275460208562499 80.40647329380205 
0.765213290387107 -1.160328548283159 27.110000000000667 -0.6 0.4416248132969926 77.84315254208904 
0.7745500656372669 -1.0533940733303835 27.14000000000067 -0.6 0.4416248132969926 77.84315254208904 
0.7827187892263459 -0.8888308344480963 27.15500000000067 -0.6 0.4371304783957412 78.64349297723167 
0.7890658404424338 -0.7934556997070868 27.18000000000067 -0.6 0.4371304783957412 78.64349297723167 
0.7940386799199863 -0.7123766990611827 27.19500000000067 -0.6 0.45158514843372477 76.12621413056651 
0.8027939348850863 -0.6625604732120308 27.220000000000674 -0.6 0.45158514843372477 76.12621413056651 
0.8061372800367151 -0.5793984800042875 27.235000000000674 -0.6 0.45158514843372477 76.12621413056651 
0.805536503382828 -0.5322145255953371 27.260000000000677 -0.6 0.4648458499010505 73.95455442953221 
0.8112977113020063 -0.5038692487157695 27.275000000000677 -0.6 0.47659222613022095 72.1318263769924 
0.8105019844512276 -0.46923721908740035 27.30000000000068 -0.6 0.47659222613022095 72.1318263769924 
0.8092849287610984 -0.4266775682663633 27.31500000000068 -0.6 0.47659222613022095 72.1318263769924 
0.8134919683648695 -0.3936334459690483 27.33000000000068 -0.6 0.487256926756777 70.55306106507034 
0.8115242740987602 -0.3561669806169676 27.36000000000068 -0.6 0.46596995478836895 73.77614662615473 
0.8099960677311482 -0.3208224584991757 27.385000000000684 -0.6 0.46596995478836895 73.77614662615473 
0.8077671693045735 -0.29061021280850313 27.395000000000685 -0.6 0.4749475180028998 72.38161355680461 
0.8018955633542589 -0.2792523770180519 27.410000000000686 -0.6 0.4749475180028998 72.38161355680461 
0.803357662949319 -0.26107109558569525 27.425000000000686 -0.6 0.4749475180028998 72.38161355680461 
0.798019008814155 -0.24745617659454752 27.490000000000688 -0.6 0.4831583421014476 71.15155573704497 
0.7867950680135526 -0.21333630820813787 27.50500000000069 -0.6 0.4981239530758882 69.01388197770937 
0.778181173549124 -0.20797004593269658 27.52000000000069 -0.6 0.4981239530758882 69.01388197770937 
0.7759127594027051 -0.19734736048296103 27.54000000000069 -0.6 0.4981239530758882 69.01388197770937 
0.7759127594027051 -0.19734736048296103 27.54000000000069 -0.6 0.4981239530758882 69.01388197770937 
0.7685069288643359 -0.1980757355452947 27.55500000000069 -0.6 0.4981239530758882 69.01388197770937 
0.7644183682575154 -0.17701347299379674 27.58500000000069 -0.6 0.4207975307167259 81.69598250563821 
0.7644183682575154 -0.17701347299379674 27.58500000000069 -0.6 0.4207975307167259 81.69598250563821 
0.755837923383108 -0.16711081516814152 27.61500000000069 -0.6 0.4207975307167259 81.69598250563821 
0.7405089995096156 -0.14665302355766138 27.625000000000693 -0.6 0.4207975307167259 81.69598250563821 
0.7334807829563157 -0.15242854094812058 27.660000000000693 -0.6 0.4267504692351487 80.55636768124248 
0.7304891059438869 -0.15610327002709365 27.685000000000695 -0.6 0.43607466725642297 78.83390228590044 
