-0.22164491750402232 0.2583197169760747 16.75499999999986 0.4546546060046946 0.3331836758947212 -78.18447284459238 
-0.22164491750402232 0.2583197169760747 16.75499999999986 0.4546546060046946 0.3331836758947212 -78.18447284459238 
-0.29360559708341116 0.3225056063107323 16.764999999999862 0.5488812308986769 0.3331836758947212 -94.388111602373 
-0.30929078706976576 0.35975340748416607 16.799999999999862 0.6 0.3839667429613431 -89.53240961108561 
-0.32766514273806824 0.4113398256413409 16.814999999999863 0.6 0.3839667429613431 -89.53240961108561 
-0.33755139890231634 0.44640883651287794 16.839999999999865 0.6 0.3839667429613431 -89.53240961108561 
-0.3341922190990999 0.47398100735667387 16.864999999999867 0.6 0.4152014889805094 -82.79707231363795 
-0.3341922190990999 0.47398100735667387 16.864999999999867 0.6 0.4152014889805094 -82.79707231363795 
-0.33536323714365246 0.5093175966534239 16.894999999999868 0.6 0.45377897333158357 -75.75817683982731 
-0.33101957852894875 0.534418612977009 16.91999999999987 0.6 0.45377897333158357 -75.75817683982731 
-0.3334688875497722 0.5579040351087593 16.93499999999987 0.6 0.4825941210739556 -71.23474200503405 
-0.32554770704588076 0.5883694396494603 16.944999999999872 0.6 0.4825941210739556 -71.23474200503405 
-0.3260895890539744 0.5989476143187199 16.974999999999874 0.6 0.5109724588864623 -67.27851395898432 
-0.3162962969864074 0.6074607549466937 16.989999999999874 0.6 0.5109724588864623 -67.27851395898432 
-0.3181821005714247 0.6137971339464641 17.004999999999875 0.6 0.5109724588864623 -67.27851395898432 
-0.31507829712088886 0.6318588906963272 17.064999999999877 0.6 0.43510289395281226 -79.00997255048756 
-0.3104905758155676 0.6508029472188366 17.079999999999878 0.6 0.43510289395281226 -79.00997255048756 
-0.3104905758155676 0.6508029472188366 17.079999999999878 0.6 0.43510289395281226 -79.00997255048756 
-0.3030572545445888 0.6633079938301798 17.094999999999878 0.6 0.43510289395281226 -79.00997255048756 
-0.2932004316983343 0.6678892544319193 17.10999999999988 0.6 0.43789115265787426 -78.50687893369843 
-0.2964421204516356 0.6799333133948595 17.13999999999988 0.6 0.43789115265787426 -78.50687893369843 
-0.3028425975546851 0.6966971509266474 17.15499999999988 0.6 0.44211493661514145 -77.7568565564542 
-0.29912664165578584 0.698943147426946 17.179999999999882 0.6 0.44211493661514145 -77.7568565564542 
-0.3018467524922533 0.712975384079821 17.209999999999884 0.6 0.4486607195430611 -76.6224146897931 
-0.3018467524922533 0.712975384079821 17.209999999999884 0.6 0.4486607195430611 -76.6224146897931 
-0.3040094727439385 0.7366900247211042 17.224999999999884 0.6 0.4567591175596069 -75.26388940306845 
-0.3092726374970658 0.7528194509623963 17.254999999999885 0.6 0.5225958309848842 -65.78213156247652 
-0.3132071188874694 0.7596196083080843 17.279999999999887 0.6 0.5225958309848842 -65.78213156247652 
-0.31844990257694816 0.7782943516786425 17.294999999999888 0.6 0.5225958309848842 -65.78213156247652 
-0.316144899105503 0.785101077633568 17.31999999999989 0.6 0.5272799998317104 -65.19774639436636 
-0.325481433301775 0.8009431703940709 17.344999999999892 0.6 0.5272799998317104 -65.19774639436636 
-0.32502053628784244 0.806007227564812 17.359999999999893 0.6 0.5285797567554683 -65.0374276889932 
-0.3354884759908052 0.8181454426362881 17.369999999999894 0.6 0.5285797567554683 -65.0374276889932 
-0.3397728953794388 0.8213159604445044 17.399999999999896 0.6 0.5265122913079352 -65.29281134624726 
-0.34719617523358615 0.8297743533864229 17.414999999999896 0.6 0.5265122913079352 -65.29281134624726 
-0.3572621707788316 0.8315357943615592 17.429999999999897 0.6 0.5265122913079352 -65.29281134624726 
-0.3628475504125473 0.8291836422024778 17.4699999999999 0.6 0.4892820618984755 -70.26104242297485 
-0.3628475504125473 0.8291836422024778 17.4699999999999 0.6 0.48499634678321457 -70.88191062852594 
-0.3711934715269551 0.8480049380122209 17.4999999999999 0.6 0.48499634678321457 -70.88191062852594 
-0.37621316010344724 0.8695990543044434 17.5149999999999 0.6 0.48499634678321457 -70.88191062852594 
-0.38551376081829647 0.8772806115422153 17.539999999999903 0.6 0.4835777624186346 -71.08984403234143 
-0.38850326539610935 0.8877164153932042 17.554999999999904 0.6 0.4864187916586552 -70.67462914133014 
-0.3984416088057399 0.9049689686787414 17.564999999999905 0.6 0.4864187916586552 -70.67462914133014 
-0.40365219040678985 0.920780583290948 17.599999999999905 0.6 0.4930358541893015 -69.72610088241196 
-0.40778743725109956 0.9377980304556655 17.614999999999906 0.6 0.4930358541893015 -69.72610088241196 
-0.41784757020550806 0.9517701822923974 17.624999999999908 0.6 0.4729449329606598 -72.6880981526637 
-0.418501038896579 0.9822675495008466 17.65499999999991 0.6 0.4729449329606598 -72.6880981526637 
-0.41781533251229064 0.9810883604654259 17.66499999999991 0.6 0.4815658265541401 -71.38685058663418 
-0.41856925166727227 1.0076622976838367 17.69499999999991 0.6 0.48897245859437233 -70.30552969521594 
-0.4163016620773542 1.054401451870189 17.719999999999914 0.6 0.48897245859437233 -70.30552969521594 
-0.41271512827427814 1.087392967134574 17.734999999999914 0.6 0.48897245859437233 -70.30552969521594 
-0.4143511229049607 1.1264705821292984 17.759999999999916 0.6 0.49560928118875763 -69.36405150725254 
-0.4058076254265054 1.1645105747017372 17.774999999999917 0.6 0.49560928118875763 -69.36405150725254 
-0.40506836472697755 1.1747772589065228 17.789999999999917 0.6 0.49560928118875763 -69.36405150725254 
-0.40466727341461495 1.2190654736462343 17.81999999999992 0.6 0.508580555934529 -67.59493123892628 
-0.3891179975610401 1.229787150848676 17.82999999999992 0.6 0.508580555934529 -67.59493123892628 
-0.3857636588122904 1.2693036752096203 17.85999999999992 0.6 0.508580555934529 -67.59493123892628 
-0.3765139863427522 1.321862098710347 17.874999999999922 0.6 0.3977365781020355 -86.43275373840568 
-0.37248996347359103 1.3731271327627126 17.899999999999924 0.6 0.3977365781020355 -86.43275373840568 
-0.3686716968741506 1.4319819401911913 17.914999999999925 0.6 0.4038470715626409 -85.12496469227732 
-0.3595745489613673 1.4563321969144587 17.924999999999926 0.6 0.4038470715626409 -85.12496469227732 
-0.35218721525430763 1.500924641325115 17.954999999999927 0.6 0.4124447222780599 -83.35048517040536 
-0.33979574065744517 1.570529584984474 17.97999999999993 0.6 0.4124447222780599 -83.35048517040536 
-0.33303755712576283 1.6408098974715417 17.99499999999993 0.6 0.42560950051790086 -80.77232220149536 
-0.3231915206887301 1.7179370521932262 18.02499999999993 0.6 0.42560950051790086 -80.77232220149536 
-0.3031038514413004 1.7944703740533539 18.034999999999933 0.6 0.44292962221530147 -77.61383746679968 
-0.29787544620508544 1.8438098513297387 18.049999999999933 0.6 0.44292962221530147 -77.61383746679968 
-0.2859812969542332 1.9049522035240662 18.079999999999934 0.6 0.44292962221530147 -77.61383746679968 
-0.2783139401598005 1.9665776573692189 18.094999999999935 0.6 0.45836506555174616 -75.00019153176154 
-0.2685351766745728 2.038118945401413 18.104999999999936 0.6 0.45836506555174616 -75.00019153176154 
-0.24364641562691025 2.090003523565391 18.134999999999938 0.6 0.47322293601971716 -72.64539626290859 
-0.22840043386894834 2.164799733667572 18.15999999999994 0.6 0.4847985277046411 -70.91083355928329 
-0.20796489306764132 2.187738972313809 18.17499999999994 0.6 0.4847985277046411 -70.91083355928329 
-0.19470618318527624 2.255797829047195 18.184999999999942 0.6 0.4847985277046411 -70.91083355928329 
-0.1764831961220799 2.2997922286158388 18.219999999999942 0.6 0.49264761232741694 -69.78105008048206 
-0.1604455197998999 2.3475350945986104 18.234999999999943 0.6 0.5047632513709975 -68.10612225528715 
-0.1401967656547026 2.3681405837550904 18.244999999999944 0.6 0.5047632513709975 -68.10612225528715 
-0.12653295621434846 2.3795600092470144 18.274999999999945 0.6 0.5101545814515115 -67.38637455736905 
-0.10549263644734953 2.422177382943803 18.284999999999947 0.6 0.5101545814515115 -67.38637455736905 
-0.0946381787011159 2.431730884417112 18.314999999999948 0.6 0.5161477754646698 -66.60392496490091 
-0.0714269726298135 2.4361445703254008 18.33999999999995 0.6 0.5161477754646698 -66.60392496490091 
-0.053427179978370515 2.453042512065 18.35499999999995 0.6 0.5220949973064376 -65.84523484271568 
-0.03642612503273193 2.4593351552728406 18.379999999999953 0.6 0.5220949973064376 -65.84523484271568 
-0.023034668331763083 2.432850027777158 18.394999999999953 0.6 0.5220949973064376 -65.84523484271568 
-0.001085830350550765 2.4468391704154118 18.424999999999955 0.6 0.39448446119717284 -87.14530251336492 
0.008924112810200243 2.400909231349294 18.439999999999955 0.5532992048446597 0.39448446119717284 -80.36237764432023 
0.0267084534219683 2.3771738422044013 18.454999999999956 0.4654682540015023 0.39448446119717284 -67.60561967554784 
0.05988779031421513 2.359498769851627 18.464999999999957 0.4713450879603278 0.39974350980904316 -67.55853083706124 
0.06367582424598828 2.368521475274291 18.49499999999996 0.48303322109312746 0.40609427948181437 -68.15108296664677 
0.06762963945984436 2.3290129690873327 18.51999999999996 0.49430778220638383 0.40609427948181437 -69.74180906226232 
0.09186694130301121 2.2818861534515853 18.53499999999996 0.4988129180753822 0.40609427948181437 -70.37743798999797 
0.10868646095529044 2.2646919871911724 18.559999999999963 0.5066229716288614 0.4180153529992466 -69.4408898391876 
0.12366942789115709 2.2352198604731255 18.589999999999964 0.5201474619086648 0.4180153529992466 -71.2946404431752 
0.12366942789115709 2.2352198604731255 18.589999999999964 0.5201474619086648 0.4180153529992466 -71.2946404431752 
0.15059341955578673 2.1985963647565856 18.619999999999965 0.5276098848353608 0.4368586566705702 -69.19817009199276 
0.16964798601717213 2.160395079610828 18.634999999999966 0.5325129617853224 0.4170190092051156 -73.16391956440336 
0.18733498041688731 2.128724143162028 18.659999999999968 0.5401179877293862 0.4170190092051156 -74.2088021238649 
0.21123613925237225 2.0735138561163917 18.68499999999997 0.5462374481955294 0.43887407403777845 -71.31225616873809 
0.22191172003722748 2.007173659043107 18.69999999999997 0.5515298816657398 0.43887407403777845 -72.00319263351255 
0.2452318182791563 1.959053679600597 18.71499999999997 0.5546078686654526 0.4562376037022248 -69.64943244795789 
0.2579846594544612 1.9031022689414447 18.729999999999972 0.5579670763674747 0.4562376037022248 -70.07129251006563 
0.2728064275703706 1.8470088873883874 18.754999999999974 0.5624821712741863 0.46924849414387926 -68.67971845954183 
0.28491255056982573 1.7852594008484417 18.769999999999975 0.5661187792808859 0.46924849414387926 -69.12375246951241 
0.29307140077970417 1.7351632672704014 18.799999999999976 0.570030095420703 0.46924849414387926 -69.60132865771476 
0.2908836562194101 1.6857496961483747 18.814999999999976 0.5723282581870472 0.48011528818170773 -68.30024891392509 
0.317269863213238 1.5961355280195924 18.824999999999978 0.5729853788287436 0.4457847667474711 -73.64460694590991 
0.3146707236698582 1.5897690322326017 18.85499999999998 0.5749324921185186 0.4568179033583162 -72.11014511725769 
0.33242902086807447 1.520868740013515 18.87999999999998 0.5772370901873564 0.4568179033583162 -72.39919627275681 
0.34295603520703666 1.4624750936359174 18.894999999999982 0.5769524336087768 0.4568179033583162 -72.3634935990145 
0.32312289006745754 1.43199488600942 18.904999999999983 0.5779856121804904 0.4568179033583162 -72.49307865075473 
0.33497661269656426 1.3851699586337014 18.934999999999985 0.5783613335059877 0.4786483771072531 -69.23174720391044 
0.3400360758053109 1.3315894137954292 18.959999999999987 0.578378194189027 0.4786483771072531 -69.23376548293126 
0.35047625285030803 1.2788443843809 18.974999999999987 0.5775202345509366 0.4786483771072531 -69.13106490228321 
0.33918832501066337 1.2784920608379065 18.98499999999999 0.5771940267583613 0.4786483771072531 -69.09201676036368 
0.3434345983963564 1.223249493903031 19.01999999999999 0.5754288847502501 0.48815577110943015 -67.53919231801598 
0.35354526138984027 1.1762185062374717 19.03499999999999 0.5751582897091513 0.41738529749440734 -78.9537694550408 
0.35620608967105066 1.152446172820715 19.04499999999999 0.5740400420124375 0.41738529749440734 -78.80026411152117 
0.3537753284665309 1.1059552968989395 19.074999999999992 0.5725624912107383 0.42491501123612085 -77.20464889775798 
0.352623095534559 1.0749459885886548 19.099999999999994 0.5714352538643811 0.4322080502404147 -75.75247220222714 
0.3468261997333171 1.0406065699200768 19.114999999999995 0.5688023898741179 0.4322080502404147 -75.4034458604222 
0.34596239743293034 1.0109637299536465 19.139999999999997 0.5653610662205627 0.4322080502404147 -74.94724584013666 
0.3431633305563031 0.993368266089683 19.154999999999998 0.5634436152881149 0.441470242025456 -73.12597334191399 
0.3424017005581801 0.9666956123524837 19.165 0.5631640943927749 0.441470242025456 -73.08969599847354 
0.3393406771175224 0.9528713186600211 19.21 0.5575275095346239 0.4535455813609413 -70.43167119591452 
0.33295279503583003 0.9185402130609677 19.225 0.5549764619546329 0.4535455813609413 -70.10940091994367 
0.3302981673615373 0.8973913702360348 19.235000000000003 0.5533467837171815 0.4089823685663052 -77.52029855290175 
0.3382343910678253 0.8915342567678137 19.250000000000004 0.5510490798000175 0.4089823685663052 -77.19840512388751 
0.3325179475769522 0.8767086706129447 19.280000000000005 0.5469310783725582 0.4089823685663052 -76.62149980973088 
0.32130715435297047 0.861826188010988 19.295000000000005 0.5437639942390969 0.42283678508892464 -73.68181534755576 
0.3184652471545703 0.8490451869921681 19.305000000000007 0.5404227895169751 0.42283678508892464 -73.22907108353317 
0.3157785604379776 0.8328450730994724 19.335000000000008 0.5386849570875478 0.43530989315541563 -70.90207462223484 
0.31327746438245724 0.8176841968889841 19.36000000000001 0.5332639915452234 0.43530989315541563 -70.18856350901476 
0.30920664281256294 0.8144761772891644 19.37500000000001 0.5310529604116038 0.44705040444084565 -68.06188525334181 
0.3006454538924081 0.8037162425292396 19.385000000000012 0.5266510203886056 0.45916909054853855 -65.71627177360187 
0.3011504435035247 0.7982468929294801 19.405000000000012 0.5224815773064486 0.45916909054853855 -65.19600266915884 
0.295932836908825 0.7818931812306309 19.435000000000013 0.5172163001073801 0.4765833340256054 -62.180754079689464 
0.2943593532832432 0.7804147834677226 19.445000000000014 0.5149422797821361 0.4765833340256054 -61.90736691345581 
0.2873578662964849 0.7619291538947364 19.475000000000016 0.5136606998335116 0.4765833340256054 -61.753292868221074 
0.28230426769024475 0.7436486276882671 19.490000000000016 0.5084778905787155 0.4886667784721264 -59.618616180467576 
0.27644976534308685 0.7342213897943601 19.51500000000002 0.5047965751442005 0.4983199963827278 -58.040442844696756 
0.2657645992218617 0.7007765293757399 19.52500000000002 0.5030372965529463 0.4983199963827278 -57.838164712174915 
0.25873555394562536 0.7066070511887981 19.55500000000002 0.49802563713496956 0.5056340491190968 -56.433634457292044 
0.2530894316085073 0.6761711513541008 19.580000000000023 0.4914976572628207 0.5056340491190968 -55.69391826121684 
0.24728677563519533 0.6654482429031564 19.595000000000024 0.48969233695801334 0.5056340491190968 -55.48934890059934 
0.24297987012474848 0.6576267390114499 19.610000000000024 0.48805553053288164 0.5105244608636822 -54.77410821852685 
0.2338368691528112 0.6438156596727647 19.640000000000025 0.48411092982135545 0.5105244608636822 -54.33140862240485 
0.22463680259567712 0.6294142443160846 19.655000000000026 0.481403443878561 0.3894277867015145 -70.82798536521909 
0.21706738605189274 0.6134298790040648 19.680000000000028 0.4785247812695177 0.3894277867015145 -70.40445313723579 
0.20282849187869909 0.6349210944827666 19.69500000000003 0.4738674241023705 0.39396784238712884 -68.91578582985564 
0.20022331716949077 0.6307062092373292 19.70500000000003 0.4721322415232618 0.39396784238712884 -68.66343366358451 
0.19680265158256352 0.601857536352848 19.73500000000003 0.4673171350512668 0.40726641245102896 -65.74394232866489 
0.19076169675630292 0.5905015503649116 19.760000000000034 0.46338755312730545 0.40726641245102896 -65.19111387875937 
0.17883216143053524 0.5608642605078092 19.775000000000034 0.4615969120555145 0.40726641245102896 -64.93919971913361 
0.1763908162203704 0.5718134586596126 19.805000000000035 0.4569720973946744 0.40726641245102896 -64.28856329787403 
0.16880082388213852 0.567041215405021 19.820000000000036 0.4524642760403177 0.42033239552433854 -61.675696838007255 
0.16595043599983256 0.6163226225138316 19.830000000000037 0.4518028282744953 0.460455399888044 -56.2191153334211 
0.16273583424195945 0.5962946397139153 19.86000000000004 0.4455577031695473 0.460455399888044 -55.44201659349598 
0.15716070337895724 0.5543119698542208 19.87000000000004 0.4449104533212795 0.4762185701564245 -53.52897353034404 
0.1562224765759363 0.5725210215304514 19.88500000000004 0.44184455813393114 0.4762185701564245 -53.1601032979068 
0.15328514578213312 0.5598371681858771 19.945000000000043 0.4318047931445951 0.48807805316248587 -50.689827293808804 
0.15328514578213312 0.5598371681858771 19.945000000000043 0.4318047931445951 0.48807805316248587 -50.689827293808804 
0.14527231770518173 0.55013417457258 19.970000000000045 0.42569864424016135 0.49484031817855667 -49.290113928431516 
0.13767186777466894 0.5253891291293904 19.985000000000046 0.4264925784755815 0.49744922360605603 -49.12305333027237 
0.1341776113373996 0.5045198308349721 20.005000000000045 0.42213857146496253 0.49744922360605603 -48.62156249695589 
0.12640575036791293 0.505235998211104 20.020000000000046 0.4182645563764952 0.49781128682525577 -48.14031829836173 
0.12696349185150146 0.48505796649713206 20.035000000000046 0.41586357167692767 0.49781128682525577 -47.863976050603505 
0.11905952193033631 0.49705917356673723 20.050000000000047 0.4133218729651513 0.41703638117303016 -56.7854507914501 
0.11690973455704982 0.4851142439150422 20.080000000000048 0.4042431800022377 0.41703638117303016 -55.53814764536259 
0.11150036378957301 0.46057487625080734 20.09500000000005 0.4017648233435546 0.41703638117303016 -55.19765126883239 
0.10097960356335667 0.45265362503913703 20.10500000000005 0.40014060166914833 0.41703638117303016 -54.97450275916186 
0.09495311017010628 0.45828554905517516 20.13500000000005 0.39500371357569497 0.41896455936568566 -54.018997965237844 
0.08732762766822517 0.4497949013441951 20.160000000000053 0.3916671471390118 0.4232309978751676 -53.02275735392555 
0.07953352317053315 0.43479670904566153 20.175000000000054 0.3878136761983507 0.4232309978751676 -52.501085684117214 
0.07511653931675043 0.4448237886254445 20.185000000000056 0.3833878367836173 0.4305166035350369 -51.02359533635042 
0.06840254859242383 0.44465380256734793 20.205000000000055 0.3809018023579009 0.4305166035350369 -50.692738688434424 
0.06273397861706242 0.4419227519554795 20.235000000000056 0.3760514760156935 0.5002032626484668 -43.07481390921387 
0.05367837250026486 0.4362892159723225 20.245000000000058 0.37332606742122215 0.5002032626484668 -42.76263199923375 
0.04992218473794052 0.43649623377793423 20.27500000000006 0.36872089368081645 0.5105511855841932 -41.379104823798095 
0.042848397181499145 0.4237735753448977 20.30000000000006 0.3638954895393075 0.5105511855841932 -40.837581663026164 
0.039152357546711376 0.41909752094682257 20.31500000000006 0.3622138200410534 0.5186440685594436 -40.01457729441837 
0.03439004330995149 0.4144833252339288 20.340000000000064 0.35821500879578927 0.5186440685594436 -39.572819601017066 
0.0346256288622041 0.3892099035796387 20.355000000000064 0.3551758590341723 0.521793119033057 -39.000279929529526 
0.029086444579184544 0.3915394491925597 20.380000000000067 0.3504663833873648 0.521793119033057 -38.48315337412046 
0.021071976331929927 0.3878005783099059 20.395000000000067 0.3492712516877661 0.5195164125711199 -38.51999309881474 
0.01546585148807161 0.37069305520155355 20.410000000000068 0.3450353901112601 0.38607361096021536 -51.20544651279544 
0.014580707855889712 0.35838530852922074 20.425000000000068 0.3423297599625645 0.38607361096021536 -50.803913789390556 
0.009494090489154006 0.3487170314650378 20.45500000000007 0.3393565938094655 0.38607361096021536 -50.36267702125186 
0.0034677981191242905 0.33551203291472914 20.48000000000007 0.3349970414371324 0.3804599858347829 -50.44923865410623 
-0.001442558562644059 0.3196865450110222 20.495000000000072 0.33282652007484925 0.3804599858347829 -50.12236666222267 
-0.008441782437924173 0.31337853257780635 20.505000000000074 0.3362284220343121 0.3804599858347829 -50.63467973548012 
-0.01419663723018095 0.31118129992360377 20.535000000000075 0.3384073817908531 0.3774726095869094 -51.366150126513986 
-0.02384066024082798 0.3128389555650624 20.560000000000077 0.3456888956963949 0.3811172597327371 -51.969608413513214 
-0.030760392670419405 0.31365197119141974 20.575000000000077 0.35376508502333376 0.3811172597327371 -53.183753276190636 
-0.033252917528777244 0.31474579932433217 20.590000000000078 0.35932590317648994 0.3811172597327371 -54.01974640607148 
-0.04206325964153335 0.31631901656402756 20.62000000000008 0.3624547127847003 0.39259876901564844 -52.89656246059707 
-0.052433217104124574 0.3217675352917791 20.63500000000008 0.37518506144613417 0.39259876901564844 -54.754426793332925 
-0.052931120766209365 0.3218188933852936 20.660000000000082 0.3747165622399449 0.4542260109543468 -47.26650832895155 
-0.05788175521173817 0.3194431200536508 20.675000000000082 0.3796887431158024 0.47062227177018473 -46.225101985368006 
-0.07123986118451067 0.3274260692504126 20.685000000000084 0.3925558156511864 0.47062227177018473 -47.79160020525294 
-0.0697095131724927 0.3240228633704959 20.700000000000085 0.3929171128298725 0.47062227177018473 -47.83558623126662 
-0.07068432611707053 0.32357207825342515 20.735000000000085 0.3886895201397152 0.48941828211601834 -45.50354953779934 
-0.0737018676839779 0.335754145068481 20.760000000000087 0.39110992296775804 0.48941828211601834 -45.78690402584339 
-0.07276910426184079 0.31613507642192257 20.775000000000087 0.38923194700209746 0.48941828211601834 -45.56705098644702 
-0.08113980190500278 0.32141412170137645 20.790000000000088 0.3956199028490554 0.491247043357965 -46.14246748373637 
-0.08293747900837178 0.3102025783654377 20.82000000000009 0.3888631531086055 0.491247043357965 -45.35440524786495 
-0.07954686457274696 0.2923662322594237 20.83500000000009 0.38204415377840123 0.44955500697867146 -48.69152219271782 
-0.08387830576202093 0.28746271817376956 20.860000000000092 0.3778309500667035 0.44955500697867146 -48.15454943707773 
-0.09093762887552902 0.28214239159567017 20.875000000000092 0.377586106595851 0.44913999650866354 -48.167810657899786 
-0.09223374978566304 0.2846041325564428 20.885000000000094 0.3788454474604786 0.44913999650866354 -48.32846194051191 
-0.09575929884241936 0.2852652999233001 20.915000000000095 0.3764306015169693 0.44993407170026084 -47.93565569504462 
-0.10472072084200335 0.2711327150908603 20.940000000000097 0.3764721967487895 0.44993407170026084 -47.940952540473916 
-0.1069623708345674 0.2622778475689082 20.955000000000098 0.37289996635282735 0.45263374513411825 -47.202831168181355 
-0.11219387060265926 0.2618088068716749 20.9800000000001 0.36983919416528066 0.45263374513411825 -46.81538915732225 
-0.1140683553650896 0.25312839920726454 20.9950000000001 0.3677126019305219 0.45639932192681587 -46.16216359710396 
-0.11717763119434059 0.2444677369601009 21.0100000000001 0.3644163375032 0.4311152814117803 -48.43140344312045 
-0.12393314386711625 0.24083238147928523 21.040000000000102 0.36001339081551137 0.4311152814117803 -47.84624612325105 
-0.1381962832984453 0.25544001808849076 21.055000000000103 0.3710914157006746 0.4311152814117803 -49.318529984732855 
-0.12349187480685511 0.20353882590644995 21.065000000000104 0.35502687741053884 0.4346148108386303 -46.803609039649196 
-0.13570359347221464 0.2089125759686191 21.095000000000105 0.3523722406820461 0.4346148108386303 -46.45364517074753 
-0.1443612013824456 0.21549878160238212 21.120000000000108 0.3493378052412061 0.4381617622799243 -45.680804642868566 
-0.15106285127475477 0.1938424202216098 21.135000000000108 0.3445217885549061 0.4381617622799243 -45.05104309372343 
-0.15594601154799423 0.19837167580821458 21.16000000000011 0.3399119256201197 0.44312578455313895 -43.95031709526292 
-0.164418410553781 0.18947558358326763 21.185000000000112 0.3358831449479417 0.44954121755868337 -42.80961536655029 
-0.164418410553781 0.18947558358326763 21.185000000000112 0.3358831449479417 0.44954121755868337 -42.80961536655029 
-0.16912509869633466 0.19121058102904065 21.205000000000112 0.3351585161935974 0.44954121755868337 -42.71725860878017 
-0.17786188461901917 0.18262757609823135 21.235000000000113 0.32970977691707126 0.4965783650636915 -38.04229102716769 
-0.18238896871849064 0.17498411892670274 21.260000000000115 0.3244893395932562 0.4965783650636915 -37.43995100007286 
-0.19619168300064257 0.14340144516556852 21.275000000000116 0.3152098072981248 0.5026620850559836 -35.92909064805054 
-0.20104914895491763 0.1383416708937575 21.300000000000118 0.3065800316843961 0.5026620850559836 -34.94542839161338 
-0.2024938756128201 0.14444349102179194 21.31500000000012 0.3008153291443923 0.5064296305923924 -34.03325503022275 
-0.20423917490016158 0.12695772875342243 21.34000000000012 0.2904616130979508 0.5064296305923924 -32.861869716444694 
-0.20640205742479825 0.09569044445059788 21.35500000000012 0.2700160616362419 0.5068833459662383 -30.52138298805228 
-0.21255909408989035 0.09096207415491554 21.365000000000123 0.2565230149694219 0.5068833459662383 -28.99619058839245 
-0.21769881278288652 0.08354335655729857 21.395000000000124 0.24285737059693557 0.5047128762105574 -27.569541049402456 
-0.21731944320962254 0.07020491283450568 21.425000000000125 0.22876993632142303 0.5047128762105574 -25.97031391215368 
-0.22067992598809058 0.056781147913507836 21.440000000000126 0.20977650705038609 0.5047128762105574 -23.81415070133704 
-0.22044999453572303 0.03919723386096924 21.455000000000126 0.19307779462122 0.3978688521465199 -27.804495601519722 
-0.23608954551646527 0.055016162851034195 21.465000000000128 0.1917625168237651 0.39704372546847005 -27.6724757955675 
-0.23053710177859096 0.026298896359260495 21.50500000000013 0.1691672984693711 0.3984134802617449 -24.32792240753793 
-0.23053710177859096 0.026298896359260495 21.50500000000013 0.1691672984693711 0.3984134802617449 -24.32792240753793 
-0.2369837460430975 -0.0008475410886635837 21.52000000000013 0.1447478681251108 0.3984134802617449 -20.816167996214737 
-0.23904249736767463 -0.008839073746655298 21.550000000000132 0.12721477099143938 0.40388774406828465 -18.046770610351707 
-0.2476460641101228 -0.02659050209994633 21.575000000000134 0.10690868687900516 0.40388774406828465 -15.166136238135078 
-0.24301682870322255 -0.035208093425436765 21.585000000000136 0.08286184419353121 0.4136818164629214 -11.476535264598652 
-0.2500694609579852 -0.023958767398053818 21.605000000000135 0.08049928538763851 0.4136818164629214 -11.14931602739234 
-0.257368594476334 -0.031713137891241916 21.635000000000137 0.06966679128274007 0.5048299761161972 -7.90684646626659 
-0.26892594511040097 -0.04874728999536032 21.645000000000138 0.05394575609697267 0.5048299761161972 -6.122584420952125 
-0.2715817955600495 -0.05824008863169138 21.67500000000014 0.03968224774169573 0.5172400775205801 -4.395686676273154 
-0.2750672929651225 -0.05729211826064072 21.70000000000014 0.029439567800967757 0.5172400775205801 -3.2610833131304933 
-0.2762836493573168 -0.06211439954322372 21.715000000000142 0.01803933011919305 0.5263370831792741 -1.9637177658655423 
-0.2763221370076008 -0.05948523905898335 21.725000000000144 0.012280306066163135 0.5263370831792741 -1.3368043620829124 
-0.2777431647022146 -0.07190752758046388 21.755000000000145 0.003122638038337844 0.5263370831792741 -0.33992281042228917 
-0.27554605778448205 -0.08508985675361147 21.765000000000146 -0.01182822724293385 0.5289035428038131 1.281344224977435 
-0.27123573184328864 -0.10471141701356437 21.800000000000146 -0.029099259005005262 0.5249728634646094 3.175906497226507 
-0.26456387296322237 -0.13713257266476822 21.815000000000147 -0.056925332701338066 0.5249728634646094 6.212856964909764 
-0.26120001014721195 -0.14009532850113368 21.84000000000015 -0.07468241200701999 0.4314223786322763 9.918324184816088 
-0.25911162777417657 -0.15406600877070883 21.85500000000015 -0.09164571255206179 0.4314223786322763 12.171164037315457 
-0.2583663937402895 -0.15851468698723872 21.87000000000015 -0.10399608505906091 0.42380522386708763 14.05961140685799 
-0.25616797678920566 -0.17020948783881437 21.895000000000152 -0.1131378127755169 0.42380522386708763 15.295515039265696 
-0.25668206878170374 -0.1691474553467778 21.905000000000154 -0.12631957161831653 0.41920191609983465 17.26513655034539 
-0.2504142200976554 -0.20422639031063844 21.935000000000155 -0.14628009040965306 0.4201594869653154 19.94773905452029 
-0.25467911984430835 -0.23344927248185868 21.945000000000157 -0.1789417231412227 0.4201594869653154 24.40169943285579 
-0.25487518394365777 -0.22011367734499027 21.975000000000158 -0.1805651887192144 0.4259576323882288 24.287916107029485 
-0.2566953780039788 -0.21861469658097316 21.98500000000016 -0.18879869933767002 0.4259576323882288 25.39540984148544 
-0.2545284331778548 -0.22961354632901998 22.02000000000016 -0.1966179367462138 0.4563168357700246 24.687622873081498 
-0.26117937943208347 -0.22805655195195737 22.03500000000016 -0.2042118886422576 0.4563168357700246 25.641130084215742 
-0.26384982030729276 -0.2473596345277484 22.04500000000016 -0.22196519133148723 0.4563168357700246 27.870259576654103 
-0.26144462942932845 -0.25818305168871003 22.075000000000163 -0.23140215765148064 0.46404292805189024 28.571423465736284 
-0.2625549575679472 -0.2575644510431391 22.100000000000165 -0.24031721690867597 0.46404292805189024 29.672173501278703 
-0.26082402911799424 -0.2800215277955926 22.115000000000165 -0.25640491932827686 0.47052179300713787 31.22261272960793 
-0.25767078089651524 -0.27341555113098365 22.140000000000168 -0.2608619995282824 0.47052179300713787 31.765354613633196 
-0.25794065586834786 -0.2808126141556774 22.155000000000168 -0.26850976933629206 0.4756454454553489 32.34442101358247 
-0.2623232848788534 -0.28030882905605997 22.16500000000017 -0.2744588812754386 0.4756454454553489 33.061045148683085 
-0.25884153894728396 -0.30659336443297136 22.19500000000017 -0.2860369641476976 0.4756454454553489 34.455729550208424 
-0.260369251094051 -0.30427223094529754 22.21000000000017 -0.29596244600135146 0.4798587740260433 35.33831195368669 
-0.26074425218993375 -0.30025263097516824 22.225000000000172 -0.2986329777929679 0.4798587740260433 35.65717702190533 
-0.25851720610851237 -0.2924162396908496 22.255000000000173 -0.29372254862753394 0.4837750521074435 34.786957927805986 
-0.2612206805328763 -0.2949401071250591 22.265000000000175 -0.29338889877319096 0.4837750521074435 34.74744218922929 
-0.258390303865092 -0.31229733970054785 22.295000000000176 -0.30060820063594396 0.43601448013542327 39.502314643568546 
-0.2513017970121962 -0.28105977291162676 22.305000000000177 -0.2859501552630877 0.43857049617912774 37.35713457795809 
-0.2535092858653665 -0.2985944280722447 22.33500000000018 -0.2859599959770701 0.43857049617912774 37.35842018969782 
-0.2498016455932649 -0.3172026068730896 22.36000000000018 -0.29054619272063253 0.4418233919273759 37.67811053160179 
-0.24966055987335414 -0.31532874354357476 22.39000000000018 -0.2881494893358776 0.4418233919273759 37.36730537460877 
-0.24966055987335414 -0.31532874354357476 22.39000000000018 -0.2881494893358776 0.44676613518334357 36.95389669814712 
-0.2513647964207079 -0.32114892518871074 22.420000000000183 -0.29150712448383975 0.44676613518334357 37.384498545451564 
-0.2487880923144213 -0.30508013515305704 22.430000000000184 -0.28378188601369214 0.45269663019729145 35.91699890445628 
-0.25467357282862935 -0.2925407634230481 22.460000000000186 -0.2753088856272855 0.45269663019729145 34.84460929611693 
-0.25813454546216086 -0.3180728009941371 22.470000000000187 -0.28309333555118976 0.45950592851760025 35.2988989449844 
-0.2550949529022731 -0.3147616589792866 22.50000000000019 -0.2789082840559566 0.45950592851760025 34.777065008052745 
-0.245655308543884 -0.28254208151073823 22.51500000000019 -0.25647020274599186 0.46502036149962234 31.60003605180158 
-0.2442694340302157 -0.27958336239438686 22.52500000000019 -0.24050759401805755 0.46502036149962234 29.633261721361706 
-0.24759909499447783 -0.29130563117292047 22.55500000000019 -0.24141512841558 0.46891419499220494 29.498079001535594 
-0.24177452028251592 -0.2888775625696297 22.565000000000193 -0.23528849585983933 0.46891419499220494 28.749476822671664 
-0.2432443482316573 -0.2775775620335292 22.595000000000194 -0.22538695047795665 0.4716011492163607 27.38271745344383 
-0.2403673833629704 -0.22576485133370863 22.610000000000195 -0.1901669117982327 0.47359925233124417 23.006289379558847 
-0.24078959612037673 -0.23335947723088757 22.640000000000196 -0.17948617165429726 0.47359925233124417 21.71413925619794 
-0.23962110791550628 -0.2129463933536654 22.655000000000197 -0.15672703232791602 0.47359925233124417 18.960750980492183 
-0.2355723304204211 -0.21768936967938451 22.6800000000002 -0.1436238597769528 0.4313921079130294 19.075548327502442 
-0.23464700530535262 -0.18216141366733912 22.6900000000002 -0.11690855593288871 0.43328653851122867 15.45943907451917 
-0.23114163201766352 -0.20353454846515887 22.7200000000002 -0.11285375944544707 0.43328653851122867 14.923251806128288 
-0.23119754038116236 -0.18868053512549257 22.735000000000202 -0.10064333992249619 0.43328653851122867 13.30860320164343 
-0.22818257920595852 -0.16268265248300387 22.760000000000204 -0.08027205928548706 0.4367209618605462 10.53132460207159 
-0.2255947427405811 -0.1413670641015348 22.775000000000205 -0.05546575902490554 0.4367209618605462 7.276852217209415 
-0.22566206650794046 -0.1136802870162327 22.785000000000206 -0.028762223866215075 0.4424946465577399 3.724234970443956 
-0.22820796108034058 -0.07002821816450698 22.820000000000206 0.0026518738530037222 0.4424946465577399 -0.343374051551114 
-0.23109863867216213 -0.019785661258457675 22.830000000000208 0.05830894077533395 0.5015165342174305 -6.661507620118652 
-0.22862650840946558 -0.04181350115800958 22.86000000000021 0.06553194889464298 0.5015165342174305 -7.486700514847245 
-0.22199662800434372 -0.07985090083052584 22.87500000000021 0.4512924057117921 0.5015165342174305 -51.55792164248182 
-0.2283593733472396 -0.03666167530350896 22.88500000000021 0.4769650490593277 0.5076740476146467 -53.82998089966043 
-0.2259082101040099 -0.007880921129181182 22.915000000000212 0.4836563946916107 0.5112950527604071 -54.198588468111865 
-0.21636149368197957 0.01758713796157777 22.940000000000214 0.5073427191529121 0.5110706427504668 -56.87784455337187 
-0.21839760194084762 0.06962687779603736 22.955000000000215 0.571507305879912 0.5110706427504668 -64.07129239821951 
-0.2091751371567565 0.1170051463242017 22.980000000000217 0.6 0.5110706427504668 -67.2655888094797 
-0.20717970349980705 0.08387492119808918 22.995000000000218 0.6 0.5073829136700146 -67.75448439757155 
-0.1982951540278144 0.1071464715368486 23.02500000000022 0.6 0.3873814680254034 -88.74319126075234 
-0.18468650140435436 0.13232004575393985 23.04000000000022 0.6 0.3873814680254034 -88.74319126075234 
-0.17985458268338406 0.1817066910216849 23.05500000000022 0.6 0.38234524058377306 -89.91211098995537 
-0.17625863324141902 0.19129032471668236 23.080000000000222 0.6 0.38234524058377306 -89.91211098995537 
-0.175599389509151 0.22328930407039133 23.095000000000223 0.6 0.37958016925020427 -90.56708040295204 
-0.1692064815194777 0.23839297542950913 23.105000000000224 0.6 0.37958016925020427 -90.56708040295204 
-0.17297680059964582 0.23320084373856012 23.135000000000225 0.6 0.3814327940699225 -90.12719473079044 
-0.17352195861665823 0.22746279077238 23.160000000000228 0.6 0.3814327940699225 -90.12719473079044 
-0.16687479204042638 0.19372561146739184 23.17000000000023 0.5768436046601603 0.38855426955385086 -85.06071500408407 
-0.16675150788614143 0.24672907401871247 23.18500000000023 0.5793636453288478 0.38855426955385086 -85.43231739229849 
-0.1753608587747314 0.3116167459851396 23.20500000000023 0.6 0.38855426955385086 -88.47533125121129 
-0.18082434779154377 0.3057897255017888 23.23500000000023 0.5781110463828869 0.4001431869697616 -82.77867554979585 
-0.18082434779154377 0.3057897255017888 23.23500000000023 0.5468385119695515 0.4001431869697616 -78.3008178855664 
-0.18646134282967478 0.2624172318113941 23.280000000000232 0.2781047853969312 0.4335493322383906 -36.752981219849005 
-0.19798032539562993 0.17868064783351412 23.320000000000235 0.23137595588783094 0.4465103864901743 -29.689938138694444 
-0.20970603738789467 0.19401956061327508 23.335000000000235 0.21256900224703829 0.4465103864901743 -27.276648097255894 
-0.20970603738789467 0.19401956061327508 23.335000000000235 0.21256900224703829 0.4465103864901743 -27.276648097255894 
-0.2234774495075934 0.184932295386635 23.350000000000236 0.2057904747726283 0.4570685881424852 -25.796840943244547 
-0.21970825156976123 0.09257871503579188 23.380000000000237 0.15060034966335864 0.4570685881424852 -18.878489252503595 
-0.23547125243488512 -0.08748336711345767 23.395000000000238 0.041233992047151474 0.46515094509893407 -5.079068938095542 
-0.22991130492510292 -0.1575809061918585 23.42500000000024 -0.045680000820749994 0.46515094509893407 5.626713828618445 
-0.2359377146917704 -0.3151855000193752 23.44000000000024 -0.1926846473809456 0.46336111736799585 23.825946239521915 
-0.2401547564452764 -0.359238143589754 23.45500000000024 -0.2962330877476877 0.46336111736799585 36.629973996267374 
-0.23421267047082675 -0.6855240168807393 23.46500000000024 -0.6 0.4685658458321614 73.36742106500711 
-0.2396106701567156 -0.7516141284130676 23.495000000000243 -0.6 0.4685658458321614 73.36742106500711 
-0.23438261892688284 -1.1453493652379583 23.520000000000245 -0.6 0.47340458796163315 72.61752121133964 
-0.23416501663958292 -1.6477055490078345 23.535000000000245 -0.6 0.47340458796163315 72.61752121133964 
-0.24534321600383976 -2.083267697448872 23.545000000000247 -0.6 0.47844658864571465 71.85225796082663 
-0.23727731840578914 -2.4836761606196274 23.575000000000248 -0.6 0.48372314289572144 71.06847834911284 
-0.22727955645079645 -3.23863802864849 23.58500000000025 -0.6 0.48372314289572144 71.06847834911284 
-0.21305942088448832 -3.600853314618183 23.60500000000025 -0.6 0.48372314289572144 71.06847834911284 
-0.19295052538007207 -4.632076729303429 23.63500000000025 -0.6 0.4676044711150681 73.51826133285579 
-0.1595399446722088 -5.725108431175912 23.660000000000252 -0.6 0.4750167425506841 72.37106532972642 
-0.10829726069852177 -6.992471616369701 23.675000000000253 -0.6 0.4750167425506841 72.37106532972642 
-0.059340053819376994 -7.604430819752442 23.700000000000255 -0.6 0.4750167425506841 72.37106532972642 
0.009984680244366904 -8.078747796360522 23.715000000000256 -0.6 0.48334786994061874 71.12365616108498 
0.059936235994999205 -7.816655446419004 23.725000000000257 -0.6 0.48334786994061874 71.12365616108498 
0.102895539276581 -7.42716795892037 23.75500000000026 -0.6 0.49240346094102344 69.81565004062162 
0.1603270363873166 -6.629723405944416 23.76500000000026 -0.6 0.49240346094102344 69.81565004062162 
0.18632043425750192 -5.797747374921202 23.79500000000026 -0.6 0.5007367014895393 68.65378073064524 
0.22285564019286236 -4.746218910025508 23.825000000000262 -0.6 0.5007367014895393 68.65378073064524 
0.25406698540066736 -3.7378626263826713 23.840000000000263 -0.6 0.4529272055648414 75.90064647359296 
0.2738092260138013 -3.194704693159976 23.855000000000263 -0.6 0.4529272055648414 75.90064647359296 
0.2705584490611289 -2.903573182305283 23.865000000000265 -0.565587201405075 0.4546067155153554 71.2830639784772 
0.27512025558589026 -2.516027199630111 23.895000000000266 -0.5703476366899988 0.4543323797777716 71.92644392544034 
0.2709187605061772 -2.202656327378353 23.920000000000268 -0.5723820841434564 0.4543323797777716 72.18300774944353 
0.26830746281850804 -1.848120617074315 23.93500000000027 -0.5717961641369258 0.4543323797777716 72.1091174765933 
0.2719494038387128 -1.7519349286245922 23.94500000000027 -0.5738989182838107 0.4547093598454772 72.31429301556466 
0.26504129660149983 -1.6594711453236566 23.97500000000027 -0.5746557882695089 0.4547093598454772 72.40966262888286 
0.2502662451125309 -1.4456451009119047 23.985000000000273 -0.5713709842601878 0.4563874567792467 71.73103784528288 
0.24290140263829607 -1.3667042985413436 24.020000000000273 -0.5705017780014661 0.4563874567792467 71.6219159809298 
0.231726279480748 -1.3475134703585354 24.035000000000274 -0.5719062094124663 0.458763483546838 71.42637383281158 
0.22167350537811062 -1.3213169511907534 24.060000000000276 -0.572139797757684 0.4670536964840701 70.18720962869384 
0.2063680477680882 -1.166228095405243 24.075000000000276 -0.5693429947773939 0.4670536964840701 69.8441120189189 
0.18430993082533456 -1.2596435994382693 24.085000000000278 -0.5702291728323619 0.4670536964840701 69.9528238497619 
