0.010939971492954018 -0.0011554485436134985 36.885000000001256 0.0001238582597063498 0.41067513851643817 -0.01728021707046932 
0.010939971492954018 -0.0011554485436134985 36.885000000001256 0.0001238582597063498 0.41067513851643817 -0.01728021707046932 
0.011213254147995092 -0.001086116105301312 36.90500000000126 -0.0005339666784819285 0.41067513851643817 0.07449693007508147 
-0.0007171343124285582 -0.0011935721611968796 36.93500000000126 -0.0015437911193108965 0.46001166656106673 0.1922836354293844 
-0.00945204653508067 -0.0022116808106139637 36.96000000000126 -0.0027920467083171556 0.46001166656106673 0.34775746838309934 
-0.02347750716118424 0.0017445470407088035 36.97500000000126 -0.0009960082783577518 0.46001166656106673 0.12405570305772841 
-0.02861731705343898 0.0011192376311046435 37.00000000000126 -0.0009729063387541759 0.49226016194657385 0.11323976909224154 
-0.03725857497052743 -0.0025014748577439714 37.025000000001256 -0.0014051308916960292 0.5164284079945582 0.155893960346358 
-0.047022621989821586 0.0021674845058155994 37.04000000000126 -0.00022949597647705365 0.5164284079945582 0.025461710982226504 
-0.053250516641343414 0.0008811370850736753 37.065000000001255 -0.0004530257303698855 0.5164284079945582 0.05026149212399554 
-0.053250516641343414 0.0008811370850736753 37.065000000001255 -0.0004530257303698855 0.5349668101271174 0.04851976210422911 
-0.05292723964131677 -0.0007053684427204962 37.09500000000126 0.0005312228880021445 0.5349668101271174 -0.05689479961577686 
-0.05356356932406774 -0.005633157654434786 37.11000000000126 -0.0006577794786390578 0.5486451505218402 0.0686928298563963 
-0.04936238497902222 0.0010682463598751836 37.12500000000126 -0.0007191627247949647 0.5486451505218402 0.07510316800337695 
-0.04939649468029539 -0.0024616898586453584 37.15500000000126 -0.0003267809170556616 0.5486451505218402 0.03412618767320848 
-0.03684696660051956 0.010718064918296594 37.16500000000126 0.00033689471405102904 0.4129925592788106 -0.04673848189686026 
-0.04196338122966893 0.008197349155358767 37.19500000000126 0.0008916832569549604 0.41651029776065096 -0.12266128247171791 
-0.03958961459477943 -0.005625873323872828 37.205000000001256 8.80727509956732e-05 0.41651029776065096 -0.012115419352869175 
-0.03783213094011789 0.00066442634325362 37.23500000000126 -0.0003263554296802386 0.41892074965932485 0.0446356232224411 
-0.0373517134162797 0.004922546416000679 37.260000000001256 0.0009533224494414814 0.41892074965932485 -0.13038588542699286 
-0.03134776816473028 0.0064440695770469885 37.275000000001256 0.0027657543909756924 0.42581169808735386 -0.37215054091861466 
-0.03712413487792346 0.001446206379269569 37.315000000001255 0.0011214762009046642 0.43739008873238516 -0.14690742838372237 
-0.03712413487792346 0.001446206379269569 37.315000000001255 -0.00019179263932612566 0.43739008873238516 0.02512381752158386 
-0.03650195931957258 0.009094038245638508 37.330000000001256 -0.00019179263932612566 0.43739008873238516 0.02512381752158386 
-0.03549294882592287 0.005280165846844678 37.36000000000126 -0.0009882738185023098 0.5108515167274374 0.11084222508763093 
-0.031174271739668184 0.001878170312826412 37.37500000000126 -0.0013048650587808384 0.5108515167274374 0.1463502764583583 
-0.030437893605007222 0.005334694911729807 37.400000000001256 7.510697416681733e-05 0.5204401659189158 -0.00826860206717248 
-0.04279173126151164 -0.002614032442540031 37.41500000000126 7.440959847085168e-05 0.5204401659189158 -0.008191827277810707 
-0.027283423157668976 0.0050521061471794785 37.425000000001255 0.0017007405115886357 0.5269780458888099 -0.1849133073401502 
-0.02815260312369681 0.004097730428984134 37.455000000001256 -4.2420461890563385e-05 0.5269780458888099 0.004612172082473544 
-0.02793185976275297 0.007785547744390218 37.465000000001254 -0.00027836377652144367 0.5269780458888099 0.030265149921191864 
-0.01991820125152849 0.004785641356867617 37.480000000001255 -0.00027836377652144367 0.5305138662020952 0.03006343581211105 
-0.01818303718332226 0.005770525869907088 37.51500000000126 0.00025461226703140695 0.5319471250525137 -0.027424169858456113 
-0.01502935753411547 0.004564153891785874 37.54000000000126 0.00024008569412079187 0.5319471250525137 -0.025859519389699184 
-0.010189150410553842 -0.0009152970796880936 37.55500000000126 -0.0020469307047484868 0.5321764505920306 0.22037895552754436 
0.002125510074254506 0.004344477610771193 37.565000000001255 0.00039816029779570405 0.5321764505920306 -0.04286718175520013 
0.005775067098573311 0.005572912705472347 37.59500000000126 0.0007690784948929761 0.39762400328648073 -0.11082065345007149 
0.004971792462701276 0.004476982679419336 37.605000000001255 0.0001485844264371927 0.39762400328648073 -0.021410328516031633 
0.008404970200082663 0.0064003065299563615 37.635000000001256 0.00015577470238460343 0.39768599758900125 -0.0224429149018424 
0.007351525799812178 -0.0021060238086719075 37.645000000001254 0.00015577470238460343 0.39768599758900125 -0.0224429149018424 
0.006483145475175761 -0.002259873803168574 37.675000000001255 -0.0005718233540847328 0.4030618228191051 0.08128545786578795 
0.014131790713255073 0.00578425606780361 37.68500000000125 0.0006096618845813084 0.4030618228191051 -0.08666425580121989 
0.013275086074602975 0.00381950312956243 37.72000000000126 -0.0009579789796419102 0.4147772389476374 0.13233164031611602 
0.0074019440082051975 0.004736049524517033 37.730000000001255 -0.0010443355183594682 0.4147772389476374 0.14426061022398212 
0.005841797568658762 0.003562496913432354 37.760000000001256 -0.0015350863704829965 0.44626818892811077 0.197087698381522 
-0.0016873759305483203 -0.0005592592540526369 37.785000000001254 -0.00013931902333810808 0.46024392600352526 0.017343829200468515 
-0.0016873759305483203 -0.0005592592540526369 37.785000000001254 -0.00013931902333810808 0.46024392600352526 0.017343829200468515 
-0.001319331063697509 -0.0017207260459908855 37.815000000001255 -0.0003534901233433307 0.46024392600352526 0.044005995566308936 
0.011858322683102473 -0.006720589170615406 37.82500000000125 0.0008244041362517828 0.47180209701103926 -0.10011587044567549 
0.002122699912581103 0.0008666239666963015 37.855000000001255 -7.434356487203697e-05 0.4822644820522338 0.008832440827901172 
-0.0014757746437162834 -0.0009817419923190999 37.88000000000125 -0.001925255433242329 0.4822644820522338 0.22873135989614252 
-0.004675569216649675 -0.0023587886899079902 37.895000000001254 0.0006032755095120309 0.4822644820522338 -0.07167258188194749 
-0.0017524904488397243 -0.001041971075444331 37.910000000001254 6.775463147525958e-05 0.49228147689272794 -0.007885842974430159 
9.592987584279653e-06 -0.0017039163630808657 37.925000000001255 -0.001139119147960867 0.49228147689272794 0.13258008396468302 
-0.0005461644984983635 -0.0028775593584136304 37.955000000001256 -0.00021348185337499544 0.5013483831698407 0.02439742424954472 
-0.0017334819318067325 0.002592057268264789 37.965000000001254 0.0003443541315867729 0.5013483831698407 -0.03935394839227152 
7.672950709898714e-05 0.0017581122411474354 37.995000000001255 0.0009362403448584226 0.40348033335805766 -0.13294977706548253 
0.0023566687708527468 0.005559280737247763 38.00500000000125 0.000982358399764649 0.40348033335805766 -0.13949872056289575 
0.00048697476195186753 0.005851644223571121 38.035000000001254 -0.0005083742869496144 0.4104583880952906 0.0709638343373881 
-0.0005721975287908976 0.0003400940324530333 38.06000000000125 -0.0016942016047247525 0.4209288729983392 0.23061046134367374 
0.003912918511145554 -0.0006172229770701035 38.07500000000125 -0.0036441757840323216 0.4209288729983392 0.4960360422452028 
-0.0005562014779107588 -0.0012002228461873653 38.10000000000125 -0.0012249280906930892 0.43556183404489557 0.16113259775763092 
-0.0005562014779107588 -0.0012002228461873653 38.10000000000125 -0.0012249280906930892 0.43556183404489557 0.16113259775763092 
-0.006954490526515721 0.001713962184591997 38.135000000001256 -0.0007278672523120596 0.43556183404489557 0.09574696023289822 
-0.017468547865759528 -0.010312580158813228 38.145000000001254 0.0017805004695865296 0.4612634185290461 -0.22116464959153348 
-0.01493925755516611 -0.004677408497479904 38.175000000001255 -0.0018377326110588614 0.4612634185290461 0.22827373309379212 
-0.01315655840045249 0.0033630451496536127 38.20000000000125 0.0009394331245087492 0.47495813310469714 -0.11332694277134168 
-0.016774670872565837 0.0028175412883937154 38.215000000001254 -0.0005665536692292166 0.4863087120199043 0.06675005672766222 
-0.011894880518577088 -0.001539528133234764 38.22500000000125 -0.0005665536692292166 0.4863087120199043 0.06675005672766222 
-0.014136155670040756 -0.001261735203480021 38.25500000000125 4.390566239675019e-05 0.4863087120199043 -0.005172864663705771 
-0.02231329743502008 -0.0011930687266753055 38.26500000000125 0.0010301002535511926 0.4962193202497634 -0.11894014318937124 
-0.024217205982276016 0.009444495189447651 38.28000000000125 0.0014901704730578115 0.4962193202497634 -0.172061980211192 
-0.017537899724812872 0.003494145018541335 38.31000000000125 0.000264295400456367 0.5050803415537145 -0.029981390573007215 
-0.01603039471689907 0.007223022149179121 38.32500000000125 0.0014656001525395587 0.5050803415537145 -0.16625613053149488 
-0.012331894008850267 0.0028607562972933244 38.36500000000125 0.0011768026666990775 0.42967855334487326 -0.1569215535583867 
-0.012331894008850267 0.0028607562972933244 38.36500000000125 0.0011399745362630533 0.42967855334487326 -0.15201068140776333 
-0.013206187288515293 0.004016562040427659 38.395000000001254 0.0006703856622885378 0.4351028669684983 -0.08827859343431228 
-0.010447176633157739 0.007965517015775234 38.42000000000125 0.0006423625372491363 0.44109209989374154 -0.08343985827575882 
-0.0034941841196190733 0.007940610980900483 38.44500000000125 0.001881619970641685 0.44109209989374154 -0.24441354309285845 
-0.0034941841196190733 0.007940610980900483 38.44500000000125 0.001881619970641685 0.44109209989374154 -0.24441354309285845 
-0.006641352277001613 0.009734049418172614 38.47500000000125 0.0006782884745522354 0.45005235041700914 -0.08635232511995575 
-0.015127792947515154 0.010221583839494923 38.48500000000125 0.00034993752020632575 0.45005235041700914 -0.044550246171403324 
-0.010967384930314197 0.009323533678320062 38.50500000000125 -0.00014073216513237925 0.46112525055641423 0.01748626667937591 
-0.012459724860645722 0.005962697251452096 38.535000000001254 -0.0011006363124291116 0.45680827765605725 0.138048758233123 
-0.011457219086765964 0.007732068833405121 38.54500000000125 -0.00010212268414102634 0.45680827765605725 0.012808872080540346 
-0.0055030437450457525 0.007186639502363442 38.57500000000125 0.0005450562644508186 0.45680827765605725 -0.06836439941596643 
-0.005104493502541737 0.006269004976266469 38.60000000000125 -0.0003295964650626401 0.4663678439497622 0.040492685410263046 
-0.00942231201805006 0.007800755139350022 38.62500000000125 -0.0017221907090847156 0.4663678439497622 0.21158032318760403 
-0.007448894448131418 0.007632688346288909 38.645000000001254 0.0006977456933170983 0.4755129072921934 -0.08407318242558996 
-0.009628120935283216 0.008415806653169985 38.68000000000126 0.0014893166003794429 0.4755129072921934 -0.17945160741573588 
-0.007777248198575624 -0.002843316956927284 38.69500000000126 0.001791290274170502 0.4851239349746739 -0.21156113972846935 
-0.010844572053497023 0.002159154183302825 38.72500000000126 4.027932211588453e-05 0.49456731540310894 -0.004666372174245045 
-0.010844572053497023 0.002159154183302825 38.72500000000126 0.0009013352851170696 0.49456731540310894 -0.10441997712957675 
-0.005839031138678609 0.004953957218452615 38.74000000000126 0.0012535751246826364 0.49456731540310894 -0.14522707366611698 
-0.005626566984702392 0.008020139272605894 38.77000000000126 -0.0009355858937169014 0.3918418032512387 0.1368029716002084 
-0.011212066859179822 1.7111591529998804e-05 38.78000000000126 0.00019536257465050896 0.39835978866243604 -0.028098847626834157 
-0.01147337560861945 -0.0011786621082526987 38.79500000000126 6.129522426070715e-06 0.39835978866243604 -0.0008816044576784304 
-0.010275100978718605 0.003891356035924066 38.81000000000126 0.0028302118144293373 0.39835978866243604 -0.40706717070852544 
-0.008837555196354483 0.005561585156799262 38.84000000000126 0.001583878711407931 0.40697460726774065 -0.22298581730577455 
-0.0012833901920642973 0.0026849268997813616 38.85000000000126 0.0008730729920556503 0.40697460726774065 -0.12291527962268711 
-0.005263074726228195 0.006661139755884971 38.86500000000126 0.001444629541685648 0.4207679111183117 -0.19671456285370684 
-0.013343242884525637 0.006609426204947949 38.90000000000126 0.00026714515955059403 0.4207679111183117 -0.036377037685495474 
-0.014939727880284099 0.001550536058471161 38.915000000001264 0.00015861366465360128 0.43787432829548756 -0.020754570365271566 
-0.019006329765963396 0.003318035605777123 38.94000000000126 -0.0014652016795398915 0.43787432829548756 0.19172138430655894 
-0.030269388403787515 -0.0008432999705199951 38.95500000000126 1.8342351846733465e-05 0.47952704689287073 -0.0021916164144889314 
-0.023577432201623175 0.0009564439498079193 38.96500000000126 -0.0007028395030929952 0.47952704689287073 0.08397803098538693 
-0.028959072050802337 0.007104113278598252 38.99000000000126 0.0009047050483308417 0.49339912289080173 -0.10505851868935852 
-0.02929754358730656 0.002310325737417747 39.00500000000126 0.0009047050483308417 0.49339912289080173 -0.10505851868935852 
-0.024543131157096255 0.0014071144008280844 39.03500000000126 -0.00011474157794695794 0.5050469498243416 0.013017023770401148 
-0.022827647652068656 0.005712594102934093 39.04500000000126 -0.000768934598814983 0.5050469498243416 0.08723289438537718 
-0.024633730719210968 0.0031409788020959947 39.07500000000126 0.001459157181617985 0.5143954509663542 -0.16252777507237923 
-0.02562351603443343 0.0033892553696643767 39.10500000000126 0.0007868783875366247 0.5219819483612427 -0.0863723558591471 
-0.02562351603443343 0.0033892553696643767 39.10500000000126 0.0007868783875366247 0.5219819483612427 -0.0863723558591471 
-0.0256953981825397 0.0041277908467992576 39.13500000000126 0.00172536475352095 0.5219819483612427 -0.18938608664099937 
-0.01740879241855095 0.001229616812932851 39.14500000000126 0.002856393010636501 0.4248707311070669 -0.38519778407351957 
-0.01304316646668016 -0.0009441877259458616 39.17500000000126 0.0016970534088141592 0.4248707311070669 -0.2288554866558647 
-0.0161948524730348 -0.0005614835098654537 39.18500000000126 0.0015110411761881878 0.4289071723404001 -0.20185319260027704 
-0.01475419646185437 -0.0006740831342364213 39.21500000000126 0.0036998450341669555 0.434983151862569 -0.4873418761220855 
-0.015453392063252315 -8.96173949763993e-05 39.25000000000126 -0.001050650552468269 0.434983151862569 0.13839120467484065 
-0.012651823695262177 -0.0007087432628366576 39.26500000000126 -0.0007641143928353922 0.434983151862569 0.10064879429744367 
-0.012651823695262177 -0.0007087432628366576 39.26500000000126 0.0002666319098816194 0.4450961385222607 -0.03432265930333443 
-0.009321370759144599 0.0017506006725921898 39.28000000000126 0.0002666319098816194 0.4450961385222607 -0.03432265930333443 
-0.014839041623989874 0.003697137541154207 39.31000000000126 0.0025049911980756763 0.457248869234127 -0.3138890722847605 
-0.01543487369113701 -5.681874578347852e-05 39.32500000000126 0.0025049911980756763 0.457248869234127 -0.3138890722847605 
-0.014067476547657082 0.0009356044254117471 39.35500000000126 0.003516181739202916 0.4294089371182656 -0.46916204168757414 
-0.017699376935508354 0.004429701024879975 39.36500000000126 0.003074552887068098 0.43897118527818185 -0.4012994707320714 
-0.01603268810314118 0.0038537246311769304 39.39500000000126 0.0039559456782451725 0.43897118527818185 -0.5163413885647858 
-0.01760076284554877 0.00789131777019981 39.40500000000126 0.0031684301064634785 0.4487889406505353 -0.404505673690172 
-0.020097359197214167 0.005590373772489705 39.43500000000126 0.0028952734221053865 0.4487889406505353 -0.36963243207949514 
-0.020813126775543783 0.005098016652805401 39.44500000000126 0.003742783100336288 0.4605063572066601 -0.46567364798814803 
-0.021392819366319395 0.006041317271265518 39.47500000000126 0.003232826722143159 0.4605063572066601 -0.40222534212006794 
-0.01831563264011433 5.4849087083793345e-05 39.50500000000126 0.004816831901629975 0.47299497469531687 -0.5834821792031707 
-0.023967512714262378 0.0014552493955770505 39.52000000000126 0.004277372700740354 0.47299497469531687 -0.5181353212362645 
-0.023394270869959474 0.007407132720794872 39.53500000000126 0.0033822084710400193 0.48688405804155854 -0.3980131771072434 
-0.024729345546883084 -0.0016769808624577196 39.54500000000126 0.003297767613202808 0.48688405804155854 -0.3880763046781128 
-0.02174242185195879 0.0019293327732600569 39.57500000000126 0.0015505725922872022 0.48688405804155854 -0.18246903733934308 
-0.026184935119595514 0.00744565495298475 39.59000000000126 0.0020632634777116503 0.4956530754167519 -0.23850611477990788 
-0.021476158168086824 0.009040882519614749 39.61500000000126 0.003066069179642213 0.5028985197642022 -0.3493206219238952 
-0.021743812394451143 0.00691255532623203 39.62500000000126 0.001168835379345692 0.5028985197642022 -0.13316669576494503 
-0.022402799436029894 0.0067905455691265855 39.65500000000126 0.0026037680965336897 0.5028985197642022 -0.2966501528621357 
-0.010756912681309348 0.004182994628141985 39.66500000000126 0.002008434957043788 0.50916160688044 -0.22600849103724627 
-0.013393711970573735 0.0019117044150115214 39.68000000000126 0.002008434957043788 0.50916160688044 -0.22600849103724627 
-0.011186806429591023 0.003688057076005713 39.71000000000126 0.002833821024448444 0.5143908602521944 -0.31564710251020145 
-0.006679222492622413 0.008425861112200925 39.72500000000126 0.002689186990069094 0.5143908602521944 -0.2995369411830272 
-0.004630454652365989 0.004940723890793823 39.75500000000126 0.002119462146041744 0.5182606364076179 -0.23431498993958141 
0.00020968212275510392 0.007306499380878614 39.76500000000126 0.002157201164755302 0.383100110232237 -0.3226272167508858 
0.002312920219968565 0.007397917172285182 39.79500000000126 0.0012281937721692056 0.383100110232237 -0.1836865030576182 
0.007703254762028143 0.01112986914166318 39.80500000000126 0.002493387463193569 0.383100110232237 -0.3729066489832636 
0.00666825133151213 0.009331515380948148 39.84500000000126 0.0021668216959908225 0.38710025597254427 -0.3207172721333948 
0.00666825133151213 0.009331515380948148 39.84500000000126 0.0021668216959908225 0.38710025597254427 -0.3207172721333948 
0.004464954845912668 0.005965817701620792 39.87500000000126 0.0028828306034617665 0.3964872827976503 -0.41659350449787064 
-0.0011357519721767219 0.014589852834512178 39.885000000001256 0.0029948672048917876 0.4116188452901681 -0.4168741373380935 
-0.006335480947383119 0.010551827246192712 39.92000000000126 0.0019158826018196113 0.4116188452901681 -0.266683579682616 
-0.009293671705495736 0.005920031466151936 39.93500000000126 0.003396293229942643 0.4116188452901681 -0.4727511149966678 
-0.00657253465814925 0.0004920752599684407 39.94500000000126 0.0001723142383943017 0.46188408075108073 -0.02137523032608115 
-0.006061047452877474 0.0044154366963018304 39.97500000000126 0.0023655323241678137 0.46188408075108073 -0.29343946701127155 
-0.014059244228209117 0.007961829444894042 40.01000000000126 0.001346144392470294 0.4774027759746565 -0.16155832388340485 
-0.019180926047271445 0.002776093619384935 40.02000000000126 0.0040535249481325475 0.4899944134074607 -0.4739847339562436 
-0.019180926047271445 0.002776093619384935 40.02000000000126 0.0040535249481325475 0.4899944134074607 -0.4739847339562436 
-0.015992809760771685 -0.0018066941589718697 40.040000000001264 0.0024876964503410047 0.4899944134074607 -0.29089006611936513 
-0.014462235936497689 -0.0006698545889462003 40.070000000001265 0.000886379135538354 0.5005583625681116 -0.1014582660336467 
-0.011765915630150229 0.003670912560307352 40.08000000000126 0.0002177900412052461 0.5005583625681116 -0.02492906145253529 
-0.012741341769537552 -0.0016269050456455885 40.100000000001266 -0.0009304226320116941 0.5098452056760274 0.10455975536150917 
-0.012065571823376435 0.005750179364180375 40.13000000000127 0.003107956208323531 0.43163116272882734 -0.4125577322142858 
-0.010470523221909658 -0.0012976349655093294 40.155000000001266 0.004993325482500331 0.43163116272882734 -0.6628262752708954 
-0.015783882896253647 0.0015230650042439915 40.165000000001264 0.0038297945937492547 0.43163116272882734 -0.5083763304683118 
-0.013267574716590565 0.001925441752456839 40.195000000001265 0.0024392498513658347 0.4376903093285143 -0.31930960928878577 
-0.012219274745717667 0.00041375514703897694 40.20500000000126 0.003132561560054069 0.4376903093285143 -0.41006746695253443 
-0.008339783382057181 0.0009096741095550646 40.235000000001264 0.0037645486282067496 0.44474757421753675 -0.4849779080807531 
-0.004567075682881059 0.002875405043835552 40.24500000000126 0.0027024229967747403 0.44474757421753675 -0.34814677167537283 
-0.011607850231995056 -0.0009230185281658195 40.27500000000126 0.00253528108678244 0.45512838867839744 -0.31916467916620905 
-0.006983970874912569 -0.0019213386312882021 40.31000000000126 0.002785349014202926 0.4670813241038814 -0.3416722843520471 
-0.007282648452528298 0.004135113807311326 40.32500000000126 0.0009040503819952151 0.4670813241038814 -0.110897757376391 
-0.005372211435689094 -0.00868331054839587 40.34000000000126 0.002806752782945853 0.47824609281186176 -0.3362601200856213 
-0.006160813804032281 -0.007673325326002425 40.35500000000126 0.003572719651759078 0.47824609281186176 -0.4280259901878016 
-0.005550473793883924 -0.004033752036755416 40.375000000001265 0.002649256653632105 0.3947328214868748 -0.3845416870284717 
-0.01381416403090582 0.004683147961335432 40.40000000000126 0.0013625946074545833 0.3947328214868748 -0.19778167901102367 
-0.01216794963557828 0.008230387491925367 40.415000000001264 0.002897243476496148 0.3947328214868748 -0.42053716941943997 
-0.012138784093818432 0.012423789500172453 40.44000000000126 0.0017996458045649152 0.40149212476557455 -0.2568222459660963 
-0.010541562535521472 0.017487461344777307 40.46500000000126 0.003250640103925306 0.41343661764496686 -0.45048733160550686 
-0.020686696619456893 0.031056851768596155 40.48000000000126 0.0038823104308438232 0.41343661764496686 -0.5380268533397897 
-0.02526072718159747 0.033055705015784406 40.49500000000126 0.004759769518984606 0.41343661764496686 -0.6596288118993416 
-0.02553926409607541 0.03129499362800876 40.51000000000126 0.0064749021347047225 0.4295138730409359 -0.8637312747368936 
-0.0260416214992926 0.03436829269624833 40.52500000000126 0.0074963712158132665 0.4295138730409359 -0.9999919892890589 
-0.029650899219050217 0.03793893949203327 40.56500000000126 0.007273156622794021 0.4481575891592142 -0.9298541144991627 
-0.03130405265898034 0.047160690999885534 40.58000000000126 0.009337583107374037 0.4481575891592142 -1.1937856589886224 
-0.039996417015710016 0.0532966866511198 40.595000000001264 0.01208202885173069 0.4481575891592142 -1.5446558931606746 
-0.04117290690386053 0.057480912428568474 40.62000000000126 0.014021118747596442 0.4481575891592142 -1.792563481511476 
-0.037694046957609584 0.056518877262947076 40.63500000000126 0.014208408692270521 0.46126323667701497 -1.7648964559344 
-0.05015910430994834 0.06328662509403378 40.64500000000126 0.01775554779659551 0.46126323667701497 -2.205504082693839 
-0.04783869042433982 0.0685909883758642 40.67500000000126 0.016812853016837142 0.4738897872837228 -2.0327627758346707 
-0.04407587914389704 0.07126297379342493 40.68500000000126 0.019545912187469143 0.4863566354792931 -2.302627729077176 
-0.04955310641881627 0.07683276302336428 40.70500000000126 0.02367722461578227 0.4863566354792931 -2.7893215432964817 
-0.051694951829292485 0.07991722416751226 40.735000000001264 0.024861385352590033 0.4863566354792931 -2.9288229040979536 
-0.051041124514797094 0.088821495907383 40.74500000000126 0.02629529374295081 0.4863566354792931 -3.097746062502292 
-0.05326771001119891 0.09693963639933524 40.77500000000126 0.03162777003825554 0.524999382825133 -3.4516949883842964 
-0.052710823061577886 0.09676065142020804 40.78500000000126 0.034045321031303526 0.5334399187034128 -3.6567439722226993 
-0.05286373369276534 0.0994362684271506 40.81500000000126 0.03334463243428029 0.5386627369909488 -3.5467586240913476 
-0.060963265926970905 0.10853893776137939 40.82500000000126 0.03794628138837264 0.5386627369909488 -4.036220852986366 
-0.051661135624333505 0.11206023594371789 40.85500000000126 0.03829628836318648 0.5386627369909488 -4.073449941022043 
-0.04402919235766638 0.11275701302463811 40.86500000000126 0.03600208012407635 0.5408924374700316 -3.8136366898560876 
-0.039448512098607814 0.119686635159743 40.90000000000126 0.03588120421677595 0.5408924374700316 -3.8008325187245373 
-0.037113529603174336 0.1326238323449264 40.91000000000126 0.034919108793043815 0.5411057293596244 -3.6974614195405704 
-0.03919521752910696 0.13088991268147213 40.92500000000126 0.03686986411979341 0.5411057293596244 -3.9040200291078553 
-0.03387335387722455 0.13219412188807406 40.95500000000126 0.03635945311693144 0.3978735365671402 -5.23594312649747 
-0.034033944186624795 0.1424900979632551 40.98000000000126 0.0379565578441689 0.3957164910894832 -5.495728932922538 
-0.03494450396751126 0.14813166579140524 40.99500000000126 0.038580290454512556 0.3957164910894832 -5.586039159870568 
-0.02518799657483773 0.15849125847138051 41.00500000000126 0.03439593966513444 0.3957164910894832 -4.980187127842449 
-0.025542548274003422 0.1561556966635366 41.03500000000126 0.035876864657011974 0.3950673132273971 -5.203146041661193 
-0.02425958385165107 0.15739032093539834 41.04500000000126 0.03504704855006364 0.3950673132273971 -5.082799561179905 
-0.031044561391220284 0.1601481919401212 41.07500000000126 0.040307406172522486 0.40064388735984346 -5.764331691227937 
-0.03909037752193126 0.1680341042688357 41.08500000000126 0.044055031884610636 0.4133634274953182 -6.106411998267679 
-0.045742264484309084 0.17031177312873438 41.10500000000126 0.04877861078482196 0.4133634274953182 -6.761141268389721 
-0.04895814557480693 0.17571772843311778 41.13500000000126 0.05322347282082846 0.4133634274953182 -7.377237948069937 
-0.055641589248311134 0.17913338439290405 41.16000000000126 0.05935885343520919 0.4163334938731208 -8.168960289343394 
-0.06296712095159362 0.18505264981833583 41.17500000000126 0.06585248389268292 0.4163334938731208 -9.06261315274774 
-0.07195821345931543 0.1848977386561551 41.18500000000126 0.0759958825717888 0.4322124290540377 -10.07431309012845 
-0.07314163128852119 0.18986262647119853 41.21500000000126 0.08047946244422642 0.44612502742805765 -10.33596694209087 
-0.07996043499844555 0.1942385515715011 41.24000000000126 0.08579088118570288 0.44612502742805765 -11.018111763392929 
-0.08848309968255907 0.19899608931317325 41.25000000000126 0.09545351364610792 0.44612502742805765 -12.259082399268312 
-0.09335378549302568 0.2051857241154699 41.28000000000126 0.1027873923353275 0.45921277252094084 -12.824738596967162 
-0.09335378549302568 0.2051857241154699 41.28000000000126 0.1027873923353275 0.45921277252094084 -12.824738596967162 
-0.09080914094172951 0.20862144559586826 41.31000000000126 0.10723390461079849 0.4725805541438857 -13.001064265197304 
-0.09976388883044233 0.21469652492414515 41.32500000000126 0.11509082147766203 0.4725805541438857 -13.953638746963579 
-0.10589751117504786 0.21845380355422545 41.35500000000126 0.1221952015748572 0.48552942877659455 -14.419866051437936 
-0.11168588020913858 0.22279207330702078 41.38000000000126 0.13163481880624517 0.48552942877659455 -15.533805177517884 
-0.1104346080354946 0.22942146940973857 41.39500000000126 0.1366675795098104 0.38792572430438277 -20.185502047388397 
-0.11776338409880038 0.2361510867482192 41.42000000000126 0.14612853076994284 0.38792572430438277 -21.58286381904351 
-0.12067891918237686 0.24005039752009752 41.44500000000126 0.15133226984641454 0.3969231374259385 -21.844784414847325 
-0.12521805629954713 0.2391587858089397 41.46000000000126 0.15774369272118893 0.3969231374259385 -22.770272089313643 
-0.1325245892685697 0.23838644276817816 41.47500000000126 0.16557291568705118 0.40629120076737224 -23.349334793925696 
-0.13193611791616705 0.24436541590671815 41.48500000000126 0.17095857862943437 0.40629120076737224 -24.108828860978463 
-0.13334628986804706 0.25419745467163907 41.50500000000126 0.17455907475982813 0.4189738167635513 -23.871415967483077 
-0.1376429894049224 0.2512123569405805 41.53500000000126 0.17901169084366117 0.4828084407497101 -21.243651732591683 
-0.15603974446352306 0.2579107145823251 41.54500000000126 0.19438469782641665 0.4828084407497101 -23.06799518683889 
-0.15430841910960152 0.2636221472119478 41.57500000000126 0.19930011804736222 0.4828084407497101 -23.651317286088275 
-0.17840159720094748 0.2772984554987058 41.58500000000126 0.22566405310746016 0.5007934860124552 -25.818222864328483 
-0.1786084642534011 0.27516829027227274 41.61500000000126 0.2311706087440273 0.5007934860124552 -26.448227859284476 
-0.17565299057960973 0.27450551601561246 41.62500000000126 0.23965952890652167 0.5159503258077514 -26.613956498505523 
-0.17734547202423914 0.27656507239646844 41.65500000000126 0.24419558364871777 0.5159503258077514 -27.117680945158895 
-0.18038455405280832 0.27965613797598304 41.67000000000126 0.24965902251668798 0.5252117401357769 -27.23550753810236 
-0.17547488815205714 0.2862844189554488 41.68000000000126 0.25255874533593814 0.5288073431995054 -27.364503108666657 
-0.17531591472421368 0.28380392092859175 41.71500000000126 0.2499260465234909 0.5288073431995054 -27.07925266231379 
-0.17673262170550552 0.28699780731037394 41.73000000000126 0.252776849509904 0.41583939615896603 -34.828462068068475 
-0.1736774205206679 0.28803328049444304 41.75500000000126 0.2494324143498865 0.41583939615896603 -34.36765431080897 
-0.17239121337266522 0.28953377046812745 41.76500000000126 0.24665942960561624 0.4158590600825464 -33.98397594295717 
-0.17541216405400809 0.29454600867474673 41.79500000000126 0.2521533374907641 0.4158590600825464 -34.74090963772898 
-0.17713549943845477 0.29468367862477424 41.80500000000126 0.25665570605967564 0.4186299681193166 -35.127176420820376 
-0.1811509712779392 0.29494871966757563 41.83500000000126 0.25743500169096856 0.4186299681193166 -35.23383469678341 
-0.18878802071759015 0.3000216683840331 41.84500000000126 0.2676603769017887 0.4186299681193166 -36.633330404531456 
-0.1925787541802579 0.2953346273609729 41.87500000000126 0.267414905521569 0.4265439364669856 -35.92067347665006 
-0.18734082366948493 0.2996588139851496 41.885000000001256 0.2685198728828976 0.4265439364669856 -36.06909890458657 
-0.1890865312765373 0.2990356343309656 41.90500000000126 0.26836009313003617 0.43908393715700733 -35.018135315186186 
-0.2001927750365903 0.3011973217007214 41.93500000000126 0.27639550154031356 0.43908393715700733 -36.06667057146041 
-0.22182867525890176 0.3062170932946033 41.94500000000126 0.29962748596604066 0.4113411146844819 -41.73516762392603 
-0.2238388410220433 0.3056078795115017 41.97500000000126 0.3042197776321702 0.4113411146844819 -42.37482877465769 
-0.22399980512996065 0.3047511426077049 41.98500000000126 0.31399438605760377 0.4249460663649217 -42.33608576682943 
-0.2274833546861822 0.30770726617067795 42.01500000000126 0.3178011927616707 0.4363216282045794 -41.73221287332038 
-0.2295404605505779 0.30657028248921 42.04000000000126 0.3179997781080992 0.4363216282045794 -41.758290201346306 
-0.24143246708141877 0.3109070362444797 42.07000000000126 0.32807687016875764 0.4363216282045794 -43.08156827769645 
-0.24143246708141877 0.3109070362444797 42.07000000000126 0.32807687016875764 0.4363216282045794 -43.08156827769645 
-0.24780987442207367 0.31475820212766004 42.11500000000126 0.3340587119865964 0.45827145695508964 -41.765975200772814 
-0.24780987442207367 0.31475820212766004 42.11500000000126 0.3340587119865964 0.45827145695508964 -41.765975200772814 
-0.25830945716624787 0.3138004229720897 42.13000000000126 0.3505496705911437 0.3999161971820473 -50.22306367208937 
-0.26352354583072546 0.31280311444121683 42.14500000000126 0.35928042329631266 0.3999161971820473 -51.473913938978896 
-0.27089823194087986 0.3165806026605226 42.18500000000126 0.36353500098617675 0.4134427217784451 -50.37946047809245 
-0.27089823194087986 0.3165806026605226 42.18500000000126 0.36353500098617675 0.4134427217784451 -50.37946047809245 
-0.2823164115197437 0.31863345321657577 42.21500000000126 0.3750808981563651 0.4134427217784451 -51.9795156821077 
-0.28905576989554127 0.3163726821438999 42.22500000000126 0.39103174420231024 0.42607597354410887 -52.583271504541166 
-0.2959223793432938 0.3147375689433565 42.25500000000126 0.39137530785167074 0.42607597354410887 -52.62947159167288 
-0.30034944838831296 0.31608223128918256 42.26500000000126 0.401654016071856 0.43836395087140756 -52.49765611348796 
-0.3068608405263895 0.3184687776613072 42.28000000000126 0.40882885006098757 0.4517568968012854 -51.85126739079966 
-0.3130969084577431 0.3163081139420111 42.31500000000126 0.4073344734474682 0.4517568968012854 -51.66173741668313 
-0.31309256779058825 0.3151412637299901 42.32500000000126 0.4130640538161179 0.4843219290793644 -48.865899995930285 
-0.32294664523693484 0.3164993796165515 42.35500000000126 0.41693372319131583 0.4843219290793644 -49.32368584042286 
-0.3394435803528068 0.31867078474893085 42.36500000000126 0.43498586244843523 0.4843219290793644 -51.45927237597674 
-0.3427829649600554 0.3190124399037958 42.39500000000126 0.4373036061898811 0.4998886891742459 -50.122460345962295 
-0.35079901878283815 0.3172926848732682 42.42000000000126 0.44204017344839464 0.4998886891742459 -50.66535183194684 
-0.3438681000488833 0.31673958589501994 42.43500000000126 0.44218995185140825 0.5135715961306102 -49.33220251093382 
-0.3550527966609838 0.31746987562146883 42.44500000000126 0.4518310666784007 0.5135715961306102 -50.40779779998322 
-0.3608531441440606 0.3143553684103516 42.47500000000126 0.44934879827397356 0.5235533782613806 -49.17509988355128 
-0.3609925029212017 0.3071014503079259 42.50500000000126 0.4410190731179482 0.5235533782613806 -48.263525026505974 
-0.36296090487217214 0.30568151713705344 42.51500000000126 0.4382284067090234 0.5296312602597353 -47.407772258110484 
-0.36114962448614735 0.31115093271319566 42.53000000000126 0.43848997629176567 0.5296312602597353 -47.43606898880719 
-0.3652505794415559 0.31043220888215806 42.56000000000126 0.43484437148772803 0.40183061779093365 -62.003108096228964 
-0.3589825693744844 0.30168626435821644 42.57500000000126 0.42362565857068923 0.4044219714348955 -60.01642849282694 
-0.3623624489145556 0.30251717393964866 42.58500000000126 0.41925419396355706 0.4044219714348955 -59.397108846590044 
-0.3657681487173028 0.29959137339583813 42.61500000000126 0.41302121058633223 0.4044219714348955 -58.51406176578209 
-0.37135290727033504 0.2976599429468503 42.62500000000126 0.41219559077450635 0.40717144649587633 -58.00275998852491 
-0.3770173670288197 0.29116170887518117 42.65500000000126 0.40596460850810634 0.40717144649587633 -57.12595738078312 
-0.3780251668723236 0.29081335115853074 42.68000000000126 0.3994376135986691 0.4135213494260154 -55.34439629235092 
-0.38719190287491884 0.2846953962636459 42.69500000000126 0.3951569229328832 0.4135213494260154 -54.75128179199678 
-0.3915542764587271 0.28102724933255746 42.71000000000126 0.3946035212533344 0.42561469999287915 -53.121088978353455 
-0.40106332136367534 0.28095938011609284 42.72500000000126 0.3968058082805273 0.42561469999287915 -53.41755841875735 
-0.4074554459402843 0.276130695060542 42.75500000000126 0.39098656445492663 0.4426550361119019 -50.60798626929865 
-0.4165542212495251 0.27069309823462107 42.78000000000126 0.3873996582217208 0.45685565928305283 -48.58507265894023 
-0.4283276380866016 0.27226490807390547 42.79000000000126 0.3950149266562252 0.45685565928305283 -49.54012866468398 
-0.432688743325724 0.26158498870363756 42.80500000000126 0.3878262261754049 0.4736622237077193 -46.912767858913085 
-0.4356972561510805 0.2628256068832675 42.83500000000126 0.3830598263100613 0.4736622237077193 -46.336208061473066 
-0.44416175922835555 0.26061830901259087 42.84500000000126 0.3844467981765517 0.4736622237077193 -46.503980854564375 
-0.4466358609835871 0.2565811838068213 42.87500000000126 0.37885293119758257 0.48689618297596976 -44.58172968436055 
-0.4555828924368252 0.25495272492416404 42.90500000000126 0.37228190664771305 0.48689618297596976 -43.80848071066105 
-0.4555828924368252 0.25495272492416404 42.90500000000126 0.37228190664771305 0.49716023940363324 -42.90403847577153 
-0.45634754890540535 0.24899676397785847 42.93500000000126 0.3631798222831487 0.5263380747543639 -39.53480095629959 
-0.4586846513703835 0.24824413305402238 42.96000000000126 0.3565515476395166 0.5263380747543639 -38.813264398810496 
-0.4651894512209639 0.24409293462843373 42.97500000000126 0.3511098206147899 0.5346204786527554 -37.62876969755825 
-0.47046683265062667 0.23319843506236235 43.00000000000126 0.33876968849406275 0.5346204786527554 -36.30626613216318 
-0.4729397754690248 0.22987299577621398 43.010000000001256 0.3244839722383255 0.5417123257685741 -34.31999097033424 
-0.4707776151744812 0.2271363513910932 43.025000000001256 0.3168591795165814 0.5417123257685741 -33.51353259411364 
-0.47381493762998567 0.22301061505684341 43.05500000000126 0.30468888010520506 0.5417123257685741 -32.226305483870064 
-0.48077184044690313 0.2284482324870427 43.065000000001255 0.3045117962476668 0.5417123257685741 -32.20757569469193 
-0.4774558895508305 0.2222441595732648 43.080000000001256 0.29392024204588496 0.5462492918438941 -30.82912808151598 
-0.47173312999847894 0.21699688938358636 43.11000000000126 0.28058512471270364 0.5472264289573873 -29.37786369495989 
-0.47110144272854076 0.222708930564679 43.12500000000126 0.27530145906490944 0.5472264289573873 -28.824652581685168 
-0.4679942818821057 0.21559636453042771 43.15500000000126 0.26244433045196514 0.5444855447607554 -27.61680752909884 
-0.46291770349827344 0.21514461311307087 43.16500000000126 0.24994539300829646 0.5444855447607554 -26.3015543129002 
-0.46510924101478057 0.20867364658592963 43.19500000000126 0.23796764975935808 0.3857426427513126 -35.34621397989628 
-0.4599196099484841 0.19061457839562307 43.22000000000126 0.2142923385720772 0.3857426427513126 -31.829632561739224 
-0.4709220510825344 0.196079940606666 43.23500000000126 0.2082949681290545 0.3832862576405921 -31.137100090861423 
-0.4598190012648168 0.18496466318715332 43.245000000001255 0.18603412401467323 0.3832862576405921 -27.80942425921531 
-0.46431018980899996 0.1800192170301177 43.275000000001256 0.17506792078557176 0.38643445868599163 -25.95693205841815 
-0.4726144032365566 0.18237977114691126 43.29500000000126 0.1712168643510754 0.38643445868599163 -25.385944468145734 
-0.4792699492419191 0.16183564029581532 43.30500000000126 0.15021593599240315 0.38643445868599163 -22.27218343115118 
-0.4871005190503805 0.1548011554644093 43.33500000000126 0.13711593736065958 0.4164070193298275 -18.86655159509511 
-0.49693248707585147 0.14584907760220606 43.36000000000126 0.12049292128097389 0.4164070193298275 -16.57929749050065 
-0.5118854323547468 0.14459077249990254 43.37500000000126 0.11336837047228213 0.4553424837634969 -14.26515071611693 
-0.5173418185007329 0.13336327965843892 43.400000000001256 0.09362133031064745 0.4553424837634969 -11.780379144210062 
-0.5209397941172716 0.11546439808954581 43.41500000000126 0.06611027536357911 0.4553424837634969 -8.318660998801457 
-0.5342371486451492 0.11178444475015877 43.425000000001255 0.04856037355507142 0.4745947699747836 -5.862484444217783 
-0.5393005242129241 0.10663005591462761 43.465000000001254 0.03329903220004787 0.48972525296503117 -3.895845671387513 
-0.5393005242129241 0.10663005591462761 43.465000000001254 0.03329903220004787 0.48972525296503117 -3.895845671387513 
-0.5528325452065096 0.099007414272181 43.480000000001255 0.015437327103233756 0.5005639777980272 -1.7669942888601065 
-0.557258024709438 0.09311941592704531 43.51500000000126 0.00037866291927657336 0.5005639777980272 -0.04334268564048507 
-0.5547447157168455 0.06422857509931959 43.525000000001256 -0.04788629628142571 0.5387508910480943 5.092674033635655 
-0.5604463531832914 0.073686665819515 43.55500000000126 -0.05046597412444842 0.5387508910480943 5.367020963477518 
-0.5576024743246321 0.04378629787919858 43.565000000001255 -0.09399016332910562 0.5452856257231543 9.875997863250404 
-0.5608247141246538 0.04846661683045012 43.59500000000126 -0.10364658629649035 0.5452856257231543 10.890644600894722 
-0.567660460424784 0.02109240344697089 43.605000000001255 -0.1516223880943228 0.5452856257231543 15.931692506983374 
-0.5652092203622456 0.028164129002872476 43.635000000001256 -0.163475522637819 0.5504416568401077 17.016258461635918 
-0.5650320029581068 0.008465539813440875 43.645000000001254 -0.20112972139608365 0.5527780771746816 20.84721635405244 
-0.5670408352397254 0.016811526508881736 43.675000000001255 -0.2002244892703609 0.5527780771746816 20.753388500841144 
-0.574135515957337 0.0008887444569216085 43.68500000000125 -0.22719695307727789 0.5527780771746816 23.549100565083062 
-0.5704651830109851 0.0003353490921347602 43.705000000001256 -0.24080479507806782 0.5512745794563656 25.02763406593467 
-0.5694226455159987 0.005727535541033754 43.73500000000126 -0.2396057341003446 0.5512745794563656 24.90301171626979 
-0.5637131319151039 -0.013469818871344422 43.760000000001256 -0.2620443103099089 0.4602721347131183 32.619904386634914 
-0.5678823138605555 -0.014929584846120418 43.770000000001254 -0.28385253792203785 0.4602721347131183 35.33464487731108 
-0.5631922465122242 -0.004475612216214524 43.785000000001254 -0.2806590503501443 0.45636373685664605 35.236320874163155 
-0.5703643840833682 -0.024003867200981965 43.815000000001255 -0.29818679392187725 0.45636373685664605 37.4369026687752 
-0.5706139668354512 -0.04579448168770446 43.840000000001254 -0.3301184427042701 0.45499617895254735 41.57044472313819 
-0.5636647636788404 -0.07035187067867082 43.855000000001255 -0.3794433491132847 0.45784232606376224 47.48469337776462 
-0.5747653189221278 -0.08160831056876215 43.88000000000125 -0.41072256227394 0.45784232606376224 51.39906913241256 
-0.5866283353852854 -0.09115198007503533 43.895000000001254 -0.4499511175034958 0.45784232606376224 56.308249702005384 
-0.5914126754192999 -0.09206520498494379 43.910000000001254 -0.47208360099660285 0.4646453685373642 58.212993706550215 
-0.5945772480668667 -0.10374994991574849 43.925000000001255 -0.49760871432305764 0.47358362192210995 60.20241803111056 
-0.5956260813887037 -0.13975761066339895 43.955000000001256 -0.5464373619025696 0.47358362192210995 66.10987617817007 
-0.6068853362098674 -0.16192827099609416 43.980000000001255 -0.601529148158589 0.4162463602354815 82.79971847462869 
-0.60964948639185 -0.21976723517657423 43.995000000001255 -0.7 0.4162463602354815 96.35410538237022 
-0.6135098969818285 -0.1881620366007436 44.00500000000125 -0.7 0.4162463602354815 96.35410538237022 
-0.6197733339227274 -0.22759728643060576 44.035000000001254 -0.7 0.42459522479644884 94.4594835666957 
-0.624855292118141 -0.24894009468010053 44.06000000000125 -0.7 0.4335579033651956 92.50678017366126 
-0.6321464446494409 -0.3402749224313396 44.07000000000125 -0.7 0.4335579033651956 92.50678017366126 
-0.6460794128723933 -0.35536630934308977 44.08500000000125 -0.7 0.4335579033651956 92.50678017366126 
-0.6551673869872122 -0.3733141015936152 44.120000000001255 -0.7 0.4447020237492287 90.18858362959539 
-0.6604562354392691 -0.44024617331474675 44.135000000001256 -0.7 0.4447020237492287 90.18858362959539 
-0.6679907904597192 -0.5226358880617572 44.145000000001254 -0.7 0.4477441885374387 89.57580396558072 
-0.6722345263952875 -0.5833587977378073 44.175000000001255 -0.7 0.4477441885374387 89.57580396558072 
-0.6885638206960959 -0.6111241226560337 44.18500000000125 -0.7 0.46134779288165306 86.93451291625894 
-0.6865554590208987 -0.7013603145303712 44.215000000001254 -0.7 0.47408479191962205 84.59888682942082 
-0.6904091105104604 -0.8621907962006204 44.22500000000125 -0.7 0.47408479191962205 84.59888682942082 
-0.6957049559930861 -0.9387497791361881 44.25500000000125 -0.7 0.484713483747073 82.74382084259443 
-0.6985391231378567 -1.164282124619313 44.26500000000125 -0.7 0.484713483747073 82.74382084259443 
-0.697210001934411 -1.3030295232645235 44.29500000000125 -0.7 0.493123637057858 81.33263677736032 
-0.7003850119869315 -1.554843070683491 44.32500000000125 -0.7 0.493123637057858 81.33263677736032 
-0.6849984971540289 -1.9952300751057248 44.340000000001254 -0.7 0.44866733726715546 89.39149861777479 
-0.6836701592777039 -2.4072660513890227 44.36500000000125 -0.7 0.44866733726715546 89.39149861777479 
-0.6836701592777039 -2.4072660513890227 44.36500000000125 -0.7 0.44866733726715546 89.39149861777479 
-0.6736921541322152 -3.1255820048360645 44.395000000001254 -0.7 0.45487202969583085 88.17215181592255 
-0.6510172091435268 -4.193460758368294 44.40500000000125 -0.7 0.4607115336222039 87.05457261690023 
-0.6183724208228047 -5.250831013412429 44.43500000000125 -0.7 0.4607115336222039 87.05457261690023 
-0.5504279140739177 -6.990958389859613 44.44500000000125 -0.7 0.4671885668058098 85.84766089926255 
-0.5072256711760866 -8.74127067139016 44.46000000000125 -0.7 0.4671885668058098 85.84766089926255 
-0.38690934156194473 -10.941596581387937 44.495000000001255 -0.7 0.4671885668058098 85.84766089926255 
-0.1717057431056529 192.0236910073902 44.510000000001256 -0.7 0.47483545856590814 84.465144579321 
0.022823297146625315 102.500631733991 44.535000000001254 -0.7 0.4644589845215889 86.3521796235021 
0.2522893728402259 26.91106052629314 44.54500000000125 -0.6927436632489571 0.4644589845215889 85.45703605988113 
0.3725011994684465 7.1877804849615075 44.57500000000125 -0.7 0.4727011025524207 84.84652445825407 
0.4989848094883048 -1.2253970085372732 44.60000000000125 -0.7 0.4727011025524207 84.84652445825407 
0.6045503305421083 -4.120082581130846 44.61500000000125 -0.7 0.4727011025524207 84.84652445825407 
0.6634050636342389 -4.384451964971156 44.62500000000125 -0.7 0.48038208920149356 83.48988557384568 
0.6923787391504115 -3.695101722466475 44.65500000000125 -0.7 0.48715899622721215 82.32845122386203 
0.7235492617488518 -2.918592411465257 44.66500000000125 -0.7 0.48715899622721215 82.32845122386203 
0.7326446391476662 -2.4933395400297096 44.69500000000125 -0.7 0.4934613459280432 81.27697537023711 
0.7482773761761005 -2.040141480989327 44.715000000001254 -0.7 0.4934613459280432 81.27697537023711 
0.7587314083776348 -1.7059855986582124 44.74000000000125 -0.7 0.4182766392273208 95.88641080517205 
0.7582237300649833 -1.4075509380435163 44.75500000000125 -0.7 0.4182766392273208 95.88641080517205 
0.7618714690758905 -1.2403452681218876 44.770000000001254 -0.7 0.4182766392273208 95.88641080517205 
0.7638560630907104 -1.1022527393016723 44.79500000000125 -0.7 0.42493219065238785 94.38457839021862 
0.7623742204459385 -0.9912341142762359 44.82000000000125 -0.7 0.42493219065238785 94.38457839021862 
0.765529410935904 -0.8876570093253264 44.83500000000125 -0.7 0.43305378780137754 92.61446681434624 
0.7623317306237585 -0.8097947410943122 44.84500000000125 -0.7 0.43305378780137754 92.61446681434624 
0.765291913008516 -0.7567302567848517 44.87500000000125 -0.7 0.4445572230017034 90.21795976758642 
0.7647448215523766 -0.6899071012233731 44.88500000000125 -0.7 0.4445572230017034 90.21795976758642 
0.766820784666891 -0.6590405876607015 44.90500000000125 -0.7 0.4597726913630457 87.23233548355377 
0.7666175757024799 -0.6100513233000446 44.93500000000125 -0.7 0.4597726913630457 87.23233548355377 
0.7589268811816925 -0.5360164892998373 44.94500000000125 -0.7 0.4778800825173275 83.92700831532015 
0.7601448301548446 -0.4901254273795528 44.97500000000125 -0.7 0.493516098525597 81.26795818612472 
0.7560881243216291 -0.49540109857163545 44.98500000000125 -0.7 0.493516098525597 81.26795818612472 
0.7544451599407264 -0.4611564916324849 45.01500000000125 -0.7 0.506165902982889 79.23695654488493 
0.75461718445965 -0.4175574749131397 45.02500000000125 -0.7 0.506165902982889 79.23695654488493 
0.7408521489345262 -0.37630490824769064 45.05500000000125 -0.7 0.506165902982889 79.23695654488493 
0.7426686915170422 -0.3820120691924685 45.06500000000125 -0.7 0.515113216259073 77.86064188068906 
0.7312095526716967 -0.3546309845460397 45.08000000000125 -0.7 0.5209606472815296 76.9867088204142 
0.7187292006534283 -0.3417940339832516 45.11500000000125 -0.7 0.5209606472815296 76.9867088204142 
0.6962525053361949 -0.27942358732710887 45.12500000000125 -0.7 0.5209606472815296 76.9867088204142 
0.6868846087203635 -0.2835441317296765 45.15500000000125 -0.7 0.3974900616102257 100.90075081798182 
0.6751112888400606 -0.2793259305618299 45.16500000000125 -0.7 0.3974900616102257 100.90075081798182 
0.6616970227183632 -0.25694676440592046 45.19500000000125 -0.7 0.40224391401403287 99.70827217477411 
0.6480252000740124 -0.2721422576939013 45.22000000000125 -0.6979571947924089 0.4077942872097148 98.06415341426744 
0.6301425598005689 -0.24818991988404024 45.23500000000125 -0.6896048660275735 0.4077942872097148 96.89063725099497 
0.6197572647764319 -0.2418120171498746 45.26000000000125 -0.6787063392407607 0.41728629992679894 93.1902359940681 
0.6101750772296095 -0.2413404645771536 45.27500000000125 -0.6716405986559456 0.41728629992679894 92.22006967249172 
0.6025906230076592 -0.2381227827769783 45.30000000000125 -0.6620408014315209 0.4325366021660364 87.69695696856621 
