-0.23554519714228572 0.2981690237067556 35.11500000000155 0.45528385654778014 0.41501074490076195 -62.85582670122216 
-0.23554519714228572 0.2981690237067556 35.11500000000155 0.45528385654778014 0.41501074490076195 -62.85582670122216 
-0.2877038733016177 0.3624852587762051 35.14000000000155 0.5376952574187397 0.41501074490076195 -74.23342477954621 
-0.31963117716514255 0.41006809087453133 35.15500000000155 0.6927287298485121 0.41501074490076195 -95.63712037689231 
-0.33113195904480236 0.44112512204283877 35.18000000000155 0.7 0.45411924144357746 -88.31831377957758 
-0.33509852165861614 0.46295170752637366 35.20500000000155 0.7 0.4855397951268686 -82.60300404146666 
-0.33673672351044304 0.4916161314200343 35.23500000000155 0.7 0.4855397951268686 -82.60300404146666 
-0.33673672351044304 0.4916161314200343 35.23500000000155 0.7 0.4855397951268686 -82.60300404146666 
-0.3321155707113287 0.5120669024288782 35.25000000000155 0.7 0.5106377507327823 -78.54304857328442 
-0.33164433554793404 0.5268547024149675 35.26500000000155 0.7 0.5106377507327823 -78.54304857328442 
-0.32919287108023854 0.5409897307746065 35.29000000000155 0.7 0.43707550842370335 -91.76228108457096 
-0.3283355834619575 0.5592820321801993 35.30500000000155 0.7 0.4493102751732434 -89.26358437650529 
-0.32437337333542476 0.566084992178005 35.33500000000155 0.7 0.4493102751732434 -89.26358437650529 
-0.3180439338498186 0.5728318887256927 35.34500000000155 0.7 0.4493102751732434 -89.26358437650529 
-0.3191325256106978 0.5820616937294963 35.38500000000155 0.7 0.45789099693210766 -87.5908151238544 
-0.3191325256106978 0.5820616937294963 35.38500000000155 0.7 0.45789099693210766 -87.5908151238544 
-0.31541778778588736 0.6077172763975917 35.40000000000155 0.7 0.46625039824574227 -86.02039978959712 
-0.3159478665980007 0.6089113632943995 35.43000000000155 0.7 0.46625039824574227 -86.02039978959712 
-0.3078900000071718 0.6214429826202759 35.44500000000155 0.7 0.4756091276660944 -84.32774588656576 
-0.30592389955230365 0.6279376114407647 35.47500000000155 0.7 0.4855279824699471 -82.60501373191224 
-0.3107716593333232 0.638962129758695 35.48500000000155 0.7 0.4855279824699471 -82.60501373191224 
-0.30904730893518234 0.6441307390816745 35.52500000000155 0.7 0.4925173103220439 -81.43276351633753 
-0.30904730893518234 0.6441307390816745 35.52500000000155 0.7 0.4925173103220439 -81.43276351633753 
-0.3156892716303361 0.6550114289353816 35.55500000000155 0.7 0.4925173103220439 -81.43276351633753 
-0.3231832270468581 0.6516464528792986 35.58000000000155 0.7 0.49680101018126266 -80.73060407933588 
-0.3263032768393482 0.6631337387259175 35.59500000000155 0.7 0.49680101018126266 -80.73060407933588 
-0.33063578088436507 0.6752142713360583 35.605000000001546 0.7 0.4988137252687894 -80.40485581575697 
-0.3309108347636539 0.6693285767844217 35.64000000000155 0.7 0.4988137252687894 -80.40485581575697 
-0.3333686327879222 0.6693413055589412 35.65000000000155 0.7 0.49971445125130426 -80.25992756208679 
-0.3417122894939372 0.672663317989603 35.68000000000155 0.7 0.49971445125130426 -80.25992756208679 
-0.3560646336295149 0.6788477152531958 35.69500000000155 0.7 0.42116086305684125 -95.22975465492064 
-0.35928061411613943 0.6760987142757752 35.70500000000155 0.7 0.4234229335206507 -94.72100465999338 
-0.36629459640029416 0.681143661864008 35.745000000001546 0.7 0.4234229335206507 -94.72100465999338 
-0.36629459640029416 0.681143661864008 35.745000000001546 0.7 0.4234229335206507 -94.72100465999338 
-0.3796424786802159 0.6890762185319361 35.77500000000155 0.7 0.4234229335206507 -94.72100465999338 
-0.39189895543325143 0.6979056663530707 35.800000000001546 0.7 0.42915458977961396 -93.45594015376605 
-0.39189895543325143 0.6979056663530707 35.800000000001546 0.7 0.4399950059789051 -91.15341109367158 
-0.4051950072096829 0.7219258868663724 35.83500000000155 0.7 0.4554009854071637 -88.06973841591234 
-0.4227754758504692 0.754244058468204 35.84500000000155 0.7 0.4554009854071637 -88.06973841591234 
-0.4324928057692115 0.7590012800995908 35.87500000000155 0.7 0.4554009854071637 -88.06973841591234 
-0.438249536926173 0.7505082172546275 35.88500000000155 0.7 0.4554009854071637 -88.06973841591234 
-0.4429895955491832 0.7796898416343073 35.91500000000155 0.7 0.4886773807563896 -82.07264595934177 
-0.44636936098404395 0.8214853392182582 35.925000000001546 0.7 0.4886773807563896 -82.07264595934177 
-0.45428208713599705 0.8297573257454293 35.95500000000155 0.7 0.4886773807563896 -82.07264595934177 
-0.46010993552399715 0.8517233345965284 35.980000000001546 0.7 0.5008287765718876 -80.08135222118325 
-0.46893839404348514 0.8677073180420546 35.995000000001546 0.7 0.5008287765718876 -80.08135222118325 
-0.47457510014591203 0.8939912004442984 36.01000000000155 0.7 0.5101698233375898 -78.61508820096945 
-0.4733659965922981 0.8965996141979865 36.02500000000155 0.7 0.5101698233375898 -78.61508820096945 
-0.47562839011530916 0.9109858513489092 36.05500000000155 0.7 0.51747766867478 -77.50488202103223 
-0.4814097494014033 0.9401906573466609 36.06500000000155 0.7 0.4409423475682582 -90.95757275376918 
-0.4831914377927004 0.956632405992724 36.09500000000155 0.7 0.4409423475682582 -90.95757275376918 
-0.48584973522842695 0.9840462402185932 36.120000000001546 0.7 0.44949906882028784 -89.22609286915484 
-0.4879867386295772 1.0161204117069536 36.13500000000155 0.7 0.44949906882028784 -89.22609286915484 
-0.4866526271617592 1.0229030897431783 36.15000000000155 0.7 0.44949906882028784 -89.22609286915484 
-0.48754936908963065 1.0573733053513406 36.175000000001546 0.7 0.4592171822243954 -87.33785932156042 
-0.4929424547106709 1.1364490428164566 36.185000000001544 0.7 0.4712900019750168 -85.10056545032268 
-0.49002453828863396 1.1569982425642287 36.22000000000155 0.7 0.4712900019750168 -85.10056545032268 
-0.4904085918062096 1.2105554617905383 36.23500000000155 0.7 0.48489557260164023 -82.7127487346787 
-0.4914258114466871 1.2529272845593373 36.245000000001546 0.7 0.48489557260164023 -82.7127487346787 
-0.486171829660321 1.2921535271531328 36.27500000000155 0.7 0.41723770453422937 -96.12517091169866 
-0.4806904798222578 1.3761604215369707 36.300000000001546 0.7 0.41723770453422937 -96.12517091169866 
-0.4820993176377162 1.4345570253893254 36.31500000000155 0.7 0.41723770453422937 -96.12517091169866 
-0.477549761685782 1.4843243058168034 36.325000000001545 0.7 0.42843541463301427 -93.61281604956068 
-0.4715457191931607 1.568221987762659 36.365000000001544 0.7 0.4396308144531832 -91.22892286120374 
-0.4615860476721692 1.6885983895332837 36.380000000001544 0.7 0.4396308144531832 -91.22892286120374 
-0.4585313653268334 1.7672291690652469 36.395000000001545 0.7 0.45317290499106194 -88.5027441346006 
-0.4532929734801375 1.8759114207686105 36.420000000001544 0.7 0.45317290499106194 -88.5027441346006 
-0.44635800589155145 1.992461178754293 36.435000000001544 0.7 0.45317290499106194 -88.5027441346006 
-0.4365057392895434 2.122400680246308 36.465000000001545 0.7 0.4687974597764112 -85.55303537328535 
-0.42021617374354914 2.295714602693137 36.480000000001546 0.7 0.4687974597764112 -85.55303537328535 
-0.42021617374354914 2.295714602693137 36.480000000001546 0.7 0.45048066196058184 -89.03167004906216 
-0.4105087300615209 2.4490737779532132 36.51000000000155 0.7 0.45048066196058184 -89.03167004906216 
-0.3973139187001625 2.644735437231988 36.52500000000155 0.7 0.46478005923666793 -86.29252667385833 
-0.37629346910103906 2.780014230685895 36.55500000000155 0.7 0.4769526460623045 -84.09020474103508 
-0.3471958394382464 3.0240306371131025 36.58000000000155 0.7 0.4769526460623045 -84.09020474103508 
-0.310539478475436 3.2716654891035457 36.59500000000155 0.7 0.4769526460623045 -84.09020474103508 
-0.28917627861980616 3.3203378490912305 36.605000000001546 0.7 0.48784176491523124 -82.21322679522271 
-0.26864547489673607 3.541958111626515 36.64000000000155 0.7 0.48784176491523124 -82.21322679522271 
-0.22825780967556034 3.7871796043916306 36.65000000000155 0.7 0.49785793015772684 -80.55921826222848 
-0.19884984728783361 3.8680112220130223 36.66500000000155 0.7 0.4379423731250836 -91.58064649684488 
-0.16115826185274376 4.065065946439079 36.70500000000155 0.7 0.4379423731250836 -91.58064649684488 
-0.11115646649260483 4.204383491154707 36.72000000000155 0.7 0.4379423731250836 -91.58064649684488 
-0.06867882474066633 4.276499692636612 36.745000000001546 0.7 0.44647067308631166 -89.8313104910345 
-0.06867882474066633 4.276499692636612 36.745000000001546 0.7 0.44647067308631166 -89.8313104910345 
-0.022381328271778363 4.281800635715539 36.77500000000155 0.7 0.45450884094723987 -88.24260838484618 
0.03482763190002553 4.230624879856872 36.79000000000155 0.7 0.45450884094723987 -88.24260838484618 
0.07517466440663378 4.186149179679142 36.81500000000155 0.47942007039182893 0.46428546911500507 -59.163485559166915 
0.12343857156095553 4.083438610402628 36.83000000000155 0.4933902391646751 0.46428546911500507 -60.887493229050015 
0.15280227541367367 3.9677783392923853 36.84500000000155 0.5055976755553637 0.47625830311773015 -60.8254234126939 
0.1842571819546426 3.8445198597133525 36.87500000000155 0.5352890603951801 0.46872786707768305 -65.43200465417237 
0.21625525593927059 3.6461443361143533 36.88500000000155 0.5352890603951801 0.46872786707768305 -65.43200465417237 
0.24142160243805447 3.4828154254710713 36.91500000000155 0.5544621403245946 0.46872786707768305 -67.77565997612142 
0.28151329634000344 3.324977318864072 36.925000000001546 0.5601747055778492 0.47993825322746747 -66.87453272115502 
0.29876827720359256 3.1325511755677047 36.95500000000155 0.5772046590976561 0.48841410271836744 -67.71178534263781 
0.3316542518875265 2.9124284834683127 36.965000000001545 0.5829159931508577 0.48841410271836744 -68.38178101806263 
0.34286339415952666 2.726386416843563 37.005000000001544 0.5987575787319613 0.49465116118155383 -69.35449647154859 
0.34286339415952666 2.726386416843563 37.005000000001544 0.5987575787319613 0.49465116118155383 -69.35449647154859 
0.35817915623247487 2.507276397202995 37.04000000000155 0.6112049512343359 0.49465116118155383 -70.79628407133853 
0.37516227359863136 2.254937910391515 37.05500000000155 0.6152878885581079 0.4994734269203654 -70.58113064644782 
0.38724795716646154 2.0984493569441716 37.06500000000155 0.6181607511880316 0.4994734269203654 -70.91068352142335 
0.3919158214648371 2.021198351379335 37.090000000001545 0.6221825310213447 0.4197818341163482 -84.92133345725014 
0.3971271802219308 1.9083845231924255 37.105000000001546 0.6275425847955376 0.4197818341163482 -85.65292409377899 
0.39964529508258295 1.815737965507117 37.13500000000155 0.6333069223424395 0.425465123621508 -85.28504869630834 
0.3982324792820171 1.7406232678162479 37.15000000000155 0.6362694484364189 0.43193398271841876 -84.4007544835601 
0.40346247262798185 1.6562039513855187 37.175000000001546 0.6402010236620291 0.43193398271841876 -84.92227554066228 
0.41490461797174877 1.524202999372853 37.185000000001544 0.6413175704748968 0.43193398271841876 -85.0703847947744 
0.4225959846057842 1.4532553359565183 37.200000000001545 0.6396814543658246 0.44103589517869873 -83.10218730178835 
0.42034749507647157 1.4229344560808121 37.245000000001546 0.6437967185901394 0.44103589517869873 -83.63680880133519 
0.42034749507647157 1.4229344560808121 37.245000000001546 0.6437967185901394 0.45312918739005376 -81.40467633976166 
0.4214400568183739 1.346504637620628 37.27500000000155 0.6413114042790314 0.45312918739005376 -81.0904215427795 
0.42245218709509236 1.3062552588042033 37.285000000001546 0.6405578144995924 0.5158083360234413 -71.15290068379704 
0.42721812110831936 1.2437698822456318 37.31500000000155 0.63839186016494 0.5274321318111612 -69.3495087933944 
0.42546518624967333 1.1932946190458043 37.340000000001545 0.6348750265780083 0.5274321318111612 -68.96746964631191 
0.4255962228007371 1.1354721668017163 37.355000000001546 0.633903455937455 0.5274321318111612 -68.86192640416743 
0.42528863830426294 1.0879750165196391 37.365000000001544 0.6322508346247626 0.5346968944185437 -67.74923287522716 
0.42459001757003145 1.0452272211430087 37.395000000001545 0.6293124708532789 0.536003223954789 -67.27002182711472 
0.41597234131216904 1.0256024588370252 37.40500000000154 0.6277115585707468 0.536003223954789 -67.09889316023288 
0.4114410876229384 0.9752681626828671 37.450000000001545 0.6202656298205729 0.5324672838084697 -66.74326075313584 
0.4114410876229384 0.9752681626828671 37.450000000001545 0.6202656298205729 0.5324672838084697 -66.74326075313584 
0.408907070751041 0.8903314893684514 37.465000000001545 0.6167007301957725 0.5324672838084697 -66.35966215637717 
0.398225502553669 0.8690737412450724 37.495000000001546 0.6123821130737533 0.4332567518907609 -80.98410555705742 
0.3887291161741814 0.8442102646421598 37.520000000001545 0.605797786176894 0.4332567518907609 -80.11336519241648 
0.3742306775280966 0.8031998858802648 37.535000000001546 0.6036727976805826 0.43028350249113123 -80.383987100842 
0.3675623030052604 0.7793565826617346 37.550000000001546 0.6014496713445625 0.43028350249113123 -80.08795958493474 
0.36422127811066835 0.7657326102949024 37.575000000001545 0.5964819919416497 0.42979641804625784 -79.5164856169989 
0.357281655030653 0.7548723021100798 37.60000000000154 0.5920554915305528 0.42979641804625784 -78.92639277089826 
0.34896260710186544 0.7453045129891794 37.615000000001544 0.5882263652761417 0.4339303533625451 -77.66888826162655 
0.3435849225210933 0.7425300738877038 37.63500000000155 0.5843320629208995 0.44206932090985707 -75.73418795638909 
0.3354410743081741 0.7012671368389399 37.65000000000155 0.5812646120544052 0.44206932090985707 -75.3366213753105 
0.33482056016553124 0.7118253329118233 37.675000000001546 0.5763735885095495 0.502747725646295 -65.68657073874235 
0.33186666707004875 0.7061804867580429 37.685000000001544 0.5708517057954934 0.502747725646295 -65.05726789291654 
0.330038572627756 0.7044569912158873 37.715000000001545 0.5652171259778545 0.5117741986245562 -63.27899279424778 
0.3200507466831526 0.687807556485456 37.740000000001544 0.5617845609871258 0.5117741986245562 -62.894699315987864 
0.3152430412814987 0.6507690265521896 37.755000000001544 0.5568419531796368 0.5168076144872833 -61.73417898392756 
0.30784791392378574 0.6499570463929837 37.78000000000154 0.5529189593710861 0.5168076144872833 -61.299257009124815 
0.3040856217733878 0.6608690761120312 37.795000000001544 0.5492867950347498 0.5168076144872833 -60.89657778936047 
0.2924332698333193 0.6314684127290631 37.825000000001545 0.5417009904635636 0.5173196443083776 -59.99613750046805 
0.2847848406875579 0.6037033903083217 37.840000000001545 0.5389090341455274 0.5173196443083776 -59.686914150130704 
0.277410050923854 0.5955369066990569 37.855000000001546 0.5352326232166936 0.514618135497657 -59.59092432367643 
0.26589858268238714 0.5826319286897268 37.865000000001544 0.5309021343813398 0.4318251023307419 -70.44160117222657 
0.2607203108385591 0.5684283597832234 37.895000000001545 0.528335825401217 0.4318251023307419 -70.10109601702848 
0.25160112569003606 0.5569159464452078 37.920000000001544 0.5241570882717582 0.4318251023307419 -69.54664932108531 
0.24328816254077734 0.5604627042177227 37.935000000001544 0.5197779358560985 0.4298588973706567 -69.28106453243092 
0.23852045788681253 0.5679997738135849 37.94500000000154 0.5181572669212107 0.4298588973706567 -69.06504599582502 
0.22989294682187558 0.5422998973591265 37.97500000000154 0.5105834418685683 0.43045532116912133 -67.96123748424631 
0.2174561053501157 0.5238995476225796 37.990000000001544 0.5066985577147514 0.43045532116912133 -67.44413976245161 
0.21362272281038525 0.524010199326937 38.020000000001545 0.5017486940585963 0.4350909208862904 -66.0737357773355 
0.2084668894647435 0.5150144027687499 38.045000000001544 0.49571249597450145 0.442668306424526 -64.16143523046023 
0.2033442881564467 0.5071437817428807 38.07000000000154 0.4904218302164003 0.442668306424526 -63.476649772919764 
0.2033442881564467 0.5071437817428807 38.07000000000154 0.4904218302164003 0.442668306424526 -63.476649772919764 
0.1974344771520481 0.5129570810613227 38.10000000000154 0.4838643764823299 0.39423936736360665 -70.32120311718482 
0.18553248146082674 0.5024422938848094 38.115000000001544 0.4795050807985321 0.39423936736360665 -69.68765592477355 
0.1753751422853493 0.5144475612105186 38.12500000000154 0.4770422965517788 0.40156304643854834 -68.06530253233318 
0.1724951542580882 0.5099090535706117 38.15500000000154 0.46907765536345514 0.40853566949252756 -65.78659324803395 
0.16424542791428717 0.5090746652755802 38.18000000000154 0.46351065745855674 0.40853566949252756 -65.00584016249539 
0.161215374624706 0.5109077451792764 38.19500000000154 0.4599927791707226 0.4172180048876529 -63.16996041451435 
0.1527303292364759 0.5137348609902324 38.20500000000154 0.45712452565880957 0.4172180048876529 -62.77606844705132 
0.15000599548293292 0.5073818890947029 38.22000000000154 0.45349256307618385 0.4172180048876529 -62.277297720725834 
0.14243011509504358 0.5110584696641676 38.255000000001544 0.4460072225452341 0.42817928232993696 -59.6813823993074 
0.1420934497088086 0.47868190167553415 38.26500000000154 0.4435103570752134 0.42817928232993696 -59.347270359449524 
0.1336233922074308 0.5022295243832865 38.295000000001544 0.43450561914934527 0.5594336956732029 -44.50096292826629 
0.1281228462265285 0.49768104567269567 38.32000000000154 0.42943420842007496 0.5594336956732029 -43.9815619103943 
0.11632555987370348 0.5063499906556295 38.33500000000154 0.42679501204050796 0.5687935346509531 -42.99196706263983 
0.11023674217076639 0.49321912088032277 38.36000000000154 0.42112860217843084 0.5687935346509531 -42.42117757522493 
0.10363938459184777 0.4783203079236046 38.37500000000154 0.4164786620784773 0.5719785061771766 -41.719171851118986 
0.0962408460677999 0.47754667283938584 38.40000000000154 0.4104266329956712 0.5719785061771766 -41.11293277012141 
0.0839223506623879 0.4558179689598245 38.41500000000154 0.40813971517023184 0.5658501373346491 -41.32663683899736 
0.08040707151124524 0.4449940792599826 38.43000000000154 0.40551934477773743 0.5658501373346491 -41.061308345912316 
0.07562602164571074 0.4258905847863639 38.44500000000154 0.4031331852386486 0.5527048413425343 -41.79053333373191 
0.06823790119366525 0.39673802834204636 38.47500000000154 0.398626231520534 0.42766701453137923 -53.405102318583445 
0.05664546244963712 0.3873655953221668 38.48500000000154 0.3951149026346765 0.42766701453137923 -52.934679492398324 
0.05077951635507952 0.3715799042050067 38.51500000000154 0.3907518082033685 0.4174454107762983 -53.63199323601141 
0.03357068717356888 0.3564500715396502 38.52500000000154 0.3880053169547989 0.4174454107762983 -53.25502812165066 
0.026662926009382134 0.3522133669165785 38.55500000000154 0.3870271914755079 0.4174454107762983 -53.12077712654842 
0.014313171946897248 0.3340322106549941 38.56500000000154 0.3853206030384186 0.41425728593675465 -53.29355707918127 
0.0059011879839584 0.3342981812323732 38.59500000000154 0.3783932714077564 0.41870777728121605 -51.77916108601823 
-0.004134015931293523 0.33508699280365734 38.60500000000154 0.3776323399421283 0.4284500878040667 -50.50002299504294 
-0.00440329293129774 0.3345588954539561 38.62500000000154 0.3748227458663108 0.4284500878040667 -50.12430155800377 
-0.010640678498747733 0.3458286827623651 38.65500000000154 0.3744981045244358 0.4284500878040667 -50.08088791596152 
-0.02202890127455237 0.33740056020385845 38.66500000000154 0.3894171230906506 0.4591497954347192 -48.59407070430246 
-0.023022863059235482 0.32025847314644385 38.69500000000154 0.3878695198451717 0.4591497954347192 -48.40095043024738 
-0.03917339295734301 0.33404880077606797 38.70500000000154 0.40244169364343757 0.4591497954347192 -50.21936364805412 
-0.0391314475439363 0.33601676322136664 38.73500000000154 0.4012415631106024 0.467452395425988 -49.18029805049852 
-0.04351865868207384 0.32719546734659055 38.75000000000154 0.40698538048966254 0.47276216580740466 -49.324049833300755 
-0.046657271300435274 0.321520994802848 38.77500000000154 0.4067213448633085 0.47276216580740466 -49.29205038807159 
-0.044923341325746324 0.31504083249875053 38.78500000000154 0.4090997094889106 0.47276216580740466 -49.58029311358132 
-0.04997830654967453 0.3098577860710405 38.80000000000154 0.40677000543560254 0.4755644692043016 -49.00745546228198 
-0.05684065807147508 0.31313192233443116 38.83500000000154 0.41304489367851094 0.4769948906435298 -49.614219400296435 
-0.06150614701530674 0.3048650014851137 38.84500000000154 0.4158462274884057 0.4769948906435298 -49.95071064467378 
-0.06432043744381753 0.305802507902844 38.87500000000154 0.4121910871133704 0.4769948906435298 -49.51166167135071 
-0.069656668530736 0.29188397177232767 38.90000000000154 0.40921945442559615 0.43023590753151475 -54.49695672255189 
-0.07623811042083306 0.2788128731290929 38.91500000000154 0.4122977396804206 0.4322204875494836 -54.65479093877306 
-0.0814661036482464 0.2781542925999653 38.92500000000154 0.4144349374381896 0.4322204875494836 -54.938100997024215 
-0.08664907212022911 0.2814578766771046 38.94000000000154 0.4164238460274321 0.4351431099195213 -54.83099311945952 
-0.08516924914996245 0.2757793869052448 38.95500000000154 0.41425929739517814 0.4351431099195213 -54.545984582378686 
-0.09066153384671914 0.27386835774885104 39.00000000000154 0.4083491145160702 0.4395180398168857 -53.232583671475254 
-0.09066153384671914 0.27386835774885104 39.00000000000154 0.4083491145160702 0.4395180398168857 -53.232583671475254 
-0.0973892459877875 0.2701401430549828 39.035000000001546 0.4057019607126917 0.4450616935963873 -52.22873687731875 
-0.10862918571356116 0.2701842340430052 39.045000000001544 0.4142148316673298 0.4450616935963873 -53.32465590215981 
-0.11233780819395103 0.25737753065758523 39.075000000001545 0.4078125328697016 0.4600144727392571 -50.793917040993215 
-0.11906686853635338 0.23183062875651758 39.08500000000154 0.40804567130268077 0.4600144727392571 -50.8229549279372 
-0.12266994387214472 0.23851536828370815 39.115000000001544 0.4021224283889411 0.4600144727392571 -50.08520244383129 
-0.12617787185221985 0.2585749450365308 39.12500000000154 0.4090251519740535 0.46490164439421444 -50.409404237207305 
-0.13239289546591929 0.250120638449555 39.15500000000154 0.40523590291252043 0.46871342676478267 -49.53625310954105 
-0.13825544293201433 0.23615320327414183 39.18000000000154 0.3997951515210039 0.46871342676478267 -48.87117275486568 
-0.14542171751115576 0.22985497690176657 39.19500000000154 0.3995840906742381 0.47141635962220574 -48.56531066201084 
-0.1485174491011106 0.21176529224409837 39.20500000000154 0.39581138133635446 0.47141635962220574 -48.106776888249655 
-0.1513837458295985 0.20559978927849398 39.22500000000154 0.3894134789002004 0.47141635962220574 -47.32917806324946 
-0.15683047568486158 0.19981308802178735 39.255000000001544 0.3824015782934418 0.47343308035215237 -46.27897251932306 
-0.1631209927553512 0.18737387856567 39.28000000000154 0.3743107765902246 0.4348022834602403 -49.32455173466276 
-0.17094170469197192 0.19017294594117257 39.295000000001544 0.3715155690257398 0.4348022834602403 -48.95621513110703 
-0.17378658504018382 0.19516734056818458 39.30500000000154 0.37363511440203934 0.4370213314550932 -48.98551533364755 
-0.17778644004650293 0.17471102086711005 39.34500000000154 0.3580698300438142 0.4370213314550932 -46.94482524266755 
-0.17778644004650293 0.17471102086711005 39.34500000000154 0.3580698300438142 0.4407859031757235 -46.54388873298061 
-0.18782821289516272 0.14944063594943202 39.37500000000154 0.343130332694244 0.4407859031757235 -44.601970581764206 
-0.19231295644372834 0.14331282113666222 39.40000000000154 0.3352328892936811 0.4466853810958164 -42.999906698052854 
-0.19231295644372834 0.14331282113666222 39.40000000000154 0.3352328892936811 0.4466853810958164 -42.999906698052854 
-0.2019092739100562 0.12331049373705022 39.43000000000154 0.3189024115372254 0.4466853810958164 -40.90521658175269 
-0.20898107991675374 0.11525384326233679 39.47000000000154 0.30404910974218324 0.4539336907062283 -38.37725885874212 
-0.20898107991675374 0.11525384326233679 39.47000000000154 0.30404910974218324 0.4539336907062283 -38.37725885874212 
-0.21684808129370847 0.10416436760387068 39.50000000000154 0.2887547692653986 0.4611111227558776 -35.87948495864027 
-0.22468412981158872 0.09069157095173301 39.51500000000154 0.274349216004659 0.4611111227558776 -34.08950991215181 
-0.23770060979291574 0.09206519293487923 39.52500000000154 0.2683408666242853 0.3874702133402824 -39.67995112685499 
-0.23762441794505781 0.08112819020678615 39.54000000000154 0.2595135559368038 0.39349988168612876 -37.78662249629645 
-0.23908018864276484 0.062449749754113895 39.56500000000154 0.24150948438183487 0.39349988168612876 -35.165129168951395 
-0.24494678829307018 0.054448931609280535 39.59500000000154 0.22722721473673982 0.39349988168612876 -33.0855509768937 
-0.25002437101834935 0.05383259537029166 39.61000000000154 0.21556830023773002 0.4021052886523052 -30.716218236837918 
-0.25863736299225004 0.055511959214651664 39.645000000001545 0.20880823984595454 0.41468188854080923 -28.850623095277168 
-0.2696777955148402 0.0277507980254776 39.660000000001546 0.18904291924147368 0.41468188854080923 -26.119687689960397 
-0.27503753301974604 0.015064359435751568 39.685000000001544 0.17141641000566327 0.5340729548424094 -18.389691414924098 
-0.27503753301974604 0.015064359435751568 39.685000000001544 0.1580256932066664 0.5340729548424094 -16.95312446226153 
-0.28174280209567426 0.00859745707863337 39.715000000001545 0.1397135860459436 0.5340729548424094 -14.98858676233194 
-0.2860665469135922 0.011016583210039342 39.72500000000154 0.13237726720504417 0.5475077466191022 -13.853061917681314 
-0.2895583300819077 0.005742056517948177 39.76500000000154 0.12017385667194705 0.5475077466191022 -12.575995203046514 
-0.2895583300819077 0.005742056517948177 39.76500000000154 0.09002147514398921 0.5549069729378499 -9.294982479649091 
-0.28992884052948475 -0.04159624463653028 39.80500000000154 0.056288081958496876 0.5549069729378499 -5.811910266749441 
-0.2823016254491043 -0.08278808077944079 39.82000000000154 0.021271599600947988 0.5530532411246252 -2.203717092676521 
-0.2820627739915294 -0.11412664896693178 39.83500000000154 -0.013315198446896659 0.5530532411246252 1.3794416480318827 
-0.28188314672931597 -0.12323620405604373 39.855000000001546 -0.03768128212403482 0.5443432142749102 3.9662080388469736 
-0.2788842449570239 -0.150475586212395 39.880000000001544 -0.06585854972646328 0.5443432142749102 6.932054713321209 
-0.2755101798573749 -0.19339814485962042 39.895000000001545 -0.11149774965049693 0.38856870643557756 16.44072302883422 
-0.28391986520395346 -0.2513667701415531 39.90500000000154 -0.17508190869180223 0.38856870643557756 25.81642389361653 
-0.27508345768339965 -0.25614131686331293 39.935000000001544 -0.19657937007343335 0.38186203324406903 29.4953864589862 
-0.26907615503219073 -0.25811084285636676 39.94500000000154 -0.2247157389532712 0.38186203324406903 33.71705566747638 
-0.267040086585951 -0.2840265573186531 39.97500000000154 -0.24901729487639235 0.3817393235266385 37.37534789545033 
-0.26952287399233216 -0.3089423722176373 40.00000000000154 -0.27824457011288684 0.3817393235266385 41.762109789005954 
-0.27445302227139035 -0.3162874847066231 40.01500000000154 -0.3046792493614771 0.3897584275751515 44.78885858153938 
-0.27445302227139035 -0.3162874847066231 40.01500000000154 -0.3046792493614771 0.3897584275751515 44.78885858153938 
-0.2757374696812699 -0.3349141478536103 40.050000000001546 -0.3258800357776817 0.40005194685875695 46.672815428706414 
-0.2784305776800732 -0.3673307241933922 40.075000000001545 -0.3595773864935793 0.43079218358906857 47.82414221813956 
-0.28125211908816944 -0.41378385366474135 40.08500000000154 -0.4169910001289754 0.43079218358906857 55.46020868642269 
-0.28335319049226115 -0.4104163698750734 40.115000000001544 -0.4338179331965605 0.4448172929050096 55.87898007948889 
-0.28488716847890727 -0.4247923817231565 40.12500000000154 -0.4665413724333471 0.4448172929050096 60.0940027176062 
-0.28093983248322035 -0.4337437284353067 40.16500000000154 -0.4738144720508423 0.4554874127968529 59.601141015153296 
-0.28093983248322035 -0.4337437284353067 40.16500000000154 -0.4738144720508423 0.4554874127968529 59.601141015153296 
-0.2844191937227842 -0.4587819398901413 40.19500000000154 -0.4988457540445361 0.4554874127968529 62.74982695849047 
-0.27612336452655933 -0.4743310572841261 40.20500000000154 -0.5233731241860002 0.4554874127968529 65.83512581017983 
-0.2807190583249886 -0.49612489361122025 40.22500000000154 -0.5458771475387274 0.4640054601048705 67.4053634617584 
-0.2760467471633353 -0.49573702847864737 40.255000000001544 -0.5455103044295502 0.4717519300896243 66.25396979037681 
-0.27607464361892 -0.48383541012066067 40.26500000000154 -0.5467731754657927 0.4717519300896243 66.40734951355519 
-0.2721052150266393 -0.4824990030501336 40.295000000001544 -0.5376481153444769 0.4459169693890139 69.08229555517863 
-0.26485680029340936 -0.4825778206854437 40.32000000000154 -0.520379669608552 0.4524646830364113 65.89588078542445 
-0.26473410928795715 -0.527239147287859 40.33500000000154 -0.534007813931562 0.4524646830364113 67.62161802322079 
-0.25985845702347693 -0.5054731711312066 40.36000000000154 -0.5207739036281374 0.4524646830364113 65.94580279328402 
-0.2536071621261542 -0.4917971715519421 40.38500000000154 -0.4970678828774444 0.45755135086108806 62.244143235033604 
-0.25396747857584895 -0.49164328271906216 40.41000000000154 -0.48657787129546043 0.4620533881684397 60.336876957444844 
-0.24718907113253447 -0.5545614777836338 40.42500000000154 -0.5024308502420356 0.4620533881684397 62.30268612497201 
-0.23966674500369967 -0.5128172652691267 40.44000000000154 -0.47863806431823464 0.4620533881684397 59.35232096977677 
-0.24477699623288485 -0.46682322794891074 40.45500000000154 -0.45075532026110116 0.4665935113742442 55.350914263602135 
-0.2408328040711528 -0.41785498598432524 40.47000000000154 -0.40676007661485725 0.4665935113742442 49.94847784275424 
-0.2359268056197592 -0.4733423157413182 40.48500000000154 -0.4021001268500236 0.3728592094662148 61.78911402822394 
-0.23379809190134182 -0.43731191949262327 40.51500000000154 -0.3748865089978114 0.37826156636390706 56.784555112066165 
-0.23269472759279297 -0.420217072852682 40.52500000000154 -0.3459726004789295 0.37826156636390706 52.404927164971184 
-0.22866459614781862 -0.3937763024227904 40.55500000000154 -0.3137122866179459 0.37826156636390706 47.51841477681195 
-0.22672640687203058 -0.31916238361258203 40.56500000000154 -0.2526088353532065 0.38488452577083626 37.60457790415674 
-0.22570269508918375 -0.35702766111122575 40.59500000000154 -0.24494319432057665 0.395258641464988 35.50639956410665 
-0.2410779473579184 -0.27305348029409265 40.60500000000154 -0.20764717725662055 0.395258641464988 30.100055094337808 
-0.2358004297421999 -0.29286123957908694 40.63500000000154 -0.19104539277180346 0.395258641464988 27.693498770002392 
-0.2296533045168001 -0.24585937572083758 40.66500000000154 -0.14871727491065878 0.409621135031732 20.80183726947456 
-0.23071144821063977 -0.1816504398337891 40.68000000000154 -0.09123929693734695 0.42543687713798534 12.287666916460935 
-0.2264015611426196 -0.16932851783998734 40.69500000000154 -0.05492746464993989 0.42543687713798534 7.397365092013054 
-0.23239221865887913 -0.19467710069978764 40.70500000000154 -0.04232099360864941 0.42543687713798534 5.699586587058563 
-0.2313238697379725 -0.15705938237255432 40.73500000000154 -0.018048497979859912 0.40247549194883414 2.5693558526734552 
-0.2300156657398783 -0.05677744371103223 40.74500000000154 0.05103953071777223 0.40247549194883414 -7.265907507303417 
-0.23107234282032527 -0.07458294414794013 40.77500000000154 0.06748468972956793 0.41316236263328454 -9.358519199596138 
-0.22266448600344727 -0.03564378786429208 40.78500000000154 0.10982941076295413 0.41316236263328454 -15.23072349334809 
-0.22139537953187866 0.01922306643197979 40.81500000000154 0.14869805240514478 0.4219699073069209 -20.190470166473407 
-0.22139537953187866 0.01922306643197979 40.81500000000154 0.14869805240514478 0.4219699073069209 -20.190470166473407 
-0.21889659886815657 0.07716796934774514 40.85000000000154 0.19843026015676568 0.4317274103996441 -26.334247399629515 
-0.22560831552519564 0.19667039908735826 40.87500000000154 0.29566548199717724 0.4866367499546788 -34.81114870119686 
-0.20713176840918912 0.40033951354995784 40.88500000000154 0.29566548199717724 0.4866367499546788 -34.81114870119686 
-0.2139872455936687 0.357473452915652 40.91500000000154 0.37396053354056336 0.4866367499546788 -44.02947430158165 
-0.20883493038071577 0.3148456760502702 40.92500000000154 0.4677744101224104 0.498807575010167 -53.73113963573927 
-0.20611563896100618 0.38436005480978186 40.95500000000154 0.5166325115013979 0.5086227857915734 -58.19806602294866 
-0.20944186776155507 0.4272066681295726 40.98000000000154 0.5618192438051922 0.5086227857915734 -63.288300128299596 
-0.20237529140231214 0.5179219018662644 40.99500000000154 0.6265562401448217 0.5141615139231536 -69.82052762752878 
-0.1968560862954982 0.5079812605959204 41.00500000000154 0.6547712127172034 0.5141615139231536 -72.96467358886275 
-0.18888039140917165 0.5581280990997608 41.04000000000154 0.6736872700472479 0.5141615139231536 -75.07259147203797 
-0.18146240897755955 0.6288957347334463 41.06500000000154 0.7 0.5153595100855491 -77.82343174864454 
-0.18146240897755955 0.6288957347334463 41.06500000000154 0.7 0.4240486630567615 -94.58123360192991 
-0.17198480856767126 0.6566951483476567 41.10500000000154 0.7 0.4240486630567615 -94.58123360192991 
-0.16665258949735862 0.7278593766048936 41.12000000000154 0.7 0.4240486630567615 -94.58123360192991 
-0.16127854341903522 0.7584753684168463 41.13500000000154 0.7 0.42100567894705787 -95.26485666289824 
-0.1561110702790848 0.7700030247979289 41.16000000000154 0.7 0.42100567894705787 -95.26485666289824 
-0.14781120545619408 0.7643297619777069 41.17500000000154 0.7 0.41898756368030954 -95.72371386602677 
-0.14147837652110332 0.8800103641571253 41.18500000000154 0.7 0.41898756368030954 -95.72371386602677 
-0.14301203432440046 0.8777533038358291 41.21500000000154 0.7 0.41898756368030954 -95.72371386602677 
-0.14297605162045451 0.909967955857713 41.23000000000154 0.7 0.42661547160456664 -94.01216863586507 
-0.1496258855715173 0.829311670498265 41.24500000000154 0.7 0.42661547160456664 -94.01216863586507 
-0.15270583698354057 0.8732006882478123 41.27500000000154 0.7 0.461001371540234 -86.9998402068903 
-0.1564502279643181 0.8207103590251681 41.28500000000154 0.7 0.461001371540234 -86.9998402068903 
-0.16130205267335862 0.8698317322435734 41.31500000000154 0.7 0.46897601243691556 -85.52046287133425 
-0.16314670764615904 0.9057127054703007 41.32500000000154 0.7 0.46897601243691556 -85.52046287133425 
-0.16878661452607588 0.8717551890822689 41.35500000000154 0.7 0.47544071318140446 -84.35761714806021 
-0.17737585192555683 0.697682340210101 41.36500000000154 0.7 0.47544071318140446 -84.35761714806021 
-0.1798750948728793 0.7408187922289314 41.39500000000154 0.7 0.47969063542038703 -83.61023271594404 
-0.18991630402350143 0.7628658948065503 41.405000000001536 0.7 0.47969063542038703 -83.61023271594404 
-0.19340376215994062 0.704624413298112 41.44000000000154 0.7 0.47969063542038703 -83.61023271594404 
-0.20366181137922396 0.5744190487889875 41.45000000000154 0.7 0.48232243249804657 -83.15401266210039 
-0.202851318057332 0.49178356746226426 41.46500000000154 0.6810150913684961 0.3881814595239634 -100.51817149634427 
-0.21262742201654564 0.476688716004386 41.49500000000154 0.6560776870442628 0.3881814595239634 -96.83739802111945 
-0.2212294846964467 0.07017689681968897 41.50500000000154 0.45830113028123404 0.3881814595239634 -67.64547833735215 
-0.22696755263791335 0.0694099739501572 41.53500000000154 0.3775183889472874 0.3915565520170844 -55.24159987575451 
-0.22419979715244598 -0.39777390244812294 41.54500000000154 0.06083061063356693 0.3915565520170844 -8.90123594293715 
-0.24137166214236253 -0.6375930662512228 41.57500000000154 -0.17994931967731487 0.3975569794101307 25.9342360409781 
-0.25108550902774296 -0.9165255490938506 41.585000000001536 -0.5438366531111348 0.4086195620963149 76.25563692529155 
-0.26111500949772054 -1.3493637888235042 41.61500000000154 -0.7 0.4086195620963149 98.15253448317306 
-0.2711558310735175 -2.890465879267364 41.63500000000154 -0.7 0.42503088743858264 94.36266126647827 
-0.2686945987504585 -4.392909756055512 41.64500000000154 -0.7 0.42503088743858264 94.36266126647827 
-0.25684125050052 -7.845862060140434 41.67500000000154 -0.7 0.42503088743858264 94.36266126647827 
-0.2340041829421019 -16.020088862324872 41.68500000000154 -0.7 0.4632052311226857 86.58590828507886 
-0.12944954649911333 -25.19675668039899 41.71500000000154 -0.7 0.4632052311226857 86.58590828507886 
0.04454120718486529 -26.3019446178329 41.725000000001536 -0.7 0.4814439109976536 83.3057491080266 
0.15814510980049798 -18.85700808163741 41.75500000000154 -0.7 0.4814439109976536 83.3057491080266 
0.26255592620114054 -10.358636801526416 41.765000000001535 -0.7 0.4967371163265673 80.74098822281333 
0.30106292971751375 -6.511060851553288 41.805000000001534 -0.7 0.5082147448204976 78.91751679366074 
0.30106292971751375 -6.511060851553288 41.805000000001534 -0.7 0.5082147448204976 78.91751679366074 
0.33983615108373305 -3.256055338899655 41.82500000000154 -0.7 0.5082147448204976 78.91751679366074 
0.35224629652378414 -1.7770800809158664 41.85500000000154 -0.7 0.5160730395112247 77.71583204025383 
0.3692989599416983 -0.5230035372153559 41.86500000000154 -0.7 0.38047206953254914 105.41390254594363 
0.3690532180766022 -0.3444074031569958 41.89500000000154 -0.7 0.38047206953254914 105.41390254594363 
0.3727967365683168 -0.12066092763696612 41.92000000000154 -0.7 0.38047206953254914 105.41390254594363 
0.3766367976571321 0.06745412942700468 41.93500000000154 -0.7 0.3833470415557227 104.62333424145581 
0.38150252426510217 0.03020469718596009 41.95000000000154 -0.7 0.3845239289877894 104.30312039288256 
0.379045187467579 0.11686115986709447 41.975000000001536 -0.7 0.3845239289877894 104.30312039288256 
0.37908902616299367 0.15630355856014821 41.985000000001534 -0.7 0.3845239289877894 104.30312039288256 
0.37000581994652376 -0.005496781687640423 42.000000000001535 -0.7 0.38785034981912264 103.40855868213575 
0.36615650651762605 -0.018441429324497424 42.04500000000154 -0.6968609944412314 0.39587443870344086 100.85822671335066 
