-0.42863683946282355 0.020145883165484886 20.80000000000045 -0.26113165561799967 0.43553594767100495 34.35248420751908 
-0.42863683946282355 0.020145883165484886 20.80000000000045 -0.26113165561799967 0.43553594767100495 34.35248420751908 
-0.5253259246802231 0.020169796394592047 20.82500000000045 -0.25444013860052866 0.43553594767100495 33.47219938673394 
-0.586118084555789 0.016629663253373825 20.84000000000045 -0.2416849026823941 0.43553594767100495 31.794218065764234 
-0.6211267108712892 0.013599532009004229 20.86000000000045 -0.23511650401532405 0.5064873594960521 26.597274584211508 
-0.6309082984872927 0.014035806149902581 20.87500000000045 -0.22664913619991817 0.5064873594960521 25.639413681443116 
-0.6398540317201139 0.016577463766019464 20.900000000000453 -0.22150585555391522 0.5064873594960521 25.057586182015495 
-0.646429803057453 0.010146269251229925 20.910000000000455 -0.21960538370715466 0.44672383085377854 28.16608556728074 
-0.6506887342572046 0.010091083680188283 20.940000000000456 -0.2204152108818332 0.44672383085377854 28.26995215338922 
-0.6463064956877316 0.007881318068335154 20.965000000000458 -0.22230111422281668 0.4629825364619355 27.51057463928817 
-0.6572472195476015 0.009178006171417499 20.98000000000046 -0.21916269997514515 0.4629825364619355 27.12218441591289 
-0.6539908863676646 0.014412684164126282 20.99000000000046 -0.21278520670383255 0.4766837051343161 25.576066804115232 
-0.6596416171976595 0.011661226115825898 21.02000000000046 -0.2136524417719347 0.4766837051343161 25.68030554505141 
-0.6376655458395851 0.012988236289453722 21.030000000000463 -0.21104435529768026 0.4896899559121655 24.693075082768082 
-0.6432144036185025 0.012269517259039596 21.065000000000463 -0.2047901686952948 0.4896899559121655 23.961309008586593 
-0.6488589781414259 0.011965122220360058 21.080000000000464 -0.20192249139221122 0.5016379399327858 23.063061273018068 
-0.6545919900323983 0.0156746208825453 21.095000000000464 -0.19483059299632988 0.5016379399327858 22.253043101597374 
-0.6536329019214755 0.01386131717494106 21.120000000000466 -0.18986760566740765 0.4981001693283094 21.8402103449724 
-0.654140758912658 0.018448971972057818 21.130000000000468 -0.18286174803786132 0.5031099460867416 20.824884259290176 
-0.653438676830601 0.019965795357907056 21.16000000000047 -0.17214001504421672 0.5031099460867416 19.603858806742103 
-0.6475455190396295 0.02412907853805847 21.17000000000047 -0.160643193351441 0.5031099460867416 18.294563759140463 
-0.648860823989686 0.02377161979905359 21.195000000000473 -0.15319412768677526 0.5051516597181426 17.375726267113393 
-0.6555710822239639 0.02976396816575085 21.210000000000473 -0.13906819935571518 0.5051516597181426 15.77352213791066 
-0.6416554035379683 0.027015399496943385 21.225000000000474 -0.13466282156487988 0.5058358570720592 15.253191771835525 
-0.6421390034359785 0.03365447146280305 21.260000000000474 -0.11919824913298221 0.5066491758156889 13.479853371267087 
-0.6416776902721145 0.03883848503997958 21.285000000000476 -0.10217414432551158 0.5066491758156889 11.554636866402426 
-0.640453256452181 0.039555071141794115 21.300000000000477 -0.0907986699950544 0.5066491758156889 10.268210873415702 
-0.6402030494148757 0.04786870158209471 21.31000000000048 -0.07380693466459576 0.4250792410529807 9.948323622211609 
-0.6365140416891962 0.04761447696118451 21.34000000000048 -0.06607191397744577 0.4250792410529807 8.905732036882139 
-0.637085460778434 0.05124664607488632 21.35000000000048 -0.053185935099034576 0.4250792410529807 7.168850690244787 
-0.6394809723842501 0.05915638755850945 21.375000000000483 -0.03875555584032417 0.4267839295634409 5.202936728675685 
-0.6390773429959689 0.05801544229586665 21.405000000000484 -0.02695879696227388 0.430559478932984 3.587484104440809 
-0.6334877541400654 0.06630790480137366 21.415000000000486 -0.007287867348602428 0.430559478932984 0.9698173217807844 
-0.6399273727548235 0.06932783510194766 21.430000000000486 0.006243317644228974 0.43780373904476044 -0.8170687439864635 
-0.6517172690940425 0.07358083870662435 21.445000000000487 0.022034122796998817 0.43780373904476044 -2.88362599254081 
-0.6503821414625203 0.07256992140898312 21.480000000000487 0.03166167257834232 0.4483322877483827 -4.04628500029474 
-0.6513841544963381 0.07351087731775811 21.50500000000049 0.03830816580394497 0.4483322877483827 -4.895690721889903 
-0.6552427318304823 0.08588761768564451 21.52000000000049 0.06231720933862081 0.4416723288186176 -8.084076934786925 
-0.6542264147054548 0.08356733019282096 21.545000000000492 0.06877149668938906 0.4524950074106898 -8.707977870623507 
-0.6523303474748294 0.08717934091754913 21.560000000000493 0.07795248279350409 0.4524950074106898 -9.870491814245021 
-0.6539953273611003 0.08540552249391448 21.570000000000494 0.08495382313601099 0.46163376761046365 -10.544062979598957 
-0.6588484426812352 0.08986068501735311 21.600000000000495 0.0926807498713294 0.46163376761046365 -11.503092239594775 
-0.6649674941709594 0.09802791876343549 21.625000000000497 0.11222610343778286 0.46163376761046365 -13.928968219693617 
-0.6658088632448036 0.09499633034508537 21.640000000000498 0.1185945614918178 0.47008743435038025 -14.454689383637595 
-0.6572300931290789 0.09900864393302557 21.6550000000005 0.12800334744576705 0.47904381456888034 -15.309771985657473 
-0.6557434196069464 0.10039741558650138 21.6700000000005 0.12950747382873548 0.47904381456888034 -15.489672218115183 
-0.6598505589195505 0.10935707213706201 21.6850000000005 0.14794181157583788 0.47904381456888034 -17.69450133584049 
-0.662515178141691 0.10844860861215502 21.710000000000502 0.15035787436370032 0.4379598839694436 -19.670458260965667 
-0.6629709588456972 0.11166910688631024 21.740000000000503 0.16079577641685425 0.4379598839694436 -21.035989115518507 
-0.6556676981116952 0.1023801655291775 21.755000000000503 0.150085180250598 0.44780518316653656 -19.203099292000516 
-0.6636774573350066 0.11751490461601026 21.765000000000505 0.17101870063158298 0.44780518316653656 -21.88150144826917 
-0.6613991862063222 0.11519654847584446 21.795000000000506 0.17093144696654286 0.45734283731095826 -21.41424266056282 
-0.6641345779320723 0.11606833295370046 21.805000000000508 0.18040602444303935 0.45734283731095826 -22.60121500993813 
-0.6598873575172657 0.11689433541636678 21.84500000000051 0.17982539241062953 0.45734283731095826 -22.528473595416827 
-0.6632139087026202 0.1229996053870158 21.86500000000051 0.1893156681503414 0.46691346409209683 -23.23126149682909 
-0.658493161121346 0.12170308713709911 21.87500000000051 0.19505403180374087 0.4766858620490436 -23.444733081290902 
-0.6538593858163464 0.1193984328913046 21.890000000000512 0.19315650286346342 0.4766858620490436 -23.216657511114573 
-0.6523796709044164 0.11857147788457355 21.920000000000513 0.19000570787928867 0.3929469852607529 -27.704819105953288 
-0.655095190066692 0.12682427984068728 21.945000000000515 0.19809974458796614 0.3929469852607529 -28.88501429773836 
-0.6593948256457712 0.13488850713706768 21.960000000000516 0.21152219240767386 0.40120517235498976 -30.207309709333888 
-0.6517580372869616 0.12185718515787167 21.975000000000517 0.19962186772234825 0.40120517235498976 -28.507834163437355 
-0.6487680692873864 0.12173047566214823 21.985000000000518 0.1927967703523425 0.4098100230119092 -26.955029464033313 
-0.6475380056007629 0.1259995334971062 22.01500000000052 0.1912192466097836 0.4098100230119092 -26.734474944975876 
-0.6475832444417989 0.125897240508945 22.055000000000522 0.1879407088053084 0.42185882458999857 -25.52562323120039 
-0.6578099645351159 0.13294962093352625 22.07500000000052 0.1975250811677179 0.42185882458999857 -26.827348011241686 
-0.6481828248439456 0.1180159162653036 22.090000000000522 0.1830765382804363 0.4555556665559559 -23.02575457053573 
-0.6543240756733815 0.11508333085196704 22.105000000000523 0.1830765382804363 0.4555556665559559 -23.02575457053573 
-0.656670054685376 0.12447568170695932 22.135000000000524 0.18378024945030394 0.4555556665559559 -23.114261163669454 
-0.6523251194129627 0.1210106544807484 22.160000000000526 0.17479536516136981 0.41252298410186233 -24.277524133592493 
-0.6515221934413703 0.12345628577162034 22.170000000000528 0.16931602600599588 0.41252298410186233 -23.516492578448446 
-0.6515221934413703 0.12345628577162034 22.170000000000528 0.16931602600599588 0.41252298410186233 -23.516492578448446 
-0.652612483378698 0.1207440571443543 22.205000000000528 0.16120419370461744 0.42675729779373633 -21.64302751665689 
-0.653705366656307 0.12299973288393555 22.220000000000528 0.16254366757755356 0.42675729779373633 -21.822863222066143 
-0.6560192299124321 0.11819585166863858 22.23000000000053 0.1552508779625674 0.42675729779373633 -20.843744486485665 
-0.6542157558981505 0.11345838889005298 22.26500000000053 0.14567081083709432 0.45244135751596076 -18.447302662687388 
-0.6571753835419444 0.12289593902709096 22.28000000000053 0.1467456080436454 0.45244135751596076 -18.58341166940138 
-0.6570732619925899 0.12035278150536582 22.290000000000532 0.1449717943174245 0.45244135751596076 -18.358781364354062 
-0.653627046867848 0.11639144364750721 22.320000000000533 0.13699613717505577 0.5566329353163927 -14.101394243343501 
-0.6557969160427072 0.11753552985128582 22.330000000000535 0.13403345268384018 0.5566329353163927 -13.796436870889371 
-0.6503280840773802 0.11278002919781123 22.360000000000536 0.12574807673099078 0.5713121026124702 -12.611030023041812 
-0.6478412165080341 0.11792229817686316 22.375000000000536 0.12378194207977763 0.5713121026124702 -12.413850203195857 
-0.6449561198013679 0.11371732391002545 22.40000000000054 0.11708391502820903 0.5822877263347019 -11.520789253470715 
-0.6393403868873861 0.1354284509368867 22.41000000000054 0.13753559314907135 0.5822877263347019 -13.533187570126806 
-0.6325298362417926 0.11332802223764382 22.44000000000054 0.11724951789086019 0.5855777743134057 -11.47226349730694 
-0.6204402285465294 0.1199344646270882 22.455000000000542 0.10958825649788626 0.5855777743134057 -10.722648394379569 
-0.6203201395660464 0.127889092507225 22.470000000000542 0.1182801204887999 0.5855777743134057 -11.573102671550531 
-0.6040492219457501 0.12276121399237508 22.510000000000545 0.11318145358171566 0.40839146194841397 -15.878930422417286 
-0.5899049832934601 0.11961987130997766 22.525000000000546 0.10435717352052074 0.40839146194841397 -14.64091726137873 
-0.5765097128723519 0.1344810075705658 22.540000000000546 0.11203130055111696 0.40839146194841397 -15.717568296644414 
-0.5729759423384605 0.1447631240345589 22.550000000000548 0.12792154619660961 0.4007447638876461 -18.289358630044134 
-0.5690276822712611 0.1427599845579399 22.58000000000055 0.13091351401139026 0.3988235207792228 -18.807295566280434 
-0.5620609563566742 0.1422213975499243 22.60500000000055 0.13102531339773607 0.3988235207792228 -18.82335688828384 
-0.5571976982920925 0.1426457841234662 22.62000000000055 0.1323493792800864 0.3988235207792228 -19.013574824045794 
-0.5624779047043191 0.14926451946091615 22.645000000000554 0.14231954150102674 0.4059389957979966 -20.087523383202004 
-0.5588265557327236 0.14620368368234493 22.660000000000554 0.14439441706239955 0.4059389957979966 -20.380379240638916 
-0.5598935912548797 0.13657511252704607 22.675000000000555 0.13641129969102223 0.42124454895040486 -18.55404840172779 
-0.5652237195228842 0.13650973808038616 22.705000000000556 0.13117416015549863 0.42124454895040486 -17.841716354098295 
-0.5707870947520483 0.16653833739604273 22.715000000000558 0.1617656415129746 0.4367587673807866 -21.221070350807658 
-0.5741995208496395 0.14299322971066938 22.74500000000056 0.14644370358026274 0.4367587673807866 -19.211076635580383 
-0.5788696017844805 0.15318869157767578 22.76000000000056 0.15585393167373238 0.4367587673807866 -20.445548372105776 
-0.5781268014364126 0.14001723073512468 22.77000000000056 0.1446597374574188 0.45588972227411684 -18.18069593768339 
-0.5754793607042248 0.14489018491675368 22.800000000000562 0.14553008021031008 0.4717238464366912 -17.67614559076603 
-0.5732124108279674 0.14632226495836417 22.825000000000564 0.14682150583208284 0.4717238464366912 -17.833002697400705 
-0.5786040001627387 0.16140420106674183 22.840000000000565 0.1658974705935941 0.48389048483055797 -19.64333913331037 
-0.5842692127153326 0.17223782297353635 22.855000000000565 0.18904154523841982 0.48389048483055797 -22.38374804701032 
-0.5829063885304402 0.17260394236709456 22.885000000000566 0.19630000532936595 0.4938725609560192 -22.773408998459885 
-0.5798096160376699 0.17870893867313867 22.900000000000567 0.21151590451500785 0.4938725609560192 -24.538655488660144 
-0.5704999003684028 0.17404132545008083 22.915000000000568 0.2124250721318799 0.4258286691717605 -28.582058882018416 
-0.5733909549635204 0.17610139576384162 22.94000000000057 0.21526071768095167 0.4258286691717605 -28.963598533805783 
-0.5748384018392868 0.1690337827691165 22.95500000000057 0.2092759170479513 0.43500167780823745 -27.564552994352756 
-0.5801622427403023 0.19331242395347145 22.980000000000572 0.23200355048418936 0.44529043334667745 -29.852032020740385 
-0.5606021672721138 0.1852088353167683 22.990000000000574 0.23613244906271558 0.44529043334667745 -30.383299806596764 
-0.5723195203581136 0.20113706426608324 23.005000000000575 0.25629838680257616 0.44529043334667745 -32.978062765535185 
-0.5736232530444256 0.20203762883405038 23.035000000000576 0.2622216952878791 0.45737612452250914 -32.84866793701992 
-0.5723844057665276 0.194409193497858 23.045000000000577 0.2626787553929828 0.45737612452250914 -32.905924128592204 
-0.5711694565565639 0.19970200154538906 23.080000000000577 0.2628329809555034 0.4705596310171062 -32.0027888772406 
-0.5647214240888125 0.210948060934378 23.10500000000058 0.27023681470886746 0.4395060278686991 -35.229161763630174 
-0.5598131434166851 0.22012395658357817 23.12000000000058 0.2839137067520358 0.4395060278686991 -37.01213660638639 
-0.5488669134188309 0.22934710101391317 23.13000000000058 0.2982594029577627 0.4503360539249183 -37.94722816579257 
-0.5403334323508857 0.22873576257999045 23.160000000000583 0.2928542009364381 0.4503360539249183 -37.25953003339052 
-0.536595681981091 0.25145607010566745 23.170000000000584 0.3169211995421668 0.45940826778157834 -39.525294700666414 
-0.524309826632375 0.25900691203525533 23.200000000000585 0.32615391030062396 0.45940826778157834 -40.67676583652357 
-0.5101600441613182 0.2681453138505684 23.225000000000588 0.3354234532682835 0.4679613628634939 -41.06823713901848 
-0.4931750634418539 0.2780765956707858 23.240000000000588 0.340368282151218 0.4679613628634939 -41.67366709091214 
-0.48556841351216445 0.27521375258866215 23.25500000000059 0.3381451463862083 0.4679613628634939 -41.40147304514687 
-0.47609886049517774 0.2944457017302218 23.28500000000059 0.34608169482969303 0.47720210501561916 -41.55266766861164 
-0.45090353735958183 0.28826950897484727 23.30000000000059 0.3336776261823099 0.47720210501561916 -40.06335994172653 
-0.44809944914041 0.3288016317995899 23.310000000000592 0.36117137176053116 0.46741625063007103 -44.272306011898785 
-0.43635356051964 0.3144684860640193 23.340000000000593 0.3462785828972919 0.47759271136080095 -41.54230343937836 
-0.4247744377526903 0.3216268441293342 23.365000000000595 0.33750600302109535 0.47759271136080095 -40.48987573185469 
-0.4138392361533126 0.3256397270128797 23.380000000000596 0.3323198950936248 0.48611699231755384 -39.16861113272262 
-0.39399808923986995 0.3355107507583533 23.390000000000597 0.32161261837832195 0.48611699231755384 -37.906606768421774 
-0.38059261037948794 0.3435764878944625 23.4200000000006 0.31498535187486093 0.48611699231755384 -37.12548945230728 
-0.371295217156263 0.3577597776994651 23.4300000000006 0.3110654817279117 0.4929685806723301 -36.15390504381802 
-0.3687298315488342 0.37372238143445874 23.4450000000006 0.31781249056543087 0.4929685806723301 -36.9380830743937 
-0.3507580353201954 0.36793182963946636 23.4850000000006 0.301372794449368 0.4929685806723301 -35.02736251154691 
-0.3196708284053638 0.37983640301641525 23.5000000000006 0.27482242128641715 0.4982327048802364 -31.604037031376716 
-0.3055629073150366 0.3827237617413369 23.525000000000603 0.2548802333764465 0.4457872814561248 -32.75903611713327 
-0.2920450692307769 0.3869811877886629 23.540000000000603 0.23213300761931777 0.4457872814561248 -29.835399473087307 
-0.27467999535048143 0.38099550116455816 23.550000000000605 0.2011934439163267 0.44959237205328595 -25.639970601505887 
-0.26299150664628484 0.3886596516800296 23.580000000000606 0.18403806539364453 0.44959237205328595 -23.453699556002988 
-0.25235899692128777 0.40478368025954947 23.595000000000606 0.17113120412416066 0.4541965655019697 -21.58778045463594 
-0.24020506852487827 0.4147107547052499 23.62000000000061 0.15730592314485675 0.4541965655019697 -19.843755266287896 
-0.221400187589145 0.409299433399105 23.63000000000061 0.1239650270858974 0.4607072526566482 -15.416889615454508 
-0.21103368417675045 0.3899340950734095 23.64500000000061 0.1239650270858974 0.4607072526566482 -15.416889615454508 
-0.19967115500258814 0.38663751267144586 23.68000000000061 0.09156996580913762 0.46943961547978225 -11.176245885551587 
-0.18316038733526174 0.37449363931637686 23.690000000000612 0.03300903302553421 0.46943961547978225 -4.028799904835713 
-0.16905354169574593 0.363949732497576 23.720000000000613 0.0008265830912687622 0.4262078456367304 -0.11111884267598184 
-0.15440114233500682 0.35405029081374045 23.745000000000616 -0.03408814146827416 0.4262078456367304 4.582521550393245 
-0.13878594536542785 0.3094474869187632 23.760000000000616 -0.08339068872711003 0.43725222177225936 10.927181788549353 
-0.12514967602845495 0.3167574136274831 23.78500000000062 -0.1093775014216535 0.43725222177225936 14.332389621134906 
-0.11614276491982499 0.2796635933205372 23.80000000000062 -0.14422959851078687 0.4478270368360431 18.45298875637097 
-0.09947837810979576 0.2593344277620285 23.81000000000062 -0.18187474608195692 0.4586848276249213 22.718552528689443 
-0.08595381233410004 0.2625713639126403 23.84000000000062 -0.19665098006125095 0.4586848276249213 24.564298873723654 
-0.0776348245332785 0.25202657251548866 23.86000000000062 -0.21563151793684762 0.4586848276249213 26.935218179668468 
-0.07049806777640763 0.22639460556429142 23.885000000000623 -0.2326070330193265 0.47070498341264216 28.313703374124174 
-0.07049806777640763 0.22639460556429142 23.885000000000623 -0.2326070330193265 0.47070498341264216 28.313703374124174 
-0.05436748723757058 0.1828032980435583 23.915000000000624 -0.25206931427949425 0.4527337203439515 31.900667443104247 
-0.036084817624150535 0.1559666953045488 23.940000000000627 -0.2714798737249201 0.4527337203439515 34.357173517725286 
-0.03316224385153175 0.09293795776015158 23.950000000000628 -0.2942631757394259 0.4662476911459105 36.16111855599357 
-0.02209486254881806 0.09281154296937176 23.98000000000063 -0.29971089246605437 0.4662476911459105 36.83057211543426 
-0.0014680385682717435 0.07251925932938846 24.00500000000063 -0.30332735641992664 0.47894301328684186 36.28694197761194 
-0.0014680385682717435 0.07251925932938846 24.00500000000063 -0.30332735641992664 0.47894301328684186 36.28694197761194 
0.006948919754536905 0.045895076734746125 24.035000000000633 -0.30730584604098 0.49040576719179807 35.903590813521106 
0.02090910542597531 0.006651051032591199 24.060000000000635 -0.3033585614002195 0.49040576719179807 35.442416077042246 
0.03383459423367369 -0.0007718651323921728 24.085000000000637 -0.29967483009897533 0.5003062492595454 34.31918553162807 
0.03686430800124969 -0.02535004720397334 24.115000000000638 -0.29287944924627507 0.5090556548382197 32.964482740616184 
0.03686430800124969 -0.02535004720397334 24.115000000000638 -0.29287944924627507 0.5090556548382197 32.964482740616184 
0.055830190411273045 -0.07082659000975941 24.13000000000064 -0.28859947287056176 0.5090556548382197 32.48275823679547 
0.05963530047681402 -0.06859914419620737 24.16000000000064 -0.2844852502907773 0.4280458239305535 38.079577615570685 
0.06781478826420828 -0.08180734011206922 24.18500000000064 -0.27955821356076266 0.43599208187145394 36.73806573847635 
0.0681126908447091 -0.06542355993932991 24.200000000000642 -0.2750545437359399 0.43599208187145394 36.1462172072481 
0.06861884698416355 -0.10553727674343433 24.210000000000644 -0.27282919512953857 0.43599208187145394 35.85377363225284 
0.07546938780775875 -0.11077572007207052 24.225000000000644 -0.26968159811556386 0.4451340242242456 34.71228111868831 
0.07639432056385742 -0.1235074051194102 24.240000000000645 -0.2658143673444018 0.4451340242242456 34.21450743810557 
0.07941128979947482 -0.13273947270645914 24.275000000000645 -0.25924980554812527 0.4558559629377105 32.58467784817489 
0.08227510756713767 -0.15306473624958475 24.300000000000647 -0.2552293277959964 0.508685299933331 28.747760732594802 
0.08667714931848755 -0.15784653152742323 24.31000000000065 -0.25372107329754384 0.508685299933331 28.5778784552727 
0.078745538091236 -0.14998986793056202 24.32500000000065 -0.24797220822059535 0.508685299933331 27.93035491578282 
0.07930428402268339 -0.16554956630810672 24.35500000000065 -0.2437168579223935 0.5189552576267541 26.90780592338829 
0.08255414332918866 -0.17182220064200068 24.380000000000653 -0.24187886837952766 0.5267359454205491 26.31040928957764 
0.08496582777434335 -0.16179545503169987 24.395000000000653 -0.23912931920285688 0.5267359454205491 26.011326675686295 
0.07738773117212233 -0.16449590646024215 24.420000000000655 -0.23701689609579918 0.5267359454205491 25.78154754321474 
0.08132680173694591 -0.09744157991592112 24.430000000000657 -0.23616574582852404 0.5307290654081432 25.49568392514524 
0.08072895281570801 -0.1278498007352953 24.465000000000657 -0.23274765205501996 0.5313436732551635 25.097613513745614 
0.08096729460511262 -0.11243307602784512 24.480000000000658 -0.22934047947021494 0.5313436732551635 24.7302117378177 
0.0801332147635489 -0.09172939986181772 24.49000000000066 -0.22780940478986347 0.5313436732551635 24.565113098803035 
0.0799195181318353 -0.10477064136240649 24.52000000000066 -0.22581893837484882 0.43203894014588223 29.9474674635459 
0.08466099327639125 -0.10711582298579381 24.53500000000066 -0.22482052617857073 0.43203894014588223 29.81506086833991 
0.08460462656807087 -0.08843661782561955 24.560000000000663 -0.22427553529799288 0.43248222872184006 29.712299759898535 
0.07538179194183645 -0.07957042649508306 24.585000000000665 -0.22214478024451434 0.43248222872184006 29.430014700229613 
0.07395333198183376 -0.05150932136986 24.600000000000666 -0.2201953920639857 0.4377018982754588 28.82387918170519 
0.06229495998050758 -0.025689580929780857 24.625000000000668 -0.2191181970550432 0.4489409322330944 27.964810077178345 
0.06229495998050758 -0.025689580929780857 24.625000000000668 -0.2191181970550432 0.4489409322330944 27.964810077178345 
0.04686244287740428 -0.0012317499966211752 24.660000000000668 -0.21655109365092592 0.4489409322330944 27.63718526048371 
0.03741398095771143 0.05027092851006881 24.67000000000067 -0.213302583653268 0.46385998214907065 26.347040643486405 
0.029887391159243246 0.059122775549009854 24.68500000000067 -0.21243813409781068 0.46385998214907065 26.240264217332555 
0.017049591278811383 0.08868200807749388 24.730000000000672 -0.2047939243236156 0.4437271798267673 26.44378813631762 
0.017049591278811383 0.08868200807749388 24.730000000000672 -0.2047939243236156 0.45689714055789105 25.681551693094946 
-0.0010063443469450761 0.13594779454915448 24.765000000000672 -0.2003433362635207 0.45689714055789105 25.12343939700268 
-0.021568521267652747 0.1780535826133926 24.775000000000674 -0.19226720376652948 0.46720465048217774 23.57874499587022 
-0.025704662328485527 0.2146810058989446 24.805000000000675 -0.17929721906965246 0.46720465048217774 21.988167113750734 
-0.029986962553550125 0.23576965845132175 24.820000000000675 -0.168701710535842 0.46720465048217774 20.688783813187154 
-0.03859687146652617 0.24974599302088454 24.845000000000677 -0.1515923001742326 0.4757406169994079 18.25700538550954 
-0.05101546095289309 0.2818738913680805 24.860000000000678 -0.13393133153811215 0.4757406169994079 16.13000817567518 
-0.062455156610906865 0.31391114553520705 24.88500000000068 -0.11071253178279661 0.4841625638298414 13.101716828712934 
-0.06445539224785389 0.32365196790886835 24.90500000000068 -0.09093543816065494 0.4841625638298414 10.761296316601515 
-0.07482086595278731 0.3652032959070119 24.92000000000068 -0.06530933359139036 0.3862365265647867 9.688232262442362 
-0.07495665187045661 0.38075894689583173 24.930000000000682 -0.043676751159102745 0.39491706911693786 6.33675700535169 
-0.07648693135325302 0.40724812009769745 24.960000000000683 -0.027578744303303843 0.39491706911693786 4.001208801592416 
-0.08944567189292962 0.4340825663949497 24.985000000000685 0.002828291667226035 0.4034047051853142 -0.4017037324580275 
-0.09633955523616408 0.45526334983424055 25.000000000000686 0.03225448135140613 0.4034047051853142 -4.581120715907477 
-0.10555417248349133 0.4643577726761531 25.015000000000686 0.06075445349174005 0.4034047051853142 -8.628986541199312 
-0.11617580582296037 0.48972830029759007 25.025000000000688 0.09809347600067514 0.4139841895163181 -13.576224201153886 
-0.12334786638836572 0.5154363612520537 25.060000000000688 0.13107561651253744 0.42827012678346066 -17.535847479366403 
-0.13135086034805316 0.5538110014926828 25.07000000000069 0.18246118087955676 0.42827012678346066 -24.410424485800135 
-0.14262297583976857 0.5689944981440285 25.10000000000069 0.2184139237704966 0.5331530824363591 -23.47205039452309 
-0.13899187000659743 0.6395861691310414 25.110000000000692 0.26936159647764746 0.5331530824363591 -28.947188245727467 
-0.15361458695753455 0.6403112674766209 25.140000000000693 0.30901824820287305 0.5504915567054127 -32.16296635050038 
-0.1615149619877202 0.6643281245894173 25.155000000000694 0.35754363961483737 0.5504915567054127 -37.21354359053199 
-0.1718561744167926 0.7100172082082737 25.165000000000695 0.417601160526879 0.5504915567054127 -43.46439782138096 
-0.17448100118563883 0.7229710410826407 25.195000000000697 0.4488341019503884 0.562852626079098 -45.68922405576169 
-0.17890303640576516 0.7724988793378736 25.2200000000007 0.49716338851134 0.562852626079098 -50.60892064865227 
-0.18204008217774856 0.8585833261903768 25.2350000000007 0.5680447534859882 0.567522950118018 -57.34845955133308 
-0.1833140635440671 0.8857771583377813 25.2450000000007 0.6 0.567522950118018 -60.5745859276713 
-0.18171791902233386 0.9219169187363667 25.2800000000007 0.6 0.5660535142954372 -60.73183336850896 
-0.17431210741660574 0.990102087244436 25.290000000000703 0.6 0.5660535142954372 -60.73183336850896 
-0.17131096315307798 1.0347264352711372 25.305000000000703 0.6 0.38238688848582064 -89.90231815734485 
-0.16864030739415295 1.0872010440076925 25.335000000000704 0.6 0.38238688848582064 -89.90231815734485 
-0.16576984605021622 1.1579560983594936 25.360000000000706 0.6 0.3762545869462731 -91.36757105570726 
-0.1549051636019033 1.2241479551057508 25.370000000000708 0.6 0.3713738119186379 -92.56836805547546 
-0.14936129513569987 1.2509356233208588 25.38500000000071 0.6 0.3713738119186379 -92.56836805547546 
-0.148203176702857 1.2897307878925028 25.41500000000071 0.6 0.3733420314662536 -92.08035744819901 
-0.14413517539062692 1.3389830914278513 25.440000000000712 0.6 0.3733420314662536 -92.08035744819901 
-0.14039564220968445 1.3904621412648572 25.46000000000071 0.6 0.3847596515653198 -89.34790217215176 
-0.13963743956174016 1.4429360011086274 25.485000000000714 0.6 0.3847596515653198 -89.34790217215176 
-0.13818188193551442 1.5338526391797118 25.500000000000714 0.6 0.44628767982259077 -77.02983806659238 
-0.14133510615966316 1.5547655661343474 25.525000000000716 0.6 0.44628767982259077 -77.02983806659238 
-0.13798127884709244 1.5901577618670995 25.540000000000717 0.6 0.44628767982259077 -77.02983806659238 
-0.14312160712263997 1.5873910393287385 25.55000000000072 0.6 0.46779175975211196 -73.48882700727006 
-0.1367521818244124 1.6229875765165729 25.58000000000072 0.6 0.48538421752617705 -70.82526886238405 
-0.14178970169603422 1.6201818284655432 25.59000000000072 0.6 0.48538421752617705 -70.82526886238405 
-0.13170985984204714 1.6678856129414596 25.620000000000722 0.6 0.48538421752617705 -70.82526886238405 
-0.12106025776023578 1.6875985516413037 25.630000000000724 0.6 0.4959833753423458 -69.31173385422608 
-0.11072597095947112 1.7039016860974567 25.665000000000724 0.6 0.4959833753423458 -69.31173385422608 
-0.10805551977021519 1.7161490681921967 25.675000000000725 0.6 0.5000639345822132 -68.74614490359242 
-0.10098475130768049 1.7251219649961524 25.705000000000727 0.6 0.5000639345822132 -68.74614490359242 
-0.09627244872887836 1.7362252466865784 25.720000000000727 0.6 0.3980275712943002 -86.36956378690363 
-0.08420709054345181 1.7036292365976369 25.735000000000728 0.6 0.3980275712943002 -86.36956378690363 
-0.08038845936689515 1.6843604383142472 25.76000000000073 0.6 0.40052350475060944 -85.83133648861612 
-0.07908836464955653 1.6713165783524184 25.785000000000732 0.6 0.40052350475060944 -85.83133648861612 
-0.07232384633304954 1.6394451018377907 25.800000000000733 0.5909642325541868 0.4077262345465722 -83.04532183512217 
-0.079890498224923 1.6413977903413997 25.810000000000734 0.5851513900442564 0.4077262345465722 -82.22847142282622 
-0.07922945072297609 1.6380541745821653 25.840000000000735 0.5861842764213095 0.42183905992453113 -79.61776953959577 
-0.0827132865646663 1.6400832526138533 25.860000000000735 0.6 0.44125097645727895 -77.90910285085285 
-0.0815783627581022 1.6159094380276966 25.885000000000737 0.6 0.44125097645727895 -77.90910285085285 
-0.08780968483207216 1.6257953179020497 25.900000000000738 0.6 0.44125097645727895 -77.90910285085285 
-0.08805461585263515 1.623891380987188 25.915000000000738 0.6 0.4292068589676736 -80.0953362920013 
-0.08979225554599402 1.6199692542803914 25.94000000000074 0.6 0.4292068589676736 -80.0953362920013 
-0.09052644338443676 1.6502341803303124 25.965000000000742 0.6 0.4486753531301382 -76.61991564283277 
-0.09409741722512012 1.6325374072357333 25.975000000000744 0.6 0.4486753531301382 -76.61991564283277 
-0.09257261914174673 1.6494139895739395 26.005000000000745 0.6 0.4640589366472639 -74.07996052445397 
-0.09260448322264467 1.7067838372178503 26.020000000000746 0.6 0.4640589366472639 -74.07996052445397 
-0.08885001690601375 1.7403653947736613 26.035000000000746 0.6 0.4761562706931768 -72.19786827085886 
-0.08479879815581641 1.7388061133742037 26.065000000000747 0.6 0.4761562706931768 -72.19786827085886 
-0.08377367852737792 1.7308789136154257 26.080000000000748 0.6 0.48675026385141806 -70.626500406671 
-0.08396833238501977 1.7223069029383136 26.09000000000075 0.6 0.43995810735739077 -78.13804799356403 
-0.07854757877940892 1.7542612347269577 26.12000000000075 0.6 0.43995810735739077 -78.13804799356403 
-0.06943490185425011 1.7876497237228348 26.130000000000752 0.6 0.43995810735739077 -78.13804799356403 
-0.0717440815750817 1.8028661880213457 26.160000000000753 0.6 0.45151761981527333 -76.1375995070005 
-0.07675643597573671 1.725061463340071 26.170000000000755 0.6 0.45151761981527333 -76.1375995070005 
-0.07601209762282678 1.770632189547418 26.200000000000756 0.6 0.4641472705226382 -74.0658620466296 
-0.06530416239957669 1.8522755410321339 26.210000000000758 0.6 0.4784866767223367 -71.84623810915107 
-0.06621872119181357 1.8603589221399965 26.245000000000758 0.6 0.4784866767223367 -71.84623810915107 
-0.0658402829191456 1.8837726408956477 26.26000000000076 0.6 0.4784866767223367 -71.84623810915107 
-0.06378236946062697 1.8972257437425468 26.28500000000076 0.6 0.49372339033975726 -69.6290035685618 
-0.059818700038321015 1.9377700720898785 26.30000000000076 0.6 0.49372339033975726 -69.6290035685618 
-0.052701842214592405 1.9287189342221382 26.31500000000076 0.592299179533124 0.49372339033975726 -68.7353361422802 
-0.049740993250670905 1.9771295605530397 26.325000000000763 0.5647083348897881 0.46604985123698367 -69.42477110370885 
-0.048123531103253965 1.9857238019166161 26.355000000000764 0.5538480054684762 0.47679174832388443 -66.5555838930457 
-0.05089863030569558 1.9803709942768097 26.365000000000766 0.5488534104011928 0.47679174832388443 -65.95538638808009 
-0.04100469405914681 2.007319112410069 26.395000000000767 0.5119953749163464 0.48464094053702034 -60.529706962889314 
-0.030737914444707116 2.0118118253645574 26.42000000000077 0.4538432933770916 0.49189965196335084 -52.86302839824404 
-0.02436717818874055 2.007332396086662 26.44500000000077 0.40203703724051726 0.49189965196335084 -46.828708558512616 
-0.01805666716978786 2.0146436931289933 26.46500000000077 0.3431044374290057 0.4994555743336813 -39.35972928747183 
-0.013232058904348604 2.007509748006168 26.48000000000077 0.2880468765837354 0.4994555743336813 -33.04372035929599 
-0.011616116255724639 2.023534449729215 26.490000000000773 0.2480609709583375 0.4994555743336813 -28.45667848795409 
0.0009635250446000422 2.009396254597994 26.505000000000773 0.1784532416726447 0.5335654312837171 -19.162818632517116 
-0.0024559391502711483 1.975844019742253 26.535000000000775 0.17950681110170907 0.5335654312837171 -19.275953926091443 
0.005981831919830986 1.9336695146914513 26.560000000000777 0.1339581999118402 0.5378850295148658 -14.269293743015531 
0.012453334380139475 1.9168592464750904 26.575000000000777 0.12741836625999728 0.5378850295148658 -13.572667426224033 
0.019082700604138962 1.8575365892926636 26.60000000000078 0.1351178183863427 0.5386473856561083 -14.372446495999812 
0.025243543432269908 1.8030748985117178 26.62500000000078 0.1449080739774215 0.5360625883827521 -15.488156114986408 
0.023974125848627556 1.7896963823467964 26.640000000000782 0.1489195654607615 0.5360625883827521 -15.916914876610615 
0.03162498598662955 1.7670749199090783 26.655000000000783 0.15544535355042433 0.5313065561036591 -16.763133451002606 
0.03514092765212186 1.7139087803828794 26.685000000000784 0.16880608953345105 0.5313065561036591 -18.20394718503575 
0.03924193491050837 1.6940541454924085 26.700000000000784 0.17466210221182177 0.5313065561036591 -18.835456070802792 
0.0543616353861017 1.6387464597761876 26.710000000000786 0.18036224091002995 0.4584434503274851 -22.541482881442654 
0.05752882125103565 1.6197661550590559 26.740000000000787 0.19387690330645932 0.4584434503274851 -24.230531151859484 
0.05707242709912586 1.5810695210596557 26.75000000000079 0.19866389817941216 0.4559463133000266 -24.964787685007412 
0.06293839710814024 1.5812750566136142 26.78000000000079 0.21491254707678875 0.45551128337927344 -27.032441041979475 
0.07099439520892721 1.5694499689365697 26.805000000000792 0.22943250477146257 0.45551128337927344 -28.8588113756439 
0.07099439520892721 1.5694499689365697 26.805000000000792 0.22943250477146257 0.45551128337927344 -28.8588113756439 
0.07698417531340741 1.536837218718187 26.835000000000793 0.2429123225309805 0.45819857221803334 -30.375151117064156 
0.08097978630635516 1.5455507127711208 26.845000000000795 0.24890290678565105 0.46378327773638217 -30.749461552302993 
0.084363867786224 1.551290116107249 26.880000000000795 0.26638247822706007 0.46378327773638217 -32.90888755873052 
0.09801950843006513 1.5659062898460956 26.895000000000795 0.27296219621512463 0.4795655168995013 -32.61198159296753 
0.10438845897636867 1.566046776982859 26.920000000000798 0.28399525375062046 0.4795655168995013 -33.9301489958198 
0.11274770244532928 1.6123870869464734 26.935000000000798 0.2918006717145408 0.4795655168995013 -34.862696251426485 
0.12068715862378013 1.6105767507432196 26.9600000000008 0.30351213912610714 0.488385929677897 -35.607013933391826 
0.13366709205461888 1.6212892453369925 26.985000000000802 0.31377444891635037 0.488385929677897 -36.81095328402897 
0.14147572969236957 1.6147562480331596 27.000000000000803 0.3183717163706142 0.49742924303787545 -36.67125710778397 
0.15606274901346265 1.6413206546163546 27.025000000000805 0.32884360272959323 0.49742924303787545 -37.877448541656776 
0.1661737409691542 1.6694064086468696 27.040000000000806 0.3337785845507812 0.5053743485077002 -37.84146196395022 
0.17410264895212488 1.6510006968427684 27.060000000000805 0.34053083439601217 0.5112769510390685 -38.16127358236605 
0.1902432105299899 1.6320959077011672 27.085000000000807 0.3491643148977688 0.5112769510390685 -39.128776604463646 
0.2075486296780426 1.6055759896691577 27.100000000000808 0.3515059392758209 0.5112769510390685 -39.39118857862886 
0.22796664820793136 1.5820673853758254 27.12500000000081 0.3597240915946649 0.45765001914156495 -45.03588195235331 
0.24388850833700906 1.5631970090117957 27.14000000000081 0.3637411088027003 0.45765001914156495 -45.538794926515465 
0.2533158259496332 1.547071842336145 27.15500000000081 0.36465750914621675 0.45917124979960566 -45.50227448027252 
0.2631529392555167 1.5162650515697484 27.180000000000813 0.36981638085391433 0.46024571877645853 -46.038272499441575 
0.2744443705482583 1.4625328046457653 27.190000000000815 0.37225317936560454 0.46024571877645853 -46.3416284342122 
0.28844038720142373 1.4587309086476397 27.220000000000816 0.37817417808629195 0.46252638824647263 -46.846590542260934 
0.300041730497593 1.4284444917483492 27.245000000000818 0.3819446729139968 0.46252638824647263 -47.31366322350279 
0.3124497143716227 1.393851239607466 27.26000000000082 0.3825360025469901 0.4665287764537817 -46.98037841170468 
0.31222847294114753 1.346909609963354 27.27500000000082 0.3847127084884779 0.4665287764537817 -47.24770610933633 
0.32990651994373654 1.3315955713313115 27.30500000000082 0.3878469967586472 0.4443921696457624 -50.00537257172733 
0.32990651994373654 1.3315955713313115 27.30500000000082 0.3896856471798557 0.4443921696457624 -50.242430999690114 
0.3373738808224112 1.2968863720868853 27.345000000000823 0.39339434511214294 0.44919992832640304 -50.17773654420664 
0.3373738808224112 1.2968863720868853 27.345000000000823 0.39339434511214294 0.44919992832640304 -50.17773654420664 
0.3491278561211998 1.256611696694388 27.385000000000826 0.397853179951853 0.4523466161711314 -50.39345329926405 
0.35948848566237385 1.1800695954762845 27.400000000000826 0.39819502384874866 0.4523466161711314 -50.43675242397115 
0.36039886309449054 1.154072551067497 27.410000000000828 0.3996457841097783 0.4523466161711314 -50.620510712572674 
0.3634591005783126 1.1446256811732838 27.44000000000083 0.3994305931105892 0.45642844662207055 -50.14079942434811 
0.3619217750364976 1.1197416882205304 27.45500000000083 0.4026688778351278 0.45642844662207055 -50.54730355210546 
0.3735250113480792 1.1053888008373176 27.47000000000083 0.40567292723690107 0.46075474712522874 -50.44624442485636 
0.37451715395134133 1.07922195371702 27.510000000000833 0.4056499069197416 0.46780616317156865 -49.68302997293311 
0.37451715395134133 1.07922195371702 27.510000000000833 0.4056499069197416 0.46780616317156865 -49.68302997293311 
0.37366988820386454 1.0351298110431342 27.540000000000834 0.4056117274801632 0.4725926413812115 -49.175205178190055 
0.3640961023703872 1.0340957276906542 27.550000000000836 0.4067743332584509 0.4725926413812115 -49.31615617594305 
0.3702037493527425 1.0228425637875536 27.580000000000837 0.41046342299442173 0.4725926413812115 -49.76341085916962 
0.380742556264982 0.9763659457483639 27.60500000000084 0.4108125410920551 0.476892450738839 -49.356673059413765 
0.3806412485457688 0.9846917709557687 27.62000000000084 0.4107662260292497 0.4806338131764715 -48.96694837687493 
0.3778143045017008 0.9492456426389144 27.63500000000084 0.40916469252674714 0.4806338131764715 -48.77603149186478 
0.37913605743254847 0.9357835172633678 27.64500000000084 0.41063951437867047 0.4839628174732074 -48.615121298036556 
0.37506544654569685 0.9375565181410547 27.66500000000084 0.41175530555909057 0.4839628174732074 -48.7472184822578 
0.3763970466901013 0.9053808090031147 27.695000000000842 0.41136317379175447 0.48098229874687015 -49.00258027536715 
0.3748587307338645 0.8929011571160516 27.720000000000844 0.41150840795877164 0.48098229874687015 -49.0198809220497 
0.37353920694708814 0.8791822567649754 27.745000000000847 0.40997242230556497 0.48098229874687015 -48.836910580832004 
0.37353920694708814 0.8791822567649754 27.745000000000847 0.40997242230556497 0.48256958013065027 -48.67627484621877 
0.37407590514966776 0.8555741602077658 27.775000000000848 0.40928159484678894 0.48256958013065027 -48.594252482212944 
0.3683313238101161 0.8279041275083057 27.80000000000085 0.4099309036137625 0.4829126962466126 -48.6367636461111 
0.3598513065750666 0.7951211436053258 27.81000000000085 0.4107386213025289 0.4829126962466126 -48.73259631931285 
0.35707366590422507 0.792073031216973 27.840000000000853 0.4091761800049591 0.4823211842750423 -48.60675615317885 
0.3557762199365947 0.7878776460877577 27.855000000000853 0.40844226104332937 0.481561258905225 -48.59613870468993 
0.3400930925890418 0.7791338221563452 27.870000000000854 0.4076418698650645 0.481561258905225 -48.50090879234538 
0.3431304744829037 0.7687514973532502 27.900000000000855 0.40763879906673317 0.37725712932071387 -61.90998376719826 
0.3316384864570868 0.7050824807183144 27.910000000000856 0.40679665383962665 0.37725712932071387 -61.78208328898286 
0.32880152231188925 0.6685901060320186 27.940000000000857 0.4057365211676762 0.37960722288395055 -61.23958885875851 
0.32812220088435856 0.623727159681583 27.95000000000086 0.4070602833847343 0.37960722288395055 -61.43939008366696 
0.3122595144486932 0.5870791570973287 27.98000000000086 0.4007376028949415 0.3845294620188688 -59.710830003821755 
0.30865633006457954 0.5411310205898231 28.025000000000862 0.3972236694397264 0.3845294620188688 -59.18724578893065 
0.30865633006457954 0.5411310205898231 28.025000000000862 0.3972236694397264 0.3940427512034159 -57.7583008749401 
0.299824563343755 0.4961235131109814 28.04500000000086 0.3925290701020378 0.4082749450489188 -55.0860622866457 
0.2881474745256615 0.4520927104754866 28.06500000000086 0.3912739918299804 0.4082749450489188 -54.90992929386838 
0.2783760106802539 0.42819166976113027 28.08500000000086 0.3880034239726342 0.4082749450489188 -54.450950027299314 
0.2783760106802539 0.42819166976113027 28.08500000000086 0.3880034239726342 0.4082749450489188 -54.450950027299314 
0.2649781117719206 0.40263328229907036 28.11500000000086 0.37983858528448855 0.45923201181421325 -47.39031093900672 
0.2591098267598754 0.3795751491838209 28.140000000000864 0.37741401107170497 0.476111777810321 -45.418389066038465 
0.24991067611065343 0.3400217329159405 28.150000000000865 0.3722238035109841 0.476111777810321 -44.79379416650908 
0.23566386722410837 0.3346616095450999 28.180000000000867 0.36625025839163045 0.476111777810321 -44.074931621994814 
0.22744014119855627 0.3123944558243159 28.190000000000868 0.36493862527854914 0.48877885740278 -42.77894326459506 
0.2200008872379856 0.2822566787902309 28.22000000000087 0.3583380584575796 0.49522846012936805 -41.458155258621694 
0.20938245516033985 0.2655945882969325 28.23000000000087 0.35234152572751726 0.49522846012936805 -40.76438249553195 
0.1991481464797144 0.26045024079282764 28.24500000000087 0.35234152572751726 0.49522846012936805 -40.76438249553195 
0.19000063063639105 0.22098751140583223 28.28000000000087 0.345088496403982 0.4970644268080673 -39.77776991492153 
0.18047090407753943 0.17294913532338477 28.290000000000873 0.33747884191879157 0.4970644268080673 -38.90061785567236 
0.16857654177525466 0.1662523501500914 28.320000000000874 0.3345676949125329 0.4751401042124761 -40.34455671065903 
0.1553192771545954 0.14594687908268203 28.335000000000875 0.33203609239986054 0.47614461805060354 -39.954807886762644 
0.14494709261727673 0.11997811799815095 28.360000000000877 0.32495561550066954 0.47614461805060354 -39.10279480526561 
0.12921507599149393 0.09597939099620609 28.38500000000088 0.3179505158334514 0.4783475881911157 -38.08365109595961 
0.1178167860042244 0.07847116470364962 28.39500000000088 0.3118924870452964 0.4783475881911157 -37.358029204475635 
0.09852541303289061 0.05607900283771977 28.425000000000882 0.3057588378312863 0.4812083384964981 -36.40562632662103 
0.09852541303289061 0.05607900283771977 28.425000000000882 0.3057588378312863 0.4812083384964981 -36.40562632662103 
0.08056036272188156 0.03629008124756264 28.460000000000882 0.29620537209544007 0.4812083384964981 -35.268128859106106 
0.05833880719449871 -0.00033803492742596336 28.485000000000884 0.29182043509553973 0.48358018579877593 -34.57560875664835 
0.04108971024249673 -0.02697530299774203 28.500000000000885 0.2855518513001454 0.48358018579877593 -33.832891404805395 
0.028627297094074206 -0.022772748308167265 28.510000000000886 0.28325217299784905 0.38970583261238245 -41.64462703032828 
0.02378105917080437 -0.04443380913739277 28.540000000000887 0.2774056048243214 0.38970583261238245 -40.78504615432986 
-0.0018117858734827338 -0.046065199725069096 28.55000000000089 0.27454074988898297 0.38961415534609833 -40.37334387664201 
-0.023798839163800437 -0.08132712567599487 28.58000000000089 0.2649392299952915 0.39093581762073903 -38.82964676545089 
-0.03193410086602461 -0.12481088609669774 28.59000000000089 0.2537059545061818 0.39093581762073903 -37.183291413437225 
-0.04776696912726327 -0.11819790998994177 28.605000000000892 0.24183077979939938 0.39093581762073903 -35.4428589408639 
-0.06518023888190368 -0.13253716721073824 28.645000000000895 0.220315401172149 0.39760098040009084 -31.748268417732614 
-0.09155019195621339 -0.13866658028606882 28.665000000000894 0.2027137169714548 0.41072188351855565 -28.278601403884338 
-0.11468764683569879 -0.1330749561852883 28.680000000000895 0.1812875233130201 0.41072188351855565 -25.289643384064547 
-0.12210981161422535 -0.1485514011947006 28.690000000000897 0.16387972478896706 0.41072188351855565 -22.86125223651265 
-0.14196148935143307 -0.16077576029373783 28.720000000000898 0.13989403711936615 0.49247693129707176 -16.275560125985166 
-0.15782287175444018 -0.15720413106038852 28.7300000000009 0.11967345155239142 0.49247693129707176 -13.92305559502281 
-0.1743384543667155 -0.16660997719788553 28.7600000000009 0.10094996572423282 0.5087589900921748 -11.368854586610723 
-0.17739441266059763 -0.17619778017773088 28.770000000000902 0.07217985911486094 0.5087589900921748 -8.12880238712076 
-0.2023090295090046 -0.21336227376577965 28.800000000000903 0.024412244327219224 0.5201590609133704 -2.689020865917005 
-0.2218609331147326 -0.2219800383412098 28.810000000000905 -0.008548030845214494 0.5201590609133704 0.9415698531107665 
-0.23166600774616045 -0.23449695445697308 28.840000000000906 -0.03452293256248132 0.524125460891541 3.773940554004602 
-0.23166600774616045 -0.23449695445697308 28.840000000000906 -0.03452293256248132 0.524125460891541 3.773940554004602 
-0.2556551930695259 -0.26932446785972547 28.885000000000908 -0.08062076172238042 0.5218614621241029 8.851447602627852 
-0.27482910982016884 -0.3229594602468885 28.900000000000908 -0.16150919020212348 0.4171919977448521 22.181142018972317 
-0.288630211830592 -0.3423058217503649 28.91500000000091 -0.2178498744003107 0.4171919977448521 29.918786645151794 
-0.30200725535600287 -0.37707523291896794 28.94000000000091 -0.27393924716208373 0.4133375180302562 37.97275113126702 
-0.31395932226067474 -0.40927138064895013 28.950000000000912 -0.3600534065336507 0.4133375180302562 49.90967355684409 
-0.3270246655460334 -0.41732017084425244 28.980000000000913 -0.40170515539934515 0.4133375180302562 55.68333143991198 
-0.3364051059903464 -0.43129217448580726 28.995000000000914 -0.45407889919362565 0.41285071295859666 63.01746290638051 
-0.35177610727299524 -0.45353187225242964 29.020000000000916 -0.5071394431838786 0.4173896098457713 69.61589132462501 
-0.3777331131561124 -0.4610566625491997 29.035000000000917 -0.5754238059734353 0.4173896098457713 78.98940159486732 
-0.38418186045816327 -0.5039013568116417 29.050000000000917 -0.6 0.4173896098457713 82.36301742286335 
-0.3874755924198274 -0.5028807114092839 29.065000000000918 -0.6 0.4268099836716526 80.54513489144662 
-0.39987430849866235 -0.5018391917177445 29.09500000000092 -0.6 0.4269046473710903 80.52727446175236 
-0.4161431692387881 -0.5495870927501034 29.12000000000092 -0.6 0.4269046473710903 80.52727446175236 
-0.4269247387801507 -0.5381075697789398 29.13500000000092 -0.6 0.4401612014893157 78.10199443188284 
-0.44177316862932164 -0.582100666988442 29.160000000000924 -0.6 0.4401612014893157 78.10199443188284 
-0.45456629578331337 -0.6065054430543136 29.185000000000926 -0.6 0.4401612014893157 78.10199443188284 
-0.45456629578331337 -0.6065054430543136 29.185000000000926 -0.6 0.4511917968669674 76.19258139567968 
-0.4640185448308554 -0.6161438789993049 29.215000000000927 -0.6 0.4511917968669674 76.19258139567968 
-0.4746627678825365 -0.6492412864339574 29.24000000000093 -0.6 0.45854838620898397 74.97020759807411 
-0.48498403085697955 -0.6765451818806333 29.26000000000093 -0.6 0.45854838620898397 74.97020759807411 
-0.49407686431148634 -0.7420767756801141 29.28500000000093 -0.6 0.4626469810498861 74.30604568052406 
-0.4912391801003795 -0.709099868263347 29.30000000000093 -0.6 0.4626469810498861 74.30604568052406 
-0.49662107420577944 -0.766398778757087 29.325000000000934 -0.6 0.45722825547771623 75.18666507591816 
-0.5029319167348901 -0.8266303981715394 29.335000000000935 -0.6 0.45722825547771623 75.18666507591816 
-0.5034390276380406 -0.83145951657659 29.365000000000936 -0.6 0.45724278984930905 75.18427511821233 
-0.5002112192649756 -0.8619042891032488 29.380000000000937 -0.6 0.45724278984930905 75.18427511821233 
-0.5234611091513691 -0.8881656445048007 29.39000000000094 -0.6 0.4559824846354149 75.39207944650816 
-0.5130204688690334 -0.9109642337705026 29.40500000000094 -0.6 0.4559824846354149 75.39207944650816 
-0.5074941345179447 -0.9118147145547204 29.43500000000094 -0.6 0.45386527971803253 75.74377077093598 
-0.5100881075143142 -0.9284628554163877 29.44500000000094 -0.6 0.45158543627329767 76.12616560788352 
-0.5078113138269055 -0.9674664213862907 29.480000000000942 -0.6 0.45158543627329767 76.12616560788352 
-0.5023462247148583 -0.9990378232954783 29.505000000000944 -0.6 0.3885146908795901 88.48434438867534 
-0.49918566404506726 -0.9536503612166427 29.520000000000945 -0.6 0.3885146908795901 88.48434438867534 
-0.5007875407492458 -0.9883385508221314 29.545000000000947 -0.6 0.3885146908795901 88.48434438867534 
-0.5051465777723546 -0.997987203503009 29.560000000000947 -0.6 0.3899806785870396 88.15172031702771 
-0.5084666227448665 -1.015175396277969 29.58500000000095 -0.6 0.3948334450809451 87.06827685481822 
-0.5081937723611571 -1.0057267849496663 29.60000000000095 -0.6 0.3948334450809451 87.06827685481822 
-0.5078450500396432 -1.0233900216528782 29.625000000000952 -0.6 0.4039677360265687 85.0995380125813 
-0.5097797396780462 -1.0186570772211205 29.640000000000953 -0.6 0.4039677360265687 85.0995380125813 
-0.5136438654455479 -1.040226255103908 29.655000000000953 -0.6 0.41698139992900596 82.44364787902386 
-0.5213623992016999 -1.0297016255074094 29.685000000000954 -0.6 0.41698139992900596 82.44364787902386 
-0.5298391079012362 -1.0407487362239656 29.700000000000955 -0.6 0.41698139992900596 82.44364787902386 
-0.525009369039986 -1.061977879211219 29.710000000000957 -0.6 0.4094159623880701 83.96709182350901 
-0.5314219253515359 -1.080378624581113 29.740000000000958 -0.6 0.42587798414048805 80.72140140615721 
-0.5398162428945235 -1.1012243192295184 29.76500000000096 -0.6 0.42587798414048805 80.72140140615721 
-0.5436887115043719 -1.1602913102210421 29.78000000000096 -0.6 0.42587798414048805 80.72140140615721 
-0.5451519442851261 -1.1576882776116364 29.805000000000963 -0.6 0.44177680202964986 77.81637141178396 
-0.5470391028046354 -1.2076571756585843 29.830000000000965 -0.6 0.44177680202964986 77.81637141178396 
-0.5461365232924408 -1.2399044243972035 29.840000000000966 -0.6 0.4687047264537595 73.34568176419047 
-0.5551825202984512 -1.3051558854901002 29.860000000000966 -0.6 0.4687047264537595 73.34568176419047 
-0.5510285613564538 -1.4018685230447194 29.875000000000966 -0.6 0.4687047264537595 73.34568176419047 
-0.5544758693824278 -1.420467206433825 29.890000000000967 -0.6 0.4687047264537595 73.34568176419047 
-0.5596010791302558 -1.5837572760037355 29.91500000000097 -0.6 0.4880362934316243 70.44039177112101 
-0.5615216009195194 -1.79283921775423 29.94500000000097 -0.6 0.49912035212524364 68.87610886126139 
-0.5592415639733581 -2.1299843287331743 29.96000000000097 -0.6 0.49912035212524364 68.87610886126139 
-0.5512942475016317 -2.506671459448531 29.970000000000972 -0.6 0.49912035212524364 68.87610886126139 
-0.5481556218211036 -3.0462394505256594 30.000000000000973 -0.6 0.508298745510332 67.63240714539715 
-0.5360538666419042 -4.130645240147309 30.025000000000976 -0.6 0.5144542416304165 66.823178673578 
-0.5120033022542309 -6.095156010123128 30.035000000000977 -0.6 0.5144542416304165 66.823178673578 
-0.47740728484845807 -8.805482397658638 30.06500000000098 -0.6 0.5169443061631405 66.50129868535653 
-0.3970518875205392 -13.746146209476136 30.08000000000098 -0.6 0.5169443061631405 66.50129868535653 
-0.23790118455285875 -19.286813617887024 30.11000000000098 -0.6 0.51562338636564 66.67166117145736 
0.023453653876197966 -21.35654775660779 30.12000000000098 -0.6 0.51562338636564 66.67166117145736 
0.18016285559637826 -18.868992408256616 30.135000000000982 0.6 0.51562338636564 -66.67166117145736 
0.30556096293090496 -15.036354333884026 30.150000000000983 0.6 0.4116534626646888 -83.51069728727502 
0.38399950434480706 -11.089688082921954 30.180000000000984 0.6 0.41049279057918864 -83.74682454067995 
0.4683215584856574 -7.00141852822275 30.190000000000985 0.6 0.41049279057918864 -83.74682454067995 
0.4946296023996148 -5.331395365858046 30.220000000000987 0.6 0.41411929576425616 -83.01344095644193 
0.5186913980125522 -3.885562321114525 30.24500000000099 0.6 0.41411929576425616 -83.01344095644193 
0.537563517286583 -2.9829266684882247 30.265000000000988 0.6 0.41411929576425616 -83.01344095644193 
0.5478732637998933 -2.36800156930944 30.29000000000099 0.6 0.42395758519281224 -81.08704480948211 
0.5478732637998933 -2.36800156930944 30.29000000000099 0.6 0.42395758519281224 -81.08704480948211 
0.5630201714561032 -1.9350631038670607 30.30500000000099 0.6 0.4816302589651649 -71.37730046636423 
0.5715078331648743 -1.6992485258299659 30.335000000000992 0.6 0.4952144424832065 -69.41935605808828 
0.5805402163746226 -1.4573695339607289 30.360000000000994 0.6 0.4952144424832065 -69.41935605808828 
0.5847129775130709 -1.2951593241142354 30.385000000000996 0.6 0.5050620839864832 -68.0658255644655 
0.5919826090453684 -1.2020943239046966 30.400000000000997 0.6 0.5050620839864832 -68.0658255644655 
0.5914978588943913 -1.0991709373974565 30.425000000001 0.6 0.5050620839864832 -68.0658255644655 
0.5914978588943913 -1.0991709373974565 30.425000000001 0.6 0.5087315805535303 -67.57486466722719 
0.5952920637746013 -0.9427704188569597 30.435000000001 -0.6 0.5087315805535303 67.57486466722719 
0.5949226229158469 -0.8980037766953782 30.475000000001 -0.6 0.5061805082191816 67.91543164867103 
0.5926115966723269 -0.8207552683248031 30.500000000001002 -0.6 0.4596811698025813 74.78545993653262 
0.5943952243394771 -0.761154989916756 30.515000000001002 -0.6 0.4596811698025813 74.78545993653262 
0.5947508411097197 -0.7221284342462271 30.540000000001005 -0.6 0.4520137291087746 76.05403441092525 
