-0.13776691728693813 0.1844410396373598 37.54000000000112 0.4613891952221491 0.3450017228565179 -76.62470024870288 
-0.13776691728693813 0.1844410396373598 37.54000000000112 0.4613891952221491 0.3450017228565179 -76.62470024870288 
-0.24732434731054304 0.33768764712962684 37.55500000000112 0.5730904900101152 0.3450017228565179 -95.17536922654682 
-0.30374324595834545 0.4034642493968754 37.57000000000112 0.7 0.3450017228565179 -116.25172572207029 
-0.32991265524718993 0.4500522211854463 37.58000000000112 0.7 0.3960045944662161 -101.27924327044451 
-0.3411413380245521 0.48145545615562724 37.615000000001125 0.7 0.3960045944662161 -101.27924327044451 
-0.3402123481675431 0.5262192302184374 37.64000000000112 0.7 0.4408158094947537 -90.98368251612118 
-0.33512118033810306 0.5459051250626369 37.655000000001124 0.7 0.5125578319272458 -78.24882025185903 
-0.3347413402822255 0.5639407058284166 37.68000000000112 0.7 0.5125578319272458 -78.24882025185903 
-0.3336596697620609 0.6064465914150717 37.69500000000112 0.7 0.5369604885742526 -74.69273161168822 
-0.3164810348760735 0.6194590379654301 37.70500000000112 0.7 0.5369604885742526 -74.69273161168822 
-0.3127891469436691 0.6264874955834594 37.73500000000112 0.7 0.5369604885742526 -74.69273161168822 
-0.31880876378088296 0.6356329471054798 37.75000000000112 0.7 0.5503432211375103 -72.8764235094237 
-0.31265625138579733 0.6481534620491953 37.77500000000112 0.7 0.5540164929462283 -72.39323408202277 
-0.299086850213991 0.6676755983035702 37.78500000000112 0.7 0.5540164929462283 -72.39323408202277 
-0.29257577250347505 0.6680357187569771 37.80000000000112 0.7 0.5540164929462283 -72.39323408202277 
-0.2901142530844852 0.6554692687863338 37.82000000000112 0.7 0.5540164929462283 -72.39323408202277 
-0.2847186008631965 0.6631988971272436 37.850000000001124 0.7 0.4690965434378557 -85.49848900020912 
-0.2824445500989508 0.6735123460534983 37.87500000000112 0.7 0.4690965434378557 -85.49848900020912 
-0.2740161776586121 0.655475452096639 37.88500000000112 0.7 0.4690965434378557 -85.49848900020912 
-0.2774050133918333 0.6640823164235226 37.91500000000112 0.7 0.46196499035967703 -86.81836610157634 
-0.2843754952709137 0.6816593285928138 37.93000000000112 0.7 0.45672866053970573 -87.81372645142098 
-0.28375664321825783 0.6771537339268325 37.95500000000112 0.7 0.45672866053970573 -87.81372645142098 
-0.29190326247116305 0.6854923560494004 37.98000000000112 0.7 0.45672866053970573 -87.81372645142098 
-0.29470727500851934 0.7021852029643532 37.99500000000112 0.7 0.45500048068881194 -88.14725997309 
-0.29835858204754817 0.7045372244001651 38.01500000000112 0.7 0.45500048068881194 -88.14725997309 
-0.29919273213178577 0.7060421629927153 38.02500000000112 0.7 0.45670832600575023 -87.81763627986201 
-0.30671138364462275 0.7166613804230786 38.05500000000112 0.7 0.4165857267279338 -96.27561168304491 
-0.3163295467737615 0.7319998602211459 38.08000000000112 0.7 0.4165857267279338 -96.27561168304491 
-0.3163295467737615 0.7319998602211459 38.08000000000112 0.7 0.42133024575505024 -95.19147049906964 
-0.32740500839524367 0.7507180303786258 38.11000000000112 0.7 0.42133024575505024 -95.19147049906964 
-0.33419695263984495 0.7649230380722142 38.13500000000112 0.7 0.4272626260216647 -93.8697728668736 
-0.34326321637501656 0.7782629402815381 38.14500000000112 0.7 0.4272626260216647 -93.8697728668736 
-0.3537666010774584 0.7936889281668507 38.17500000000112 0.7 0.4272626260216647 -93.8697728668736 
-0.3537666010774584 0.7936889281668507 38.17500000000112 0.7 0.4272626260216647 -93.8697728668736 
-0.3629861890839329 0.8144343954382571 38.21000000000112 0.7 0.4358602943735887 -92.01812180850017 
-0.38024052817941456 0.8531994534776041 38.22000000000112 0.7 0.4471281681135698 -89.69921494404821 
-0.38188852895979325 0.8688768935142779 38.255000000001125 0.7 0.4766191149372096 -84.1490498433773 
-0.39016484188829176 0.8959594732298487 38.280000000001124 0.7 0.4766191149372096 -84.1490498433773 
-0.39173508531067913 0.9314037515169762 38.295000000001124 0.7 0.4877604900706207 -82.2269258696019 
-0.39644497456362304 0.9461984306253852 38.310000000001125 0.7 0.4877604900706207 -82.2269258696019 
-0.4008566157499589 0.9648700908464936 38.33500000000112 0.7 0.49733495085778107 -80.64393139871386 
-0.4038167933609519 0.9776284639180317 38.350000000001124 0.7 0.49733495085778107 -80.64393139871386 
-0.4112846379938139 1.0108212218932662 38.36000000000112 0.7 0.5040299077522029 -79.57274963706224 
-0.4116925374577537 1.0189227433700452 38.39000000000112 0.7 0.5040299077522029 -79.57274963706224 
-0.41744897903818845 1.0482889594000024 38.405000000001124 0.7 0.508715729366221 -78.83979862215905 
-0.4208173999498754 1.0664718002750668 38.435000000001125 0.7 0.508715729366221 -78.83979862215905 
-0.42650915198720346 1.0767579273168504 38.44500000000112 0.7 0.4950947656415409 -81.0088258703102 
-0.4262127765143311 1.103514979158906 38.475000000001124 0.7 0.4950947656415409 -81.0088258703102 
-0.4251277861402104 1.1442878376580867 38.490000000001125 0.7 0.4995237776858422 -80.29056363435322 
-0.4336029303192767 1.1697599227018025 38.50000000000112 0.7 0.4995237776858422 -80.29056363435322 
-0.43043003077175795 1.1885065149102167 38.530000000001124 0.7 0.5051578568916537 -79.39507445443887 
-0.4301693128464169 1.2244240887258502 38.55500000000112 0.7 0.5051578568916537 -79.39507445443887 
-0.4265011079589819 1.2702727159520801 38.57000000000112 0.7 0.5117789992644832 -78.36790043514588 
-0.4270614811929054 1.293008491042438 38.59500000000112 0.7 0.5117789992644832 -78.36790043514588 
-0.42839585427561383 1.3309929111150696 38.61000000000112 0.7 0.5182645641217835 -77.38720421127064 
-0.4289537424916917 1.369916181047843 38.62500000000112 0.7 0.5182645641217835 -77.38720421127064 
-0.4232542695843481 1.4142421133229737 38.64000000000112 0.7 0.5182645641217835 -77.38720421127064 
-0.41573211969932194 1.4446841190772604 38.670000000001124 0.7 0.41893759464531044 -95.73513136989742 
-0.4100131826465154 1.5095692159108203 38.69500000000112 0.7 0.42248760687474224 -94.93070330711129 
-0.4052837866388267 1.5581637469362362 38.71000000000112 0.7 0.42248760687474224 -94.93070330711129 
-0.39638473506535365 1.6002127814511857 38.73500000000112 0.7 0.42607294176548155 -94.13187679313671 
-0.38966169685092983 1.6652124666166441 38.75000000000112 0.7 0.42607294176548155 -94.13187679313671 
-0.38504386080798336 1.7088252702350122 38.76000000000112 0.7 0.42607294176548155 -94.13187679313671 
-0.37699568314311716 1.7811294562586608 38.79000000000112 0.7 0.433774844139011 -92.4605154057864 
-0.3624424318085174 1.8661146810630496 38.80500000000112 0.7 0.433774844139011 -92.4605154057864 
-0.3559940390346827 1.9643528942792639 38.83500000000112 0.7 0.44737983098301715 -89.6487567868926 
-0.3472239219045293 2.001176841204124 38.84500000000112 0.7 0.5004170181474552 -80.1472456065423 
-0.32458290630256664 2.111267850160811 38.87500000000112 0.7 0.5004170181474552 -80.1472456065423 
-0.3039507908939987 2.2317739934388574 38.90000000000112 0.7 0.5155167304715229 -77.79969744623668 
-0.2846263163967694 2.3620921985748042 38.91500000000112 0.7 0.5155167304715229 -77.79969744623668 
-0.26137640714485155 2.39830094412286 38.92500000000112 0.7 0.5265960102728843 -76.16283617183879 
-0.2487764958130635 2.4908453403320983 38.95500000000112 0.7 0.5265960102728843 -76.16283617183879 
-0.2289449028334248 2.541370294411571 38.97000000000112 0.7 0.531558439000112 -75.45180871288767 
-0.21557998846220172 2.575828522070393 38.99500000000112 0.7 0.531558439000112 -75.45180871288767 
-0.18680922450326298 2.6511276061457143 39.02500000000112 0.7 0.5314715811318232 -75.46413972642819 
-0.15455118881715554 2.7385553614360756 39.04000000000112 0.7 0.5314715811318232 -75.46413972642819 
-0.12947121904329098 2.7203528757468534 39.05500000000112 0.7 0.41659080275644805 -96.27443859485648 
-0.11851751880269938 2.6986240529104073 39.07000000000112 0.7 0.41659080275644805 -96.27443859485648 
-0.09309309083876094 2.7479272369964596 39.09500000000112 0.7 0.41659080275644805 -96.27443859485648 
-0.07817495801247855 2.765785559165269 39.11000000000112 0.7 0.41760238220381196 -96.04122813548337 
-0.05899422959764869 2.7737107566304657 39.13500000000112 0.7 0.42244182389380636 -94.94099161270489 
-0.031151058820347313 2.818758696880721 39.14500000000112 0.7 0.42244182389380636 -94.94099161270489 
-0.014393153255998162 2.8373351649440672 39.17500000000112 0.7 0.42244182389380636 -94.94099161270489 
0.004860660490034387 2.8149265143066544 39.19000000000112 0.6553360628926899 0.4330156001740234 -86.71278945003588 
0.01979753108692553 2.7969422176256673 39.20500000000112 0.42550037476001235 0.4330156001740234 -56.30137954657017 
0.04461849506170876 2.7772234176555415 39.23500000000112 0.42929191684983753 0.4486624781454953 -54.82209057517933 
0.06786357030987417 2.757944140321618 39.26000000000112 0.4410422071613699 0.41792204863312865 -60.465479483864414 
0.06786357030987417 2.757944140321618 39.26000000000112 0.4410422071613699 0.41792204863312865 -60.465479483864414 
0.09900120734567161 2.697899311800794 39.30000000000112 0.4550339458974581 0.43367921699565326 -60.117071820321755 
0.13144065291089996 2.6272474986020518 39.31500000000112 0.4614590475980835 0.43367921699565326 -60.965927831772845 
0.15180297305204715 2.5757076493686624 39.33000000000112 0.46707586227990994 0.44739332601619386 -59.81643905904815 
0.16423553016396944 2.5095822940793457 39.35500000000112 0.4762923137791193 0.44739332601619386 -60.99675119667849 
0.19526631604917602 2.413898604755264 39.37000000000112 0.4836228321036871 0.4605861322355063 -60.16148819160904 
0.19728789023944376 2.376831371749238 39.38000000000112 0.4858952280900407 0.4605861322355063 -60.44416865089379 
0.21125926957486454 2.325734993084214 39.41500000000112 0.4995807702650285 0.47447767572041466 -60.327115746005056 
0.22608812252338106 2.241184480472542 39.42500000000112 0.5012150316553087 0.47447767572041466 -60.524461764744636 
0.23753751498817438 2.1754748482723776 39.460000000001116 0.5143535707501735 0.47447767572041466 -62.111012360534865 
0.2536798268324349 2.092450573992441 39.47500000000112 0.519687093598501 0.45352731890099784 -65.65398795108564 
0.2640959178979243 2.02342250665605 39.49000000000112 0.525041225978874 0.4668400469720776 -64.43887261617743 
0.27317731673673773 1.9583514480347792 39.51000000000112 0.5306377617567455 0.4668400469720776 -65.12574145282883 
0.28369218056564083 1.8898599434895575 39.53500000000112 0.5368207749984465 0.4783046351389541 -64.30538720039263 
0.29656827989654483 1.8138595139905598 39.54500000000112 0.5395486629249815 0.4783046351389541 -64.63215899747075 
0.3008285864046897 1.7626180662047857 39.57500000000112 0.5462951964328816 0.4876784384009035 -64.18247488346697 
0.3063180454845979 1.6781182475146343 39.59000000000112 0.5495147952484551 0.4876784384009035 -64.56073524794516 
0.3119523214681489 1.627744373740593 39.60500000000112 0.5526910374125938 0.4876784384009035 -64.93390177815589 
0.3132865378704446 1.5839980134180076 39.63000000000112 0.5572255753741953 0.5036959154765948 -63.38481755501522 
0.3173732300364051 1.5056634939244269 39.66000000000112 0.5602729634284437 0.5036959154765948 -63.731460179428424 
0.3173732300364051 1.5056634939244269 39.66000000000112 0.5602729634284437 0.5036959154765948 -63.731460179428424 
0.3233439109209201 1.4215519935296848 39.69000000000112 0.5625180386779675 0.40611875080062854 -79.36080137320874 
0.3245539467414149 1.350656392501477 39.71500000000112 0.5643651146802854 0.413008869135625 -78.2930866430826 
0.32323218107021967 1.321077503534676 39.72500000000112 0.5641025792543743 0.413008869135625 -78.25666570154482 
0.3244966528783322 1.2698924881213423 39.75500000000112 0.5658298654662812 0.413008869135625 -78.4962881826807 
0.32373884633833727 1.196125826032335 39.765000000001116 0.565814175400147 0.42188943427426745 -76.84184908510436 
0.3271782372964871 1.1864515813083165 39.78000000000112 0.565568930740261 0.42188943427426745 -76.80854300342027 
0.3335135500663347 1.166125655846465 39.79500000000112 0.5621385392866517 0.43463533738749033 -74.1038821103946 
0.333727971436043 1.1345923991736027 39.83000000000112 0.5613884664450833 0.43463533738749033 -74.00500379919336 
0.333352639702889 1.0931723234554032 39.85500000000112 0.5600633962427356 0.44982456619081 -71.33729741843393 
0.3345838127782772 1.0708835061992124 39.88000000000112 0.5561970830616663 0.44982456619081 -70.8448311455779 
0.33383257241493847 1.030411370111191 39.89500000000112 0.5541626844711951 0.4603227998150277 -68.97590776863113 
0.33466580529449796 1.0047389170477015 39.91000000000112 0.5532434838484837 0.4603227998150277 -68.86149606400053 
0.3361491006913945 0.9680430235247007 39.93500000000112 0.5491076621031092 0.47163284876004097 -66.70771897996227 
0.33173284456956603 0.940373284677656 39.960000000001116 0.5444637500370371 0.47163284876004097 -66.14355861132944 
0.33064879736019526 0.906499807408272 39.97500000000112 0.5417462719956859 0.47163284876004097 -65.81342888627266 
0.3232226755933402 0.8925046333313363 39.985000000001115 0.5385964009977076 0.47962511087234755 -64.34046078608579 
0.3201316925218492 0.8744973985006848 40.00500000000112 0.5375166886535618 0.47962511087234755 -64.21147888124929 
0.320364335482096 0.8485023170007652 40.03500000000112 0.5309219207271924 0.48535079474992066 -62.67546203220131 
0.31173263176733673 0.8250577294814503 40.05000000000112 0.5291024756665144 0.48809030551883675 -62.110102255339015 
0.308303569717351 0.8083786679478439 40.07500000000112 0.5234761232965709 0.48809030551883675 -61.44963790846264 
0.30152616191219705 0.7807258208726454 40.085000000001116 0.5227840603768193 0.49356624264942806 -60.68753830391012 
0.29640747114134003 0.7649409549788038 40.11500000000112 0.5147264539827617 0.49356624264942806 -59.75216874362793 
0.28880529675655975 0.7296207328825676 40.13000000000112 0.5121335044165699 0.49853588049250047 -58.85852854026497 
0.281504183139038 0.7175650370440546 40.15500000000112 0.5089399929916294 0.49853588049250047 -58.49150435276788 
0.27825093076684904 0.7002673091338434 40.165000000001115 0.5071968575372016 0.5026354548881103 -57.81573710443628 
0.2709132320483189 0.6807656032133097 40.195000000001116 0.5000865236216241 0.5026354548881103 -57.00522499207045 
0.26239900515574754 0.6590534610082199 40.210000000001116 0.5031674903871027 0.50539826209783 -57.04288231562993 
0.24882861611717538 0.6329773767932294 40.22500000000112 0.4989730721303743 0.50539826209783 -56.56737125505442 
0.24113468070475322 0.6290500325111488 40.25500000000112 0.49430214243959064 0.35764111392841264 -79.18951558721508 
0.24083052831347615 0.6173375692333308 40.27000000000112 0.491595438957321 0.35764111392841264 -78.75588902727081 
0.23197850691161281 0.6210364128175172 40.28000000000112 0.48941792511814297 0.3602791503751987 -77.83292898885917 
0.22211646959283776 0.5909313135216063 40.31000000000112 0.48344064824773175 0.36405887461169945 -76.08414660735065 
0.21145399872037463 0.581208571693507 40.335000000001116 0.480337350699698 0.36405887461169945 -75.59574798703058 
0.20737425675482193 0.5266543453558173 40.345000000001114 0.477876757188611 0.36405887461169945 -75.20849847022392 
0.19868959109335158 0.5453429148790482 40.375000000001116 0.47304743859466614 0.37289457987227953 -72.68440788340669 
0.1881404366032942 0.5516543743611467 40.390000000001116 0.46955684714479656 0.37289457987227953 -72.14807357103756 
0.18112835884289732 0.5484655163211921 40.40500000000112 0.4662048559800863 0.37289457987227953 -71.63303538847984 
0.17768638780342313 0.5522836584728086 40.43500000000112 0.4594003052950468 0.3885031609823774 -67.75156869733078 
0.17637724775899033 0.566725172102067 40.460000000001116 0.4528990990378196 0.42770779928844926 -60.67040854367075 
0.16761443405175347 0.5755751295192868 40.47500000000112 0.44973818463501397 0.42770779928844926 -60.24697213455178 
0.16693240420539482 0.556871010288952 40.485000000001115 0.4477649307887783 0.44777903730128993 -57.293974507570155 
0.16321371023575912 0.5487535472251258 40.515000000001116 0.4411487484043672 0.44777903730128993 -56.447397746406374 
0.14978260930329962 0.5458538830393911 40.525000000001114 0.43969645140765745 0.4641236291933287 -54.28025928420016 
0.1486577064783516 0.5533664961078495 40.555000000001115 0.4299540964332315 0.4641236291933287 -53.07757149275317 
0.15000942913069792 0.5395977423145569 40.56500000000111 0.4278032347836851 0.47537862446684787 -51.56167853074932 
0.14406538295507743 0.5449711527943526 40.580000000001114 0.4235223307275407 0.47537862446684787 -51.04571562814175 
0.14000514743460035 0.527777882279908 40.610000000001115 0.41604909775972637 0.48289245746659215 -49.36473329262403 
0.1365806220849601 0.5246098662912465 40.625000000001116 0.4129186784934942 0.48289245746659215 -48.993305225591214 
0.12966461681985522 0.512876555641275 40.65500000000112 0.4066925730865423 0.44278117998220223 -52.62592235313901 
0.11659389343692142 0.5044530133433285 40.665000000001115 0.40430210359131286 0.44278117998220223 -52.316596168279666 
0.11326634979502602 0.5046997497402311 40.680000000001115 0.4006758569202651 0.44278117998220223 -51.847360710411394 
0.11144962418267261 0.5053675892166566 40.710000000001116 0.39511996024660323 0.4528571827023281 -49.99082931271092 
0.10276802719617238 0.4822529125466471 40.735000000001115 0.3896609484974962 0.4528571827023281 -49.30015166535702 
0.09432564928369352 0.4730132939993714 40.74500000000111 0.38822139722285126 0.4528571827023281 -49.118018720180686 
0.09146323103735168 0.45115712177582784 40.775000000001114 0.3835408759093533 0.4582870156153875 -47.95089695231359 
0.08108490617108884 0.43703630278948047 40.790000000001115 0.3795594578064868 0.4582870156153875 -47.45313365988228 
0.07174593482165546 0.4434676755801758 40.820000000001116 0.3770123380298318 0.4582870156153875 -47.134688650218045 
0.06929332982679313 0.42176054635606447 40.835000000001116 0.3742032233911572 0.47076666574184534 -45.54329552352299 
0.06302631083335157 0.41981888854028593 40.860000000001115 0.37320089626540065 0.47076666574184534 -45.42130491081292 
0.04560488097583759 0.42495604456620156 40.875000000001116 0.37101918208334217 0.47076666574184534 -45.15577418437798 
0.03435703579574928 0.4186361508950172 40.890000000001116 0.36715642644039315 0.39862232021627475 -52.773045033520745 
0.03169043355602613 0.4034333577880444 40.900000000001114 0.3664409525283906 0.39862232021627475 -52.670206749183784 
0.02834948182094827 0.39581340531819026 40.930000000001115 0.3598015624797727 0.40476418830421895 -50.93116334889129 
0.02161538695822921 0.39186257229823157 40.955000000001114 0.35560060860537257 0.40476418830421895 -50.33650370782801 
0.009400210151579675 0.39562221806831466 40.96500000000111 0.35419793279227907 0.41220080434759704 -49.23339898226542 
0.002851224502742931 0.3886910032078784 40.99500000000111 0.3480729081267549 0.41220080434759704 -48.38202251951566 
-0.004719035279997549 0.3797266216801052 41.010000000001114 0.3483524926466893 0.4227832741294211 -47.20888652138948 
-0.008447229422067505 0.3774447454716413 41.025000000001114 0.34487554069627296 0.4227832741294211 -46.73768842884702 
-0.013299973592273414 0.37705315064032835 41.055000000001115 0.35414420617851045 0.45200360966616054 -44.89116440469567 
-0.02107742063600797 0.3718565616448094 41.06500000000111 0.3648948419313338 0.45200360966616054 -46.253910282265466 
-0.027984848668240688 0.38008402153702736 41.095000000001114 0.369786258684635 0.4659671359523802 -45.469283796717605 
-0.03970666522001953 0.3917031998064596 41.10500000000111 0.38829601480042725 0.4659671359523802 -47.74526170036045 
-0.03765886160991484 0.3726238845157519 41.135000000001114 0.3841347570046967 0.47683921608557783 -46.1566490301053 
-0.04291875334982157 0.37148793722697804 41.150000000001114 0.3890277322338923 0.47683921608557783 -46.74457640779953 
-0.050481968722852696 0.3668995432375365 41.17500000000111 0.3958687136618353 0.4835324822157752 -46.90813413435671 
-0.0532020921811944 0.35812188300925446 41.19000000000111 0.3978028931242502 0.4835324822157752 -47.13732312184608 
-0.0530401961446271 0.33807627946508423 41.210000000001116 0.3963031442065108 0.4835324822157752 -46.959611620600064 
-0.058193739809627186 0.3393142191746848 41.235000000001115 0.3964659012504628 0.45646894839837304 -49.76422370504217 
-0.06674477965573974 0.3471265930110276 41.260000000001114 0.40132094052215483 0.45646894839837304 -50.37362607647238 
-0.06120504046797796 0.32396539164871396 41.27000000000111 0.399874280127278 0.45646894839837304 -50.19204190671449 
-0.06758100687449015 0.2977633482447351 41.28500000000111 0.3983463902539246 0.45646894839837304 -50.000261848922854 
-0.07704504348534937 0.29349558284652894 41.31500000000111 0.3967454995175959 0.4580305657434376 -49.62953209524658 
-0.08245396649523329 0.29935277975461805 41.330000000001114 0.4002510747852002 0.4580305657434376 -50.06805013884736 
-0.08008237016217118 0.3017820339753335 41.35500000000111 0.39532098109887287 0.46026948917228044 -49.21078694716249 
-0.07758544810342823 0.2845291069162234 41.37000000000111 0.389151173288883 0.46362765052020505 -48.0918681122653 
-0.08750666989651823 0.26549214461986576 41.39500000000111 0.38747948785429565 0.46362765052020505 -47.88527879437652 
-0.09891827187045944 0.2738928126373142 41.41000000000111 0.3946485643645745 0.46763585319308837 -48.35321538028158 
-0.1056782017545372 0.278615562572604 41.44000000000111 0.395729644617547 0.46763585319308837 -48.485671725079165 
-0.10337183538529579 0.2635619780788827 41.45000000000111 0.3930107167029683 0.47123851446643084 -47.784412095407816 
-0.1051536760934646 0.24099198884270542 41.470000000001114 0.3872389359519488 0.39810537284884295 -55.731869515882494 
-0.10668771959869197 0.20792784964001348 41.48000000000111 0.3751709380852849 0.39810537284884295 -53.99502949288874 
-0.11147929641693759 0.21662020773139243 41.510000000001114 0.36862476651271103 0.39810537284884295 -53.052897010744594 
-0.12334318782079401 0.2215521578691349 41.53500000000111 0.3674538210649812 0.40121576605218445 -52.47439132349655 
-0.13828297921060861 0.23460809311754782 41.55000000000111 0.37731301597834266 0.40121576605218445 -53.88233763500562 
-0.1375095340965353 0.22447109117887692 41.57500000000111 0.3752922927840463 0.40121576605218445 -53.5937674431196 
-0.14381556977126903 0.23353954866708612 41.58500000000111 0.3817925882430312 0.40121576605218445 -54.52204476146269 
-0.14427449724478295 0.20952915648620643 41.61500000000111 0.36912370449323284 0.41554929563967763 -50.894636587315745 
-0.1465372277341474 0.180343879455861 41.63000000000111 0.357925562188105 0.41554929563967763 -49.3506409670535 
-0.15494636841097378 0.1874285861432119 41.64500000000111 0.35477631907517865 0.42801884861002215 -47.491333197606316 
-0.16501291579005437 0.21775322551947787 41.66000000000111 0.3634862178398492 0.42801884861002215 -48.65726418597856 
-0.16796145498265905 0.20328930239058587 41.69000000000111 0.3563607387748412 0.471924316062198 -43.26534069346707 
-0.17833240023682378 0.2088883253043525 41.71500000000111 0.36099676368204203 0.471924316062198 -43.82819505773578 
-0.19194795148154178 0.18173488058818965 41.72500000000111 0.3643360071717868 0.4816973320383556 -43.33616598467955 
-0.19013162626063657 0.1720096468565132 41.75500000000111 0.352306934265048 0.4816973320383556 -41.90536065699628 
-0.1889828660483538 0.16914370352050856 41.77000000000111 0.3425791305767806 0.48720039892285594 -40.28801777401385 
-0.19409373098222177 0.16242941464178545 41.79500000000111 0.333508322815099 0.48720039892285594 -39.22127192842772 
-0.2007429888253014 0.13855736285067077 41.81000000000111 0.3204634586273825 0.4891783681607244 -37.53478253045223 
-0.2019521658223852 0.13163280673794833 41.84000000000111 0.30732375252849864 0.4891783681607244 -35.995773955034196 
-0.20110581860469443 0.12810628764370097 41.85500000000111 0.29553022477504176 0.4793123105421592 -35.32693449707067 
-0.20775981532447965 0.1298891613515718 41.87000000000111 0.29054472634751316 0.4793123105421592 -34.73098064321827 
-0.20809990735895334 0.08782018510480136 41.88000000000111 0.26890398667737425 0.4801659976193868 -32.08695244403453 
-0.21020737566390796 0.08021962347132498 41.91000000000111 0.25471915656759714 0.4801659976193868 -30.394348422863196 
-0.2140631243193865 0.07720685493454285 41.93500000000111 0.24023817306238654 0.48133564641543414 -28.59674635966634 
-0.2181985721312904 0.05946244152150961 41.96000000000111 0.2228809991496134 0.48133564641543414 -26.530635493200116 
-0.22145117028986133 0.048008068868090295 41.97500000000111 0.20367508838940168 0.48133564641543414 -24.24446027127344 
-0.22178274602487985 0.02429804562130295 41.99000000000111 0.18223847918069808 0.48243549514233997 -21.64329910852852 
-0.226372703463258 0.0007244209485353786 42.02000000000111 0.16104710785499124 0.4828954861068311 -19.10831608154193 
-0.226372703463258 0.0007244209485353786 42.02000000000111 0.16104710785499124 0.4828954861068311 -19.10831608154193 
-0.22993950284302228 -0.01274815493656979 42.05000000000111 0.13729436611602835 0.436981267629442 -18.00165890873615 
-0.23191737645775803 -0.012757025338715047 42.06000000000111 0.11458205824288546 0.436981267629442 -15.02368369439275 
-0.23406835745304386 -0.02404682462220227 42.09000000000111 0.10169975629294473 0.43704228070917595 -13.332730196354266 
-0.23183567136395403 -0.07078611677071633 42.11500000000111 0.06983923617725796 0.4386141022063493 -9.123038810757894 
-0.23192434918409885 -0.08737167719125813 42.12500000000111 0.03841916798307994 0.4386141022063493 -5.018662570951772 
-0.23557585663314884 -0.09441442168976417 42.15500000000111 0.0189770995129923 0.4386141022063493 -2.4789620398085073 
-0.24434470807295325 -0.10814687040079266 42.16500000000111 -0.004828069505148955 0.4431613457316779 0.6242151047360112 
-0.24519806186187884 -0.11876292386188325 42.18000000000111 -0.01985889249727725 0.4431613457316779 2.567531525159073 
-0.24757528001043447 -0.12927135689325442 42.21500000000111 -0.03454032686333164 0.45046328127961843 4.393288053688885 
-0.2528261029180093 -0.1509565408578025 42.22500000000111 -0.06214624710903771 0.45046328127961843 7.9045680744724045 
-0.258144909422315 -0.16755752359578718 42.25500000000111 -0.08294245996426078 0.4465299920563813 10.642628676518774 
-0.26375441447471637 -0.17581552882878118 42.26500000000111 -0.10966242534984544 0.4465299920563813 14.071158165163615 
-0.25955564489697097 -0.19189496527143157 42.28000000000111 -0.12650932156570266 0.45438602740068723 15.952185493561167 
-0.2646064498232389 -0.1938040168346931 42.31000000000111 -0.13701326697337934 0.45438602740068723 17.27667987455803 
-0.2627840618278456 -0.20059928097322066 42.33500000000111 -0.1509615681218736 0.46076372881120004 18.77200869169149 
-0.2628759161499668 -0.20304271504989502 42.36000000000111 -0.1604622430544535 0.46076372881120004 19.95341369847668 
-0.258148867278686 -0.24767722476041865 42.37500000000111 -0.18710786137055135 0.46076372881120004 23.266785339008862 
-0.26583646598071164 -0.27231368167845327 42.38500000000111 -0.2195802495146031 0.46629496593341374 26.980822185013363 
-0.26613224366360205 -0.2781039803925985 42.40000000000111 -0.2371651771393139 0.47178146490086975 28.802665446830254 
-0.2689427204084034 -0.28809425618942297 42.43500000000111 -0.25406593456658194 0.47178146490086975 30.85518794548396 
-0.26958861913872767 -0.29758607600290904 42.45000000000111 -0.27581688454935965 0.425876354051948 37.10735111909439 
-0.2735234777293596 -0.282352455767069 42.47500000000111 -0.28033100900170643 0.425876354051948 37.71466419683509 
-0.26767799002930814 -0.308733173017884 42.49000000000111 -0.2956526398783364 0.4315437474910133 39.253606535644806 
-0.2699101564855978 -0.2998633946306229 42.50000000000111 -0.2998903914728539 0.4315437474910133 39.8162500275326 
-0.27244577694751093 -0.3190567252049192 42.53000000000111 -0.31302753562694896 0.4369258415945775 41.04851431389398 
-0.2679707047955747 -0.33645905185005515 42.55500000000111 -0.3256363725672886 0.4369258415945775 42.70195998470521 
-0.2669666897310508 -0.3139231246607717 42.57000000000111 -0.32334805739045147 0.4431196334055743 41.809203667737414 
-0.2646106210638962 -0.3299503082789651 42.58000000000111 -0.32968702380999376 0.4431196334055743 42.62883790403519 
-0.26879580603583614 -0.34117222847517376 42.61500000000111 -0.3391752014935623 0.4504310828358483 43.143797800833696 
-0.27308497753075694 -0.3577137234697715 42.63000000000111 -0.3588214427633169 0.4504310828358483 45.64284094183048 
-0.27417600997533664 -0.34734090679878593 42.65500000000111 -0.35995734094633464 0.4477521649992795 46.06127686955969 
-0.27615960960389735 -0.34919346111322197 42.66500000000111 -0.36598229787523257 0.4477521649992795 46.832249364521296 
-0.2714184714052052 -0.3753576443507773 42.70000000000111 -0.3734681684209912 0.4545007397282968 47.08056106970419 
-0.26994658747818295 -0.38179097209965523 42.73000000000111 -0.38063615785500965 0.4596993147882851 47.44154423030087 
-0.26994658747818295 -0.38179097209965523 42.73000000000111 -0.38063615785500965 0.4596993147882851 47.44154423030087 
-0.26784091392428205 -0.3705605115540925 42.760000000001114 -0.37566841340787915 0.4596993147882851 46.82237691513701 
-0.265652086857996 -0.37151746522888296 42.775000000001114 -0.3738192248810708 0.4596993147882851 46.59189865532293 
-0.2649645668682863 -0.4239001003858477 42.78500000000111 -0.3975470134059894 0.4596993147882851 49.54927121586917 
-0.2631603619007038 -0.3970925328902136 42.830000000001114 -0.38319142160470565 0.4671903680284483 46.9942291323756 
-0.2631603619007038 -0.3970925328902136 42.830000000001114 -0.38319142160470565 0.4671903680284483 46.9942291323756 
-0.25749247235465644 -0.3603344508315178 42.845000000001114 -0.3581570939848717 0.4671903680284483 43.92404315740077 
-0.2589958120665704 -0.3602013224887403 42.875000000001116 -0.3464790706991546 0.42741658906611546 46.44599425598249 
-0.2599609191702475 -0.39339510379335363 42.890000000001116 -0.35415358506883793 0.42741658906611546 47.47477342469963 
-0.2570667142407175 -0.3903287951491381 42.915000000001115 -0.3529432367388219 0.42741658906611546 47.31252457235127 
-0.24979642042475636 -0.3632387147547893 42.94000000000111 -0.33002396923585803 0.4314341563004487 43.828195564103325 
-0.25260723818341596 -0.35431397319334174 42.955000000001114 -0.3157181790919943 0.4314341563004487 41.92834274560642 
-0.24765583596033322 -0.3497211399051165 42.970000000001114 -0.3016047458225813 0.4360708665482877 39.62814382335331 
-0.2467073682594658 -0.3321923995969325 43.000000000001116 -0.28303289743797766 0.4360708665482877 37.18797042076529 
-0.24066351194815852 -0.3571315027662672 43.010000000001114 -0.2744578509482294 0.4422534998620511 35.55715560977863 
-0.24613405310690858 -0.24449794132433728 43.025000000001114 -0.22035596252795223 0.4422534998620511 28.548031044034136 
-0.24736660469174637 -0.27163143388396527 43.040000000001115 -0.20852208333768607 0.4921397153864101 24.27651119589881 
-0.24710733192069986 -0.2907946631537921 43.070000000001116 -0.20607961897382499 0.49945602542367945 23.640704706381733 
-0.24490221840541918 -0.27342728231100577 43.095000000001114 -0.19218464362802104 0.49945602542367945 22.046723648534726 
-0.2418904073150209 -0.2556663449243324 43.110000000001115 -0.17352643225056896 0.49945602542367945 19.906321469415687 
-0.2457605734446594 -0.20845364331295785 43.14500000000111 -0.14118985812567506 0.504983779237313 16.01949075051462 
-0.23097955876053494 -0.17647039682603366 43.16000000000111 -0.09061031915600898 0.504983779237313 10.280704215516922 
-0.23232808340682964 -0.20403035980583056 43.17500000000111 -0.08276160580477113 0.5068471495451453 9.35566220031871 
-0.2278445720816611 -0.12719853826808866 43.205000000001114 -0.03830126513364096 0.5068471495451453 4.329709349531883 
-0.2256823289214102 -0.11423662690316837 43.220000000001114 -0.0006134280932239555 0.5068471495451453 0.06934406321122993 
-0.21495440621347814 -0.09579058433562287 43.235000000001115 0.02988850983661087 0.5045649774792883 -3.393984017932247 
-0.20860506452544428 -0.09506737518699829 43.24500000000111 0.048936987353088615 0.4373985341822418 -6.410361760034678 
-0.20654161192732756 -0.0501757152593792 43.275000000001114 0.07452756573165681 0.4373985341822418 -9.762526940770721 
-0.19768403113872426 -0.01610277728847196 43.30000000000111 0.10628890400935295 0.43263622494069603 -14.07627299272463 
-0.19588568250768054 0.0030170790150376714 43.31500000000111 0.1351561965000903 0.43263622494069603 -17.8992862549998 
-0.19108083944505136 0.039854812429564124 43.34000000000111 0.16151251854287002 0.4303345291060287 -21.504167165621148 
-0.1834790367510525 0.056555004465539516 43.35500000000111 0.1879404551931415 0.4303345291060287 -25.02284653918957 
-0.1817432477249853 0.14024311013471125 43.38000000000111 0.2302999619202359 0.43201941860239274 -30.54310818421163 
-0.17882095591991165 0.19058388418397104 43.41000000000111 0.2688494525171816 0.43201941860239274 -35.65566335761005 
-0.17469616757742565 0.23647544475765223 43.42000000000111 0.32231458654736245 0.43744750552084255 -42.21595791860809 
-0.17781411725358717 0.25636291492339197 43.43500000000111 0.3500557178145048 0.4447500207179988 -45.09660323975775 
-0.17601049139100874 0.3829532344137321 43.45000000000111 0.4084874593914549 0.4447500207179988 -52.62418508574292 
-0.1713971484053026 0.3609909177602201 43.48000000000111 0.42046020037127324 0.4182358659368979 -57.60049985319432 
-0.1713971484053026 0.3609909177602201 43.48000000000111 0.42046020037127324 0.4182358659368979 -57.60049985319432 
-0.17065529504743593 0.42580772280557255 43.510000000001114 0.456178100257296 0.42455806660273093 -61.56302731493235 
-0.17064590861877027 0.42975690520891396 43.53500000000111 0.47772047450413113 0.42455806660273093 -64.47025537660035 
-0.17101464915062808 0.5034099070013631 43.55000000000111 0.5207822384028604 0.42455806660273093 -70.28160963852437 
-0.1723779410725242 0.5623914046109509 43.57500000000111 0.5585167957291713 0.43130529330485556 -74.19490481382316 
-0.1679001020478271 0.6333633273495698 43.58500000000111 0.6154503185179963 0.43130529330485556 -81.75811031871335 
-0.1697092562490436 0.6318903495773818 43.60500000000111 0.6369492337961609 0.43130529330485556 -84.61408525959472 
-0.1665922015754694 0.691793726579076 43.62000000000111 0.6650033592455982 0.4395224431295386 -86.68928388615927 
-0.1689978766929798 0.7473083061699576 43.650000000001114 0.6982923941502988 0.45753725180092025 -87.44469853201453 
-0.17657608341005676 0.9988041768876517 43.66000000000111 0.7 0.45753725180092025 -87.65853600180442 
-0.17446311530080025 0.9359098724297827 43.69000000000111 0.7 0.46734103792018905 -85.81965289769175 
-0.17601116477339043 0.971918337007397 43.71500000000111 0.7 0.47561177961964635 -84.32727568529066 
-0.17846946479104236 1.0284008722046565 43.74000000000111 0.7 0.47561177961964635 -84.32727568529066 
-0.17311235129782357 1.108615995148737 43.75500000000111 0.7 0.47561177961964635 -84.32727568529066 
-0.16929687460516374 1.3781481687581574 43.76500000000111 0.7 0.48110540451964146 -83.36436315697266 
-0.16996679424989639 1.2375010154972865 43.79500000000111 0.7 0.48110540451964146 -83.36436315697266 
-0.17580262168259791 1.1615892240854517 43.81500000000111 0.7 0.4840156303821828 -82.8631208200627 
-0.17618244293301777 1.199355144960572 43.830000000001114 0.7 0.4840156303821828 -82.8631208200627 
-0.17993063180928057 1.2099849270996046 43.85500000000111 0.7 0.44488855811596945 -90.1507690577713 
-0.18271216208984672 1.2999037406404912 43.87000000000111 0.7 0.44488855811596945 -90.1507690577713 
-0.18815442307666566 1.1026579070400837 43.89500000000111 0.7 0.44488855811596945 -90.1507690577713 
-0.18419686685503955 1.27776247284648 43.91000000000111 0.7 0.4454121959864129 -90.04478552801251 
-0.19081083534741847 1.3499738649483186 43.93500000000111 0.7 0.44693988030035686 -89.7370036260906 
-0.20047536813996303 1.4827399506914307 43.95000000000111 0.7 0.44693988030035686 -89.7370036260906 
-0.19989422314620223 1.37986353347693 43.97500000000111 0.7 0.4505753770505798 -89.01295477283786 
-0.21395097687294268 1.3861657328751589 43.98500000000111 0.7 0.4505753770505798 -89.01295477283786 
-0.21127834685276767 1.674896882930979 44.00500000000111 0.7 0.4505753770505798 -89.01295477283786 
-0.2156774638495456 2.661088643019869 44.03500000000111 0.7 0.40905460291025597 -98.04814656481658 
-0.22573219236249933 3.1485937645854927 44.06000000000111 0.7 0.40905460291025597 -98.04814656481658 
-0.22573219236249933 3.1485937645854927 44.06000000000111 0.7 0.40905460291025597 -98.04814656481658 
-0.18961450962191612 -63.99307397635845 44.09000000000111 0.7 0.41616680569467995 -96.37252445497079 
-0.0026672639922509234 -29.226566380632356 44.11500000000111 0.7 0.4238758490612559 -94.6197943288852 
0.13325623301932818 -9.97489047262393 44.14000000000111 -0.6682932103515684 0.4238758490612559 90.33395159265118 
0.22208168932549577 -0.809600174393104 44.15500000000111 -0.7 0.4338029190631213 92.45453153191386 
0.2609350346306186 0.7730395291338601 44.18000000000111 -0.7 0.4338029190631213 92.45453153191386 
0.2609350346306186 0.7730395291338601 44.18000000000111 -0.7 0.4338029190631213 92.45453153191386 
0.28803484642876614 1.1205461581907554 44.21000000000111 -0.7 0.4458967771654978 89.94692878049577 
0.30039603162425477 1.2341801570922555 44.22500000000111 -0.7 0.4458967771654978 89.94692878049577 
0.31301017033526773 1.0666137090613597 44.25500000000111 -0.7 0.43960393570133777 91.23450088127947 
0.31994176498273175 0.999763682296367 44.27000000000111 -0.7 0.43960393570133777 91.23450088127947 
0.3305927908661177 1.082087488904061 44.28000000000111 -0.7 0.45080444645397966 88.96772419757387 
0.3400946991047299 1.0446092742855217 44.31000000000111 -0.7 0.45080444645397966 88.96772419757387 
0.34704522157375955 0.9723000685043418 44.33500000000111 -0.7 0.4592722545475772 87.32738645112913 
