-0.21754659946224636 0.3328982514574551 15.254999999999768 0.46750051634622175 0.4087372537272465 -65.53306864634276 
-0.21754659946224636 0.3328982514574551 15.254999999999768 0.46750051634622175 0.4087372537272465 -65.53306864634276 
-0.2591412238964766 0.4006729282925372 15.279999999999768 0.5480428295669236 0.4087372537272465 -76.82329134487465 
-0.29438143220246354 0.4559964173556421 15.294999999999769 0.7 0.4469464533155889 -89.73568390940567 
-0.30011488033391653 0.48038855066530417 15.31999999999977 0.7 0.4469464533155889 -89.73568390940567 
-0.2957189117053877 0.5049424108079117 15.33499999999977 0.7 0.47687535577260737 -84.10383378729726 
-0.2890386829790408 0.526361093147542 15.35999999999977 0.7 0.47687535577260737 -84.10383378729726 
-0.28489145330289073 0.5494935824054755 15.37499999999977 0.7 0.5011797734955353 -80.02526793814218 
-0.28970173787631914 0.5629795723302087 15.399999999999771 0.7 0.5011797734955353 -80.02526793814218 
-0.28819566157293763 0.572250475985532 15.414999999999772 0.7 0.5204968712309263 -77.05530595084697 
-0.2761524307011431 0.5806387796156738 15.429999999999772 0.7 0.5204968712309263 -77.05530595084697 
-0.27470216214332643 0.592471375842913 15.444999999999773 0.7 0.5336698432986416 -75.15329217640226 
-0.28005038297435925 0.598881251394353 15.474999999999774 0.7 0.5336698432986416 -75.15329217640226 
-0.2674104094182162 0.6098303153105744 15.499999999999774 0.7 0.4900751195186182 -81.83856731709461 
-0.25758333393594735 0.6198743203625715 15.509999999999774 0.7 0.490760436872292 -81.72428469329623 
-0.25555366145008124 0.6160118771954521 15.539999999999775 0.7 0.490760436872292 -81.72428469329623 
-0.2489384682875388 0.621983183851103 15.554999999999776 0.7 0.490760436872292 -81.72428469329623 
-0.24559944133520373 0.6253404082452776 15.579999999999776 0.7 0.4899923425336692 -81.85239273693693 
-0.2483593591373365 0.6305886560693039 15.594999999999777 0.7 0.4899923425336692 -81.85239273693693 
-0.23958571170016515 0.631993421009284 15.604999999999777 0.7 0.49029907992591626 -81.80118483032389 
-0.2403107447194792 0.6307353204480243 15.639999999999777 0.7 0.49029907992591626 -81.80118483032389 
-0.24037949702175618 0.6340156232095968 15.649999999999777 0.7 0.49029907992591626 -81.80118483032389 
-0.24403098048305147 0.6364302815984767 15.664999999999777 0.7 0.48270649552001327 -83.08785158557032 
-0.24250054339674157 0.633771782193755 15.694999999999778 0.7 0.4828662170063838 -83.06036795824832 
-0.2464912066382844 0.6388665810072405 15.709999999999779 0.7 0.4828662170063838 -83.06036795824832 
-0.2502031671408571 0.645106718716806 15.73499999999978 0.7 0.48278039566359937 -83.07513316490206 
-0.2517668629922135 0.6487334787230018 15.75999999999978 0.7 0.48278039566359937 -83.07513316490206 
-0.2642662800365239 0.6413283864934616 15.77499999999978 0.7 0.4825062162030174 -83.12233980065936 
-0.270343676415635 0.6454599039839638 15.78499999999978 0.7 0.4825062162030174 -83.12233980065936 
-0.2736692834366451 0.6505779858915616 15.829999999999782 0.7 0.48277906843139295 -83.07536155092686 
-0.28193123775176765 0.6564327625754572 15.839999999999781 0.7 0.48277906843139295 -83.07536155092686 
-0.29490343732850033 0.6527818879819169 15.854999999999782 0.7 0.4073540988362602 -98.45744960891881 
-0.2988071041701788 0.6602535958844041 15.869999999999783 0.7 0.4073540988362602 -98.45744960891881 
-0.3043785996484689 0.6568418124437482 15.899999999999784 0.7 0.4095287802544825 -97.93462045386646 
-0.3144414131570694 0.6634934776352481 15.914999999999784 0.7 0.4095287802544825 -97.93462045386646 
-0.3256474184323974 0.677392663312752 15.939999999999785 0.7 0.41577657891268155 -96.46297481220225 
-0.33481354278986153 0.6881925552028139 15.964999999999785 0.7 0.41577657891268155 -96.46297481220225 
-0.34635742727591823 0.6957493200233656 15.974999999999785 0.7 0.42698690292383223 -93.9303884604444 
-0.34623902661272976 0.7054098410793871 15.989999999999785 0.7 0.44271773768888223 -90.592813986917 
-0.3563273175020177 0.7148254177445045 16.024999999999785 0.7 0.44271773768888223 -90.592813986917 
-0.36681639913356484 0.7209379690950997 16.039999999999786 0.7 0.44271773768888223 -90.592813986917 
-0.3713458988957077 0.7447143192521193 16.064999999999788 0.7 0.46062458976933535 -87.07100434920729 
-0.3823727714727213 0.7572382158845636 16.07999999999979 0.7 0.46062458976933535 -87.07100434920729 
-0.385798261856894 0.7681654772867585 16.10499999999979 0.7 0.4160024618993191 -96.41059688936248 
-0.385798261856894 0.7681654772867585 16.10499999999979 0.7 0.4160024618993191 -96.41059688936248 
-0.39481036753974946 0.7907518194497513 16.134999999999792 0.7 0.42962832213783103 -93.35289037646523 
-0.39722501438703695 0.8080361727938101 16.159999999999794 0.7 0.42962832213783103 -93.35289037646523 
-0.404685192416002 0.8390608596123146 16.169999999999796 0.7 0.4434613762964782 -90.44089925960964 
-0.4117654573415222 0.8515338591475015 16.2099999999998 0.7 0.4434613762964782 -90.44089925960964 
-0.41549617013261775 0.87476704140898 16.2249999999998 0.7 0.4588507686487174 -87.40760264447196 
-0.4166274230509103 0.9010471091499264 16.2399999999998 0.7 0.4588507686487174 -87.40760264447196 
-0.4197648186426039 0.9158693786354266 16.2699999999998 0.7 0.47582470056747306 -84.28954110899576 
-0.42633257627203824 0.9308609382243077 16.2849999999998 0.7 0.47582470056747306 -84.28954110899576 
-0.4282431640085418 0.9605082284994729 16.294999999999803 0.7 0.4265095980831211 -94.03550550658719 
-0.4294660836985771 0.9794352992219834 16.314999999999802 0.7 0.4265095980831211 -94.03550550658719 
-0.431149436082403 0.9911117575381407 16.354999999999805 0.7 0.4394977009963504 -91.25655394381842 
-0.4352571678512094 1.023440954215386 16.364999999999807 0.7 0.4506366098371442 -89.00085963644173 
-0.4342019686139351 1.0527559226302812 16.379999999999807 0.7 0.4506366098371442 -89.00085963644173 
-0.43596534146279764 1.072492979821071 16.40999999999981 0.7 0.46230124653793314 -86.7552185063527 
-0.43891903302598245 1.0809971249287504 16.42499999999981 0.7 0.46230124653793314 -86.7552185063527 
-0.43761024916343993 1.1162783913360725 16.43999999999981 0.7 0.46595794077672553 -86.07439030291327 
-0.43443644984796614 1.1513702117559261 16.45499999999981 0.7 0.46595794077672553 -86.07439030291327 
-0.43405660489983605 1.1709964796072558 16.48499999999981 0.7 0.46595794077672553 -86.07439030291327 
-0.43476282165413965 1.2028531093366774 16.49999999999981 0.7 0.46595794077672553 -86.07439030291327 
-0.43899040807722334 1.217396286281893 16.509999999999813 0.7 0.4790688848086585 -83.71874469613383 
-0.43530132825474205 1.2406108727217016 16.524999999999814 0.7 0.49135762586918413 -81.62495817218773 
-0.44179107607814877 1.260262722392995 16.544999999999813 0.7 0.49135762586918413 -81.62495817218773 
-0.43750368568000725 1.3040319140979562 16.584999999999816 0.7 0.5013460442864351 -79.99872765774367 
-0.42844245352472876 1.3541237732556703 16.599999999999817 0.7 0.5013460442864351 -79.99872765774367 
-0.42844245352472876 1.3541237732556703 16.599999999999817 0.7 0.5090911025949794 -78.78166688579083 
-0.42649737617768646 1.3933715312648807 16.634999999999817 0.7 0.5153438964327262 -77.82578960725746 
-0.4243225099315613 1.4589135746346464 16.65999999999982 0.7 0.5153438964327262 -77.82578960725746 
-0.41942403955352 1.5193846016533412 16.66999999999982 0.7 0.5153438964327262 -77.82578960725746 
-0.41816185323262917 1.5419736528087584 16.69999999999982 0.7 0.36036611617633263 -111.29527405271541 
-0.4149634343363986 1.5609641493049278 16.709999999999823 0.7 0.370446094800021 -108.26688746930569 
-0.40607674093984825 1.624706904740187 16.739999999999824 0.7 0.370446094800021 -108.26688746930569 
-0.40338108326729993 1.7073859020101387 16.754999999999825 0.7 0.370446094800021 -108.26688746930569 
-0.4007834177728415 1.7668816634098716 16.769999999999825 0.7 0.38601439756656125 -103.90038794405818 
-0.3969730877602682 1.8617474735584074 16.794999999999828 0.7 0.40897448499277556 -98.0673541525851 
-0.3936386267834812 1.9596689105867984 16.80499999999983 0.7 0.40897448499277556 -98.0673541525851 
-0.3875811476010032 2.0747368405871023 16.82499999999983 0.7 0.40897448499277556 -98.0673541525851 
-0.38050762199686894 2.1947276978950563 16.85499999999983 0.7 0.47511335781335184 -84.41573994834653 
-0.36579784317414277 2.3287100612387417 16.86499999999983 0.7 0.47511335781335184 -84.41573994834653 
-0.3507534431039485 2.4511896137136207 16.894999999999833 0.7 0.501401845497265 -79.98982456752125 
-0.33510757624415854 2.6318697751738114 16.919999999999835 0.7 0.501401845497265 -79.98982456752125 
-0.3088479221757753 2.8846785345735357 16.929999999999836 0.7 0.5206450564160529 -77.03337458966992 
-0.2938820243194796 2.8934635060315808 16.944999999999837 0.7 0.5206450564160529 -77.03337458966992 
-0.2759829098063276 2.9886951309609673 16.974999999999838 0.7 0.5206450564160529 -77.03337458966992 
-0.23873844620538776 3.1558940226108367 16.98499999999984 0.7 0.5305027775072938 -75.60195226047841 
-0.21412397213991494 3.2241033556499126 17.01499999999984 0.7 0.5334015935686115 -75.19108705849536 
-0.191879178402136 3.3081597129004026 17.03499999999984 0.7 0.5334015935686115 -75.19108705849536 
-0.15681528216606527 3.392473992183252 17.06499999999984 0.7 0.5337798966426699 -75.13779726703837 
-0.15681528216606527 3.392473992183252 17.06499999999984 0.7 0.5337798966426699 -75.13779726703837 
-0.12585155733295722 3.4547520450264386 17.094999999999843 0.7 0.37137289740964163 -107.99669534020325 
-0.08380260466593142 3.477281721205893 17.104999999999844 0.7 0.37137289740964163 -107.99669534020325 
-0.055702440227475225 3.485784494385522 17.134999999999845 0.7 0.37927774108410534 -105.74584615621784 
-0.026328749214220272 3.4824919159981667 17.159999999999847 0.7 0.393586098419791 -101.90158092519889 
-0.00985517255415249 3.4371099751835645 17.16999999999985 0.7 0.393586098419791 -101.90158092519889 
0.017881498790132327 3.4453513569583922 17.19999999999985 0.5078777223075814 0.393586098419791 -73.93363259975956 
0.04836077588868362 3.535776961846936 17.21499999999985 0.4081463712634968 0.4141653625758935 -56.4631101730357 
0.07349792614224027 3.445936120308954 17.22999999999985 0.4183848847837459 0.4141653625758935 -57.879509674793674 
0.09962049439588769 3.3827172789286246 17.24999999999985 0.42713491003997706 0.43789999444935596 -55.88725265631656 
0.13052522142650774 3.3053267529006485 17.279999999999852 0.45927518882055934 0.4401266495038295 -59.78854037617883 
0.15683772424989165 3.1809084673252586 17.29999999999985 0.45927518882055934 0.4401266495038295 -59.78854037617883 
0.17906116421933854 3.057161300839357 17.329999999999853 0.4757259341849947 0.4401266495038295 -61.93010185692336 
0.20465810062379863 2.8544893417616186 17.339999999999854 0.478645310150929 0.455907423070137 -60.15334422655267 
0.21854330059072904 2.764253385442397 17.354999999999855 0.48435099632507267 0.455907423070137 -60.870401507180205 
0.22929617958681808 2.6825245885979725 17.369999999999855 0.492161075252925 0.46702353613613906 -60.37972451219903 
0.24126884154019568 2.5676625816633307 17.399999999999856 0.5015618915540845 0.46702353613613906 -61.5330434701481 
0.25643491899725573 2.4234078103521934 17.434999999999857 0.5146737363028892 0.4766169438709714 -61.87071881432671 
0.271703597457864 2.247655082065482 17.444999999999858 0.5196455648607746 0.4867343988048394 -61.16990659037439 
0.2741715529408729 2.1403019936622285 17.45999999999986 0.5212451232839279 0.4867343988048394 -61.3581980835508 
0.2763113401350918 2.128253818385089 17.47499999999986 0.5274399816827522 0.4551525699664552 -66.39550535572361 
0.27837339407540673 2.012632992608004 17.50499999999986 0.5360149966686114 0.4551525699664552 -67.47495036025778 
0.2817507948907965 1.8641401966253837 17.51999999999986 0.5391664854681232 0.4551525699664552 -67.87166789918781 
0.28602947035507725 1.8334416068994746 17.529999999999863 0.5423107514785487 0.4660424672733863 -66.67228724042786 
0.28711421822595423 1.782132202614798 17.559999999999864 0.550144848116683 0.4660424672733863 -67.63541979847307 
0.2884305289672057 1.6663733531878582 17.574999999999864 0.5521364425993904 0.4752466189627275 -66.56562427600011 
0.28686188976235305 1.6093521280627923 17.599999999999866 0.5560865215236338 0.4752466189627275 -67.04184618284228 
0.2841050410947118 1.5411960864754206 17.614999999999867 0.5607456167316845 0.4831765585744373 -66.49403132051226 
0.2852642525048237 1.4947500727723693 17.629999999999868 0.5617722448514957 0.4831765585744373 -66.61577037707613 
0.2829329706007195 1.4495693075496259 17.65499999999987 0.5647751023467821 0.4899176486863415 -66.05034504330948 
0.28279935923209565 1.4138508145778126 17.68499999999987 0.5660613534303901 0.4899176486863415 -66.20077187255818 
0.28283627236900455 1.320706158576095 17.69999999999987 0.5674059028125321 0.4330564982288153 -75.07095179250923 
0.2765437859894178 1.26356050279186 17.714999999999872 0.5680703276176087 0.43999944305519734 -73.97289417709521 
0.27521265206238954 1.2298969556515629 17.739999999999874 0.5682339943429533 0.43999944305519734 -73.99420650545605 
0.2724757087351295 1.20268859145732 17.754999999999875 0.5688277654624192 0.43999944305519734 -74.07152610137628 
0.27120093743606905 1.1787895088914688 17.779999999999877 0.5692196028073083 0.4480688693006028 -72.78765183548528 
0.27266450988879604 1.1409962193546141 17.794999999999877 0.567803969837387 0.4480688693006028 -72.60663101463989 
0.2711338743589912 1.099012636435553 17.82499999999988 0.5661458667957766 0.4576578016297176 -70.87777951269032 
0.2711338743589912 1.099012636435553 17.82499999999988 0.5661458667957766 0.4576578016297176 -70.87777951269032 
0.26884156654243513 1.0541542378589612 17.85499999999988 0.563374181407602 0.49443346506808916 -65.28474539410074 
0.26421868857564956 1.0221953527028442 17.87999999999988 0.5612470676567003 0.5029490190817358 -63.93707318394501 
0.2631708623973847 0.9780587376687349 17.904999999999884 0.5575619985438031 0.5029490190817358 -63.51727137626176 
0.26130500061016926 0.9748368576225865 17.919999999999884 0.5550306984596682 0.508396824291521 -62.551367362008136 
0.264213476729144 0.9335761677068132 17.934999999999885 0.5515030298811958 0.508396824291521 -62.153802878105125 
0.2601303106586546 0.9203307494189085 17.959999999999887 0.5482574257127291 0.5100424481734797 -61.58867108520006 
0.2570057860051493 0.851039782343452 17.96999999999989 0.5467633158127393 0.5100424481734797 -61.420829777668324 
0.24916132912368205 0.8322186381775184 17.99999999999989 0.5412789196503446 0.5100424481734797 -60.80473840251265 
0.23562216394663704 0.8062163991682341 18.01499999999989 0.5400462544887085 0.5088265477342157 -60.81123569875851 
0.23403936048763208 0.7869640438153755 18.04499999999989 0.5335887573165589 0.5088265477342157 -60.08409727441847 
0.22797662525313409 0.7733619715249377 18.054999999999893 0.5313651669438624 0.5060316933774771 -60.16417913064809 
0.2264325081731654 0.7333444486149128 18.069999999999894 0.5292252068462177 0.3882538942725744 -78.09933451160285 
0.2173280642645295 0.712980680583163 18.104999999999894 0.5229561288456668 0.3882538942725744 -77.17418806447486 
0.20820472496056727 0.7016738736974011 18.119999999999894 0.5197526485963412 0.3882538942725744 -76.70144097617131 
0.19638016406873796 0.7173390738840751 18.134999999999895 0.5159602909298494 0.3884842535467348 -76.09664174732399 
0.1888948351841162 0.685976778192712 18.159999999999897 0.5126491575508085 0.3884842535467348 -75.60829771203323 
0.19315667967844843 0.6646473764749429 18.174999999999898 0.509670533985557 0.39354516285148555 -74.20233634169078 
0.17281356581727192 0.6762047849717283 18.1999999999999 0.5047227827880519 0.39354516285148555 -73.48199903746931 
0.17281356581727192 0.6762047849717283 18.1999999999999 0.5047227827880519 0.4043804340054951 -71.51306751270906 
0.173091799869312 0.6770534002105157 18.2349999999999 0.4970762370154167 0.4787723717771058 -59.48624472944128 
0.16207928946258146 0.6719948324284768 18.259999999999902 0.4947959109206081 0.4787723717771058 -59.21335291519326 
0.15378705661413733 0.6637607424069439 18.274999999999903 0.49105811814992506 0.4787723717771058 -58.76604274635514 
0.1427600907762859 0.6877847595100821 18.299999999999905 0.4865842256455236 0.4935213351797073 -56.49040987656203 
0.1427600907762859 0.6877847595100821 18.299999999999905 0.4865842256455236 0.4935213351797073 -56.49040987656203 
0.13976506017849805 0.6717831939554114 18.334999999999905 0.4805948032180012 0.5038575703253704 -54.65047168494489 
0.13291757079265792 0.6602631441051354 18.359999999999907 0.4770369775856035 0.5080056030653588 -53.802960680761295 
0.12363196330175606 0.6651322867641463 18.374999999999908 0.47437604806894584 0.5080056030653588 -53.50284581988908 
0.11417972505272296 0.6676136067308899 18.39999999999991 0.46852962841115126 0.5080056030653588 -52.843453148562865 
0.10889166958796019 0.644646136914009 18.41499999999991 0.46669089983027656 0.5075250684689799 -52.685907669744665 
0.10900841010692394 0.6140325956296996 18.43499999999991 0.46570257003123866 0.5051927072311472 -52.81705651973538 
0.10092085259723994 0.6014051348622852 18.45499999999991 0.46085544266385436 0.5051927072311472 -52.267325819077406 
0.0900332487346333 0.6067328698079544 18.47999999999991 0.45868559037015355 0.5051927072311472 -52.021234818917826 
0.0763120126311932 0.5931414578416759 18.489999999999913 0.45558083913634834 0.4274228531784226 -61.07034080053017 
0.07344751675102068 0.5787334370632189 18.504999999999914 0.45168014119152405 0.4274228531784226 -60.54745455864622 
0.06907472521692888 0.5819099416882875 18.534999999999915 0.4499911951955191 0.42783862898758107 -60.262432038363805 
0.06068083605636935 0.5764397218180073 18.559999999999917 0.4464118313261753 0.4309919896369841 -59.345682691781036 
0.0509677797142597 0.5657178938141785 18.574999999999918 0.44389557037313726 0.4309919896369841 -59.01117268642321 
0.047335729335018104 0.5753182157637149 18.58499999999992 0.44301978734328296 0.4309919896369841 -58.89474669107676 
0.03906397874500056 0.6096328973782936 18.59999999999992 0.44195929468006917 0.4368451047601036 -57.9665470113316 
0.035786278727037664 0.5938904278385929 18.63499999999992 0.43807819272967463 0.44350198422965204 -56.595082846645944 
0.035194306012986995 0.5693871312169103 18.659999999999922 0.4318329206739493 0.44350198422965204 -55.788259555143455 
0.023942786046068594 0.5719696316569209 18.684999999999924 0.4295114135729922 0.4528933045218039 -54.33772370826848 
0.023942786046068594 0.5719696316569209 18.684999999999924 0.4295114135729922 0.4528933045218039 -54.33772370826848 
0.015092076983660718 0.5826464327596228 18.714999999999925 0.42440520939128545 0.4528933045218039 -53.69173502611571 
0.011273151246679484 0.573325340022057 18.739999999999927 0.41967308745850085 0.45659027395640744 -52.663181977661885 
0.0022564263769130725 0.5690982411419588 18.754999999999928 0.4173506560056599 0.45659027395640744 -52.371748874404574 
-0.0023866656790073543 0.5615147374515805 18.77999999999993 0.41395374997293116 0.4591072340581845 -51.66070370404318 
-0.00865978463479371 0.5662511432254038 18.79499999999993 0.41718056132568015 0.4591072340581845 -52.06340411493235 
-0.012137723901791126 0.5732724117180731 18.824999999999932 0.4218091401164042 0.4615984147632349 -52.35694646202076 
-0.013018738021710004 0.5830186372852073 18.839999999999932 0.42947073826747956 0.4615984147632349 -53.30794027903163 
-0.014186521194294578 0.5425801704254248 18.854999999999933 0.4350180519239263 0.56434745310015 -44.165519398243305 
-0.02501271905918257 0.5475334010959534 18.874999999999936 0.44823341629299046 0.56434745310015 -45.50721873420287 
-0.03089427279929914 0.5438480753739671 18.904999999999937 0.4564410043717577 0.567205453272311 -46.10700231518866 
-0.03490496152012193 0.5449230372338746 18.919999999999938 0.4688979427727379 0.567205453272311 -47.36532942031956 
-0.04245144532274232 0.5430199233944303 18.93499999999994 0.4813816231762856 0.566606437728801 -48.67776556460429 
-0.04657472526922142 0.5323855357791122 18.95999999999994 0.4876705316443694 0.5596876238461833 -49.92331805393372 
-0.05372510153706456 0.5326409654073786 18.97499999999994 0.5014576511045938 0.5596876238461833 -51.334719205320695 
-0.05199136783379837 0.47219206764896127 18.984999999999943 0.5016033094017824 0.5596876238461833 -51.349630390282435 
-0.05553448182535949 0.46656349377753314 19.014999999999944 0.49918651210328546 0.5467377658414013 -52.31261149366286 
-0.06492288286840461 0.47273923649739197 19.029999999999944 0.50897052420012 0.5314352697780771 -54.8737816091991 
-0.06999042957064425 0.44938051488511654 19.059999999999945 0.510414830994562 0.5314352697780771 -55.02949706195433 
-0.07710198256263592 0.4159183150966753 19.074999999999946 0.5152277516605762 0.5314352697780771 -55.54839382507106 
-0.08486024698920511 0.4105716107527758 19.099999999999948 0.5189912625149073 0.3846902084757881 -77.29858543603119 
-0.0933982252408562 0.3936982142109 19.11499999999995 0.5270690568146296 0.3846902084757881 -78.50169253611234 
-0.09799167400925694 0.4029110453631813 19.13999999999995 0.5306261714885119 0.3776640001662642 -80.50182202193541 
-0.11227501080555695 0.38718725708780505 19.149999999999952 0.5451725382107192 0.3791260701777052 -82.38970622956035 
-0.11608942690058281 0.38265431860728355 19.179999999999954 0.544982198620441 0.3791260701777052 -82.3609409821795 
-0.12098242615988655 0.4058922477746846 19.194999999999954 0.556564837562864 0.3791260701777052 -84.11137805107758 
-0.12735235188902136 0.41165210397232366 19.224999999999955 0.5617842436762214 0.3889999942622107 -82.74515844311253 
-0.13197765862609523 0.42507333462065544 19.239999999999956 0.5759780370379382 0.3889999942622107 -84.83576118579278 
-0.1369362419211805 0.4517252377336787 19.254999999999956 0.5938836868377104 0.5085994872663557 -66.90338789045964 
-0.14531922268008185 0.4595279746388555 19.27999999999996 0.6047200351823507 0.5222628649367758 -66.34189050976421 
-0.15644055297970824 0.4477368519179168 19.29499999999996 0.623109823181723 0.5222628649367758 -68.35937501659761 
-0.1639464464980921 0.49057602551323026 19.30499999999996 0.6556318475390412 0.5222628649367758 -71.92726173035346 
-0.15940565800295092 0.4916450080256617 19.33499999999996 0.650530481609062 0.5311987501539296 -70.16705334869724 
-0.1668510983455044 0.4747536147778316 19.359999999999964 0.6551061368111173 0.5322297790458235 -70.5237065834403 
-0.17435969634698523 0.4631088966846976 19.374999999999964 0.6635530362526811 0.5322297790458235 -71.4330350483764 
-0.17085359040500922 0.462112170302543 19.399999999999967 0.657115460134867 0.5261668580995983 -71.55513871494773 
-0.17795196776596495 0.4728523304892704 19.419999999999966 0.6647704147063581 0.5261668580995983 -72.38870810944539 
-0.18161471003541968 0.43031321604924094 19.434999999999967 0.6549173000874545 0.5261668580995983 -71.31577492478829 
-0.18274958353735188 0.43732921460976654 19.44499999999997 0.6528397004668168 0.4420787589856987 -84.61152854562619 
-0.187456696922982 0.42786142601864746 19.47499999999997 0.6428248230845625 0.4420787589856987 -83.31354669356718 
-0.19559807704606816 0.4266755668340322 19.48499999999997 0.6463178460870052 0.43478109796426867 -85.172250997477 
-0.20036325129764726 0.4044997159548779 19.514999999999972 0.6331585397133312 0.43478109796426867 -83.43810772385868 
-0.2074008560960307 0.37577558871059885 19.529999999999973 0.6220206109440004 0.43478109796426867 -81.97034310854313 
-0.2171247556431137 0.3744227270236987 19.564999999999976 0.6141274018642406 0.43260110842964683 -81.33799827255417 
-0.22486869163694062 0.3815450066049871 19.579999999999977 0.6185587497830395 0.43260110842964683 -81.92490738664061 
-0.23290217490310028 0.38165996245992295 19.594999999999978 0.6254545597740788 0.43260110842964683 -82.8382217566498 
-0.23758856835451173 0.3736808733746786 19.60499999999998 0.6262967783901399 0.4372811854559113 -82.0619850977175 
-0.2438473880663733 0.3690236479503879 19.63999999999998 0.6199111740476562 0.4372811854559113 -81.22529650778132 
-0.2562399897711122 0.353478244528058 19.64999999999998 0.6234860131519473 0.47651128799834613 -74.96803966408599 
-0.2595303279989361 0.3508587544954328 19.66499999999998 0.621397799604317 0.47651128799834613 -74.71695259434658 
-0.266365692082448 0.34750775308737286 19.694999999999983 0.6135253842335097 0.4797406834668883 -73.27378384232553 
-0.274651233529209 0.33879350393651175 19.719999999999985 0.6080904924194956 0.4797406834668883 -72.62469075144386 
-0.27876775855649755 0.3334721628910117 19.744999999999987 0.5994026168414439 0.4807657958906122 -71.43444992897538 
-0.2852988486131963 0.3241930139795139 19.759999999999987 0.5925457452978737 0.47989144561649827 -70.74593782430787 
-0.29524445630407237 0.2854883330259045 19.774999999999988 0.5727755688025299 0.47989144561649827 -68.38551301624166 
-0.3027847107780924 0.2828804024318264 19.78499999999999 0.5618410168406416 0.4778397445384622 -67.36802325516113 
-0.30817153869662495 0.25674870987244564 19.79999999999999 0.5408237778666043 0.4778397445384622 -64.84793340496812 
-0.31563313850634944 0.23220440764162817 19.81999999999999 0.5158068336123713 0.4778397445384622 -61.84825550361215 
-0.3265971849574715 0.1977177951179596 19.859999999999992 0.477960070067611 0.47633285234885475 -57.49150967776422 
-0.3249784611237215 0.14361694726693547 19.874999999999993 0.4064424574473105 0.3789327178203845 -61.45533581952344 
-0.3330909521896693 0.13502112443809322 19.899999999999995 0.3705424448350193 0.3789327178203845 -56.02714471746691 
-0.3426286088283398 0.10544196431492094 19.914999999999996 0.3234730844868069 0.3789327178203845 -48.91011426455329 
-0.34922009889364525 0.06355756530678747 19.939999999999998 0.26944091155664407 0.3820301627488095 -40.40996906965169 
-0.36163887411714846 0.021733525701269255 19.965 0.20730916091967394 0.3820301627488095 -31.091628707091548 
-0.37295913390234114 -0.013787806789930628 19.98 0.13677719212435213 0.3899608754764987 -20.09626179241581 
-0.3795030994576811 -0.03425255267180864 20.005000000000003 0.08447692857694855 0.3899608754764987 -12.411941243523401 
-0.38899585079546073 -0.09713132917412574 20.025000000000002 -0.0013047623638199196 0.40331353088731936 0.18535796840220684 
-0.4002835532687846 -0.12518809045427354 20.040000000000003 -0.07773898498544116 0.40331353088731936 11.04380439083527 
-0.4081707595700654 -0.175037264361549 20.050000000000004 -0.17522541952591159 0.41999312259977734 23.904384291099586 
-0.41425949915322247 -0.2483481294045185 20.080000000000005 -0.27601854125135383 0.41999312259977734 37.65465820765459 
-0.4254428376142904 -0.27595309388547495 20.095000000000006 -0.38864090114766464 0.49853552821703623 44.66579034308689 
-0.42685714340948167 -0.3450178333187007 20.120000000000008 -0.49712340838957897 0.49853552821703623 57.13348715536531 
-0.4329815582770447 -0.414964553272404 20.13000000000001 -0.663770730721884 0.5088242771468778 74.74340974438303 
-0.4379314720565402 -0.5406508748828625 20.16000000000001 -0.7 0.5144186495046295 77.9657691216669 
-0.4372888511612227 -0.6507048755069516 20.17500000000001 -0.7 0.5144186495046295 77.9657691216669 
-0.4377458811972895 -0.8860532178787883 20.200000000000014 -0.7 0.5144186495046295 77.9657691216669 
-0.4349728241005873 -0.9994116199315933 20.215000000000014 -0.7 0.5153320267018195 77.82758218200998 
-0.42875542758814844 -1.2923148015005146 20.245000000000015 -0.7 0.5153320267018195 77.82758218200998 
-0.41686034093318386 -1.625806102700792 20.260000000000016 -0.7 0.5136888393235473 78.0765369790255 
-0.413749211501223 -1.9889914154253043 20.275000000000016 -0.7 0.48413998100553834 82.8418375525545 
-0.40130279563737586 -2.311483543245913 20.30000000000002 -0.7 0.48413998100553834 82.8418375525545 
-0.3900708900449107 -2.933460046938425 20.31500000000002 -0.7 0.48413998100553834 82.8418375525545 
-0.37092088324796035 -3.4113725065691423 20.32500000000002 -0.7 0.4843324800784435 82.80891187116296 
-0.3478626532606137 -3.9213639758223797 20.35500000000002 -0.7 0.4843324800784435 82.80891187116296 
-0.31217978665817686 -4.827762018372603 20.380000000000024 -0.7 0.4871970014252336 82.32202895713542 
-0.2632070453545373 -5.843790741758337 20.405000000000026 -0.7 0.4916075333753574 81.5834643211919 
-0.2632070453545373 -5.843790741758337 20.405000000000026 -0.7 0.4916075333753574 81.5834643211919 
-0.19468683461795433 -6.883537016800765 20.440000000000026 -0.7 0.4916075333753574 81.5834643211919 
-0.0902299549864264 -7.82903350710024 20.450000000000028 -0.7 0.4958821643057337 80.880194018089 
-0.031166519869616195 -7.920420536323222 20.48000000000003 -0.7 0.46829978416260143 85.64395503806553 
0.043533891285723804 -7.788117369911518 20.49500000000003 -0.7 0.46829978416260143 85.64395503806553 
0.10153705689918846 -7.224376177116666 20.52000000000003 -0.4239478764022327 0.4680862093172149 51.89305638124568 
0.16318269590323656 -6.348510240091313 20.55500000000003 -0.4736752958279698 0.4680862093172149 57.97990791085518 
0.16318269590323656 -6.348510240091313 20.55500000000003 -0.4736752958279698 0.4680862093172149 57.97990791085518 
0.22183440692196896 -5.322418985397865 20.570000000000032 -0.5027867004310628 0.4663420909034789 61.77344162564727 
0.24932462295033467 -4.523513944340269 20.600000000000033 -0.5150957564867548 0.4663420909034789 63.28575838953781 
0.2682933017854297 -3.813353989098631 20.630000000000035 -0.5376577796353385 0.4643898040158186 66.33548223731118 
0.2868998353843017 -3.195391948762531 20.645000000000035 -0.5459426763690665 0.4643898040158186 67.35766147647503 
0.2885494310986847 -2.796053510006091 20.670000000000037 -0.5562609822576106 0.46236567258101235 68.93116959408005 
0.2885494310986847 -2.796053510006091 20.670000000000037 -0.5562609822576106 0.46236567258101235 68.93116959408005 
0.29282376815059913 -2.4860699677487124 20.685000000000038 -0.5641718993958249 0.46236567258101235 69.91148061407252 
0.2905103274412356 -2.2202032912471896 20.72500000000004 -0.575628806510835 0.4119560394713706 80.05975885569119 
0.2893350700898284 -1.944311390251722 20.74000000000004 -0.581675480301902 0.4119560394713706 80.90074394906443 
0.27811244263590934 -1.8125862363016636 20.75500000000004 -0.5854546601847903 0.4119560394713706 81.4263608512662 
0.2731702291239895 -1.696692218412145 20.780000000000044 -0.5906458714805369 0.414075962874363 81.72779551787032 
0.2701473219818568 -1.5928511543107682 20.795000000000044 -0.5943282744807064 0.418828863825926 81.30409509500795 
0.2664149743887846 -1.518644768886149 20.805000000000046 -0.596212553448403 0.418828863825926 81.56186441703623 
0.26100546726367874 -1.4462009969317713 20.825000000000045 -0.5996492084521227 0.418828863825926 82.03199874721814 
0.25831383746069725 -1.4280926838800558 20.855000000000047 -0.6043432035683748 0.4255795424994823 81.36273359973723 
0.2559563645843728 -1.3576263985929957 20.870000000000047 -0.6069953513253761 0.4255795424994823 81.7197922878236 
0.24655347712800604 -1.331583899388798 20.89500000000005 -0.6094634704642199 0.45154053325247495 77.33455150408582 
0.2447483821297213 -1.2746532960886097 20.92000000000005 -0.6098917334823839 0.4596931218932849 76.01641317698535 
0.2435667071163361 -1.2141979099282285 20.935000000000052 -0.6095167831348456 0.4596931218932849 75.96967966843854 
0.23993018574596103 -1.1814257669211359 20.960000000000054 -0.6090700094954736 0.4658721930441835 74.90711292308009 
0.23054539142927363 -1.1644437019950868 20.985000000000056 -0.6088889944656432 0.4658721930441835 74.88485060008125 
0.22560512925881024 -1.1290914464004194 21.000000000000057 -0.6068730162142052 0.4658721930441835 74.6369134037382 
0.22373216584044772 -1.1104502052934901 21.020000000000056 -0.6065049428280249 0.47042584150384276 73.8696100681477 
0.22031464106762524 -1.0548151774022276 21.050000000000058 -0.6057090104505121 0.4730254533011498 73.36723567339469 
0.20464810102016723 -0.9799437299486604 21.06000000000006 -0.6045124787190457 0.4730254533011498 73.22230432184043 
0.2067284440336162 -1.0094469558028667 21.07500000000006 -0.6028857264580414 0.4730254533011498 73.02526198887834 
0.20728728132927096 -0.98305899066591 21.10500000000006 -0.5989856143724086 0.3917505568502386 87.60510251350975 
0.2042777383162882 -0.9699414228006058 21.115000000000062 -0.5969432024951719 0.3940105868300575 86.80560181685824 
0.20707449702115954 -0.9724061369068309 21.130000000000063 -0.592735103280571 0.3940105868300575 86.19367327273274 
0.20316049701998287 -0.9177245887881342 21.160000000000064 -0.589681491235966 0.39737022700549884 85.0246405207755 
0.18936206756200968 -0.913171268406419 21.170000000000066 -0.5893159333907976 0.39737022700549884 84.97193168585879 
0.19221717806588015 -0.9282541777645006 21.185000000000066 -0.5854198928861267 0.39737022700549884 84.41017173868849 
0.18670827493101677 -0.9225295287726094 21.220000000000066 -0.5751940708860952 0.4029682830617732 81.78358954784022 
0.1765312894079298 -0.8897177901889486 21.235000000000067 -0.5746681920930918 0.4029682830617732 81.7088178185478 
0.17776267573689092 -0.9162923862036265 21.26000000000007 -0.5694953578214706 0.5744394245945206 56.80264803986114 
0.17873141175567625 -0.906587603539101 21.27500000000007 -0.5671643091815117 0.5744394245945206 56.570144414254955 
0.177655594546937 -0.8749570911298965 21.30000000000007 -0.5595992491516786 0.5849360207515143 54.81398658589618 
0.16961831150177545 -0.9087296615951332 21.310000000000073 -0.5565790368041705 0.5849360207515143 54.518150093345795 
0.1626520742686333 -0.8769409860717962 21.340000000000074 -0.5485377601894587 0.5929462052620106 53.00463732376443 
0.16638253020329552 -0.8645283306892629 21.355000000000075 -0.5460030737933093 0.5913976115660878 52.89786620321979 
0.16060459323222517 -0.8396789192444027 21.365000000000077 -0.5439037094222063 0.5913976115660878 52.69447559802981 
0.14893324753379794 -0.7966562910053161 21.395000000000078 -0.5392112363933709 0.5775766549644245 53.48991834386731 
0.12721653001873515 -0.7791695044750225 21.40500000000008 -0.5350953757178412 0.5775766549644245 53.08162371536256 
0.11192356724489631 -0.7575302394681759 21.42500000000008 -0.5355732097465067 0.5775766549644245 53.12902499606694 
0.10228782102537526 -0.6919575067996161 21.45500000000008 -0.5281350648906291 0.4465843166195455 67.75856004114887 
0.08869489841055699 -0.6647779321234578 21.46500000000008 -0.5281721758703759 0.4465843166195455 67.76332129772229 
0.07333575571767861 -0.6527255836921738 21.495000000000083 -0.5207039374026571 0.42670090064162564 69.91815096746967 
0.05701055411121786 -0.6140466291714739 21.520000000000085 -0.5182312578551077 0.42670090064162564 69.5861289306053 
0.039448357908329 -0.6143002221607622 21.535000000000085 -0.515776774336251 0.41334904724416727 71.49365055360161 
0.022261388776233224 -0.6122832396832187 21.560000000000088 -0.5134359396489999 0.41334904724416727 71.16917914375682 
0.02772673570069145 -0.6238302262971156 21.575000000000088 -0.511106036642981 0.41048312537256726 71.34085903463718 
0.019854908023115854 -0.650936001017445 21.60000000000009 -0.5093997137192902 0.41048312537256726 71.1026882159825 
0.008286337611972044 -0.6565521945437799 21.62000000000009 -0.5073243688962468 0.41648620886154764 69.79233540853187 
-0.007548118929297392 -0.6633905452351704 21.63500000000009 -0.505699601087609 0.41648620886154764 69.56881699149203 
-0.016023031195329277 -0.6903153878419211 21.660000000000093 -0.5088949590014964 0.42639873790678345 68.3809091682702 
-0.026875284063375443 -0.6894992857440347 21.670000000000094 -0.5508933815284458 0.42639873790678345 74.02429443909485 
-0.02507209060331023 -0.7108993609281182 21.685000000000095 -0.5608023564037117 0.39590929789586465 81.15901377839222 
-0.027121418417413373 -0.7099173867051607 21.715000000000096 -0.5678288255628766 0.39590929789586465 82.1758805957128 
-0.04371691862654366 -0.7970347067258713 21.725000000000097 -0.6105571558888695 0.40425227851546097 86.53593323557573 
-0.04622233435560695 -0.796655506429764 21.7550000000001 -0.6226306043782539 0.40425227851546097 88.24713606453857 
-0.04727038753910003 -0.7946807519951578 21.7800000000001 -0.6349316298135488 0.41252281785817263 88.18640107366458 
-0.04796101514531607 -0.8335280725185487 21.7950000000001 -0.6506924657855282 0.41252281785817263 90.3754421247292 
-0.05637089696025953 -0.8530466638277474 21.805000000000103 -0.6762115796962775 0.4229705929615921 91.59991313625241 
-0.049858888516885885 -0.8394136792569628 21.825000000000102 -0.6713379238514758 0.4229705929615921 90.93972560701735 
-0.05736594730420926 -0.8713882144757286 21.855000000000103 -0.6836616790290838 0.5091471091868868 76.93440287965186 
-0.05825168000636438 -0.9088543773202149 21.880000000000106 -0.6937332401992 0.5216496976053406 76.19670241124396 
-0.05554972148596853 -0.9339384530777509 21.905000000000108 -0.6967005180868022 0.5216496976053406 76.52261556787484 
-0.057233808718578624 -0.9728020448850108 21.92000000000011 -0.7 0.5311313336001383 75.51248273624198 
-0.07058496886658898 -0.9834851580154553 21.93500000000011 -0.7 0.5311313336001383 75.51248273624198 
-0.07212610245058196 -0.9749798631544223 21.96000000000011 -0.7 0.5332846698677582 75.20757285054378 
-0.08124306031400211 -0.9473730799164646 21.97500000000011 -0.7 0.5332846698677582 75.20757285054378 
-0.06419535676628214 -0.9415329740376295 21.985000000000113 -0.7 0.5274810329426354 76.03504800052089 
-0.07559850781755327 -0.9621784088885389 22.020000000000113 -0.7 0.5274810329426354 76.03504800052089 
-0.08872647470527599 -0.9481478047234319 22.035000000000114 -0.7 0.5274810329426354 76.03504800052089 
-0.09268496500762906 -0.9251551006938955 22.060000000000116 -0.7 0.43652013378707727 91.879028147464 
-0.10243514404699094 -0.896908938800563 22.075000000000117 -0.7 0.43652013378707727 91.879028147464 
-0.11245084598485712 -0.9286010766666276 22.10000000000012 -0.7 0.4276188560366344 93.79157418568471 
-0.1205771929718008 -0.9502477530510072 22.11500000000012 -0.7 0.4276188560366344 93.79157418568471 
-0.11845126106422554 -0.8790533289711708 22.12500000000012 -0.7 0.42291104220759373 94.83565491645483 
-0.12929675525747608 -0.9443751833222186 22.155000000000122 -0.7 0.42291104220759373 94.83565491645483 
-0.14171195140853274 -0.9400844910131031 22.165000000000123 -0.7 0.42291104220759373 94.83565491645483 
-0.14829225232508841 -0.9827889997666801 22.195000000000125 -0.7 0.42417095352202794 94.55396539092533 
-0.155366401547372 -1.021912390394078 22.215000000000124 -0.7 0.4306536479316095 93.13063026817058 
-0.16896093090638573 -1.0942687465283372 22.240000000000126 -0.7 0.4250053309483639 94.36833549749153 
-0.1749355179699323 -1.1165443371637687 22.255000000000127 -0.7 0.4250053309483639 94.36833549749153 
-0.1845863028936962 -1.1012564822056445 22.28000000000013 -0.7 0.43167581952149303 92.91010486437659 
-0.19473888399196065 -1.1628496480411012 22.29000000000013 -0.7 0.43167581952149303 92.91010486437659 
-0.1960549467666402 -1.2054136816797447 22.32000000000013 -0.7 0.43167581952149303 92.91010486437659 
-0.20197955017779692 -1.2250639662789464 22.335000000000132 -0.7 0.43667558592089306 91.84632013392044 
-0.20958322065564844 -1.3154103480764858 22.360000000000134 -0.7 0.4415931513888891 90.82352281282856 
-0.21517297323698933 -1.3713657862052573 22.375000000000135 -0.7 0.4415931513888891 90.82352281282856 
-0.22305591589804818 -1.4171531639339197 22.400000000000137 -0.7 0.4481923809894338 89.48622814742393 
-0.22305591589804818 -1.4171531639339197 22.400000000000137 -0.7 0.4481923809894338 89.48622814742393 
-0.2345913690894565 -1.4990775707794115 22.440000000000136 -0.7 0.4481923809894338 89.48622814742393 
-0.2362308394381463 -1.6294841723929285 22.455000000000137 -0.7 0.45682743669596965 87.79473918912161 
-0.2387627772882843 -1.7469281436796562 22.48000000000014 -0.7 0.46461879520283156 86.32247785337375 
-0.2447730823249807 -1.784931484751106 22.49000000000014 -0.7 0.46461879520283156 86.32247785337375 
-0.24988031638548341 -1.9177664255998492 22.52000000000014 -0.7 0.47265740232543907 84.85436906696891 
-0.2529926783079665 -2.0914394100505 22.535000000000142 -0.7 0.47265740232543907 84.85436906696891 
-0.2537714006457646 -2.1753714536123225 22.560000000000144 -0.7 0.47906723669549084 83.7190327099134 
-0.26516187764002747 -2.319963819558999 22.570000000000146 -0.7 0.47906723669549084 83.7190327099134 
-0.2584478556120974 -2.453903843090708 22.600000000000147 -0.7 0.47906723669549084 83.7190327099134 
-0.2479645920775179 -2.7110094506723286 22.630000000000148 -0.7 0.47906723669549084 83.7190327099134 
-0.23574002151317133 -2.958410839713204 22.64000000000015 -0.7 0.4879989268821457 82.18674970333221 
-0.22783736683168312 -3.088841538906345 22.67000000000015 -0.7 0.4879989268821457 82.18674970333221 
-0.22783736683168312 -3.088841538906345 22.67000000000015 -0.7 0.4879989268821457 82.18674970333221 
-0.21803875324109365 -3.3567692789948427 22.700000000000152 -0.7 0.4206219943849033 95.3517557202594 
-0.20025496604250853 -3.5781822887249017 22.710000000000154 -0.7 0.4206219943849033 95.3517557202594 
-0.18174077520913323 -3.9531499441728197 22.740000000000155 -0.7 0.425796925550905 94.19289631381506 
-0.162306412336249 -4.200462814177001 22.750000000000156 -0.7 0.425796925550905 94.19289631381506 
-0.14001539747940242 -4.407661961927606 22.780000000000157 -0.7 0.43324115153565596 92.57441385010443 
-0.10053918169276277 -4.666864737531239 22.795000000000158 -0.7 0.43324115153565596 92.57441385010443 
-0.06796046245836174 -4.890381947761559 22.82500000000016 -0.7 0.443728581241214 90.38643746356999 
-0.06796046245836174 -4.890381947761559 22.82500000000016 -0.7 0.443728581241214 90.38643746356999 
-0.01702242638151536 82.93288950928022 22.86000000000016 -0.7 0.48266664080092436 83.09471231035367 
0.051654310309404754 58.22655887505016 22.87500000000016 -0.7 0.4938626657857926 81.21092853889387 
0.09524513245018544 23.95777712194031 22.88500000000016 -0.6959192407936736 0.4938626657857926 80.73749676133758 
0.13168641753309507 8.845771532963818 22.915000000000163 -0.7 0.4938626657857926 81.21092853889387 
0.17656438232410893 0.724403787546624 22.940000000000165 -0.7 0.5036541554187333 79.63211506874794 
0.21612473765759477 -3.5621066538289545 22.950000000000166 -0.7 0.5102929049280113 78.59612640472761 
0.24583765842727273 -4.02438763152815 22.965000000000167 -0.7 0.5102929049280113 78.59612640472761 
0.2631780946646825 -3.9109200785414635 22.995000000000168 -0.7 0.5102929049280113 78.59612640472761 
0.29728373448185513 -3.5787380756456764 23.02000000000017 -0.7 0.513418259652708 78.11768456830356 
0.3164473275014313 -3.355668623632019 23.03500000000017 -0.7 0.513418259652708 78.11768456830356 
0.3378401007964749 -3.1027763708027924 23.065000000000172 -0.7 0.5145785805462263 77.94153735778102 
0.35941123145046316 -2.8490963476600424 23.080000000000172 -0.7 0.5145785805462263 77.94153735778102 
0.3725487798113913 -2.633290745464431 23.090000000000174 -0.7 0.40767832757614075 98.37914587614902 
0.39055063102066 -2.5083171111841005 23.105000000000175 -0.7 0.41153835910349135 97.45639688734758 
0.39433818075260607 -2.419651550901597 23.135000000000176 -0.7 0.41153835910349135 97.45639688734758 
0.40863109202147396 -2.2583252078880935 23.160000000000178 -0.7 0.41867728382019864 95.79465428170121 
0.4211851695178916 -2.111275136511956 23.17500000000018 -0.7 0.41867728382019864 95.79465428170121 
0.4351554058145412 -1.9861734636690094 23.18500000000018 -0.7 0.41867728382019864 95.79465428170121 
0.44253829570826414 -1.9173576398875927 23.21500000000018 -0.7 0.4309286541730849 93.0711969853098 
0.44864595829748843 -1.8218286320630142 23.23000000000018 -0.7 0.4309286541730849 93.0711969853098 
0.46054740639978425 -1.7086084422539747 23.260000000000183 -0.7 0.4474421057376865 89.6362795205296 
0.48162309038970225 -1.5838693596953861 23.275000000000183 -0.7 0.4258743140393652 94.17577988854799 
0.48983483337045686 -1.5100337072059975 23.300000000000185 -0.7 0.4258743140393652 94.17577988854799 
0.4967880682401446 -1.4507879509137003 23.315000000000186 -0.7 0.4403432207441727 91.08132876754043 
0.5093364263328023 -1.4007945098410366 23.325000000000188 -0.7 0.4403432207441727 91.08132876754043 
0.509369300761952 -1.3522301370170997 23.35500000000019 -0.7 0.452543191397062 88.62589565283648 
0.5116363858579865 -1.2707666566176354 23.36500000000019 -0.7 0.452543191397062 88.62589565283648 
0.513933981149798 -1.2286067291677032 23.39500000000019 -0.7 0.452543191397062 88.62589565283648 
0.5198207383770348 -1.1819487393095829 23.405000000000193 -0.7 0.4641437715762149 86.41082379055868 
0.5244545589998647 -1.148076325638333 23.445000000000192 -0.7 0.4641437715762149 86.41082379055868 
0.5244545589998647 -1.148076325638333 23.445000000000192 -0.7 0.4641437715762149 86.41082379055868 
0.5264691909650373 -1.0911231565176585 23.46500000000019 -0.7 0.47165613974598114 85.03450348543748 
0.5342485594080782 -1.045032282668586 23.495000000000193 -0.7 0.48349392746081565 82.95253235090128 
0.5352180113543836 -1.0151511009024459 23.520000000000195 -0.7 0.4938031233799486 81.22072089102184 
0.5350621305212034 -0.9861855175572698 23.545000000000197 -0.7 0.4938031233799486 81.22072089102184 
0.53407156754705 -0.9338178579009837 23.5550000000002 -0.7 0.4938031233799486 81.22072089102184 
0.5288261484439949 -0.9345627307114758 23.5700000000002 -0.7 0.501572309892395 79.96263922097694 
0.5261306465447277 -0.912663399164476 23.6000000000002 -0.7 0.501572309892395 79.96263922097694 
0.5261306465447277 -0.912663399164476 23.6000000000002 -0.7 0.5067482916455761 79.1458921921908 
0.5272136167995098 -0.8844839998183469 23.6350000000002 -0.7 0.5067482916455761 79.1458921921908 
0.521256898583922 -0.8533049746348585 23.660000000000203 -0.7 0.3957508438101279 101.3441822966777 
0.5138272063061312 -0.8348426075233251 23.675000000000203 -0.7 0.3957508438101279 101.3441822966777 
0.5075352466493899 -0.8260089298531663 23.700000000000205 -0.7 0.4008109098448236 100.06475540969011 
0.5150985305821563 -0.8056749685244471 23.715000000000206 -0.7 0.40764254924391874 98.38778050413721 
0.5018677262621462 -0.8019980438148897 23.740000000000208 -0.7 0.40764254924391874 98.38778050413721 
0.49446898600388034 -0.7965311622619382 23.75500000000021 -0.7 0.40764254924391874 98.38778050413721 
0.4981307429851561 -0.7819393826918853 23.78000000000021 -0.7 0.4188853510747024 95.74707149881948 
0.4981307429851561 -0.7819393826918853 23.78000000000021 -0.7 0.4188853510747024 95.74707149881948 
0.4975246189855845 -0.7687848243039066 23.810000000000212 -0.7 0.4349024247724275 92.22079108927603 
0.4971803081650358 -0.7600728913124226 23.840000000000213 -0.7 0.45277830446073986 88.57987510449561 
0.5030692606403955 -0.7361016217224251 23.855000000000214 -0.7 0.45277830446073986 88.57987510449561 
0.5009616290407443 -0.7450140311421631 23.880000000000216 -0.7 0.40606460522277915 98.7701098379498 
0.49911580832374497 -0.731517636657673 23.905000000000218 -0.7 0.40606460522277915 98.7701098379498 
0.49911580832374497 -0.731517636657673 23.905000000000218 -0.7 0.40606460522277915 98.7701098379498 
0.4956529159933486 -0.7177141940199296 23.93500000000022 -0.7 0.4186649947953296 95.79746613104 
0.49199894367267827 -0.7044002703242361 23.96000000000022 -0.6998130379376883 0.42978905954228225 93.29305302643112 
0.4847896318396959 -0.7010278522740309 23.985000000000223 -0.6886973923653313 0.42978905954228225 91.81121079773969 
0.4845409146605977 -0.6830986928674678 23.995000000000225 -0.6859209906110142 0.42978905954228225 91.44108480401499 
0.48132418802766375 -0.685347974331161 24.015000000000224 -0.6787734181662788 0.4420415235834907 87.98008791418623 
0.4757118260328746 -0.6902532066446587 24.030000000000225 -0.6721833698323685 0.4420415235834907 87.12591033996347 
0.4747201898313343 -0.6792250960641657 24.060000000000226 -0.6624037561512072 0.4557748247437019 83.27125040839933 
0.47568877812580673 -0.6630892278280912 24.070000000000228 -0.6584699493028782 0.4557748247437019 82.77672873323735 
0.46957607089953196 -0.6615721503511256 24.10000000000023 -0.6478896260403135 0.46091647946629855 80.53810791361262 
0.4593710804716675 -0.658666441464659 24.11000000000023 -0.6450412476876926 0.4729974678017033 78.13602317180198 
0.45688208364503774 -0.6499453685608817 24.14000000000023 -0.6316653281019734 0.4729974678017033 76.51575289228036 
0.45117041212135345 -0.6534588327335427 24.155000000000232 -0.6281807345027665 0.4729974678017033 76.09365231004942 
0.44138138835439034 -0.6509874306444464 24.180000000000234 -0.6188155581257155 0.48184780905552405 73.58240322215595 
0.44132390538531696 -0.6221763648484693 24.195000000000235 -0.6138570312767895 0.48769771454645794 72.11724817964016 
0.42290763961783645 -0.6214170812988851 24.210000000000235 -0.6088695529960014 0.48769771454645794 71.53130847277058 
0.41527930647846045 -0.6198685087247454 24.240000000000236 -0.5999866030053944 0.48769771454645794 70.48772034654597 
0.4074021112857739 -0.6144097838520544 24.255000000000237 -0.5950761238238997 0.45711298779304327 74.58845251526832 
0.3990196488387863 -0.6091640830662435 24.28000000000024 -0.5876408677365581 0.461384253068812 72.9746222736576 
0.38955265644999515 -0.6042980527579724 24.29500000000024 -0.5814418278591207 0.461384253068812 72.20481095121205 
0.38262841293027355 -0.5946003671895665 24.30500000000024 -0.577810681914033 0.4644794684390743 71.27573053445461 
0.37134638212966975 -0.5864052593297379 24.335000000000242 -0.5718019403262719 0.4644794684390743 70.53452331959016 
0.35876464062369395 -0.5780256637322604 24.360000000000245 -0.5658018012939185 0.4671357428479804 69.3975054389939 
0.341575352341767 -0.5828277830488329 24.370000000000246 -0.5632569811050067 0.4671357428479804 69.08537463188547 
0.3331989183279348 -0.5749555057503422 24.400000000000247 -0.5556044214287967 0.4671357428479804 68.14676229354099 
0.3293934013939111 -0.564548000501732 24.415000000000248 -0.5509793041471112 0.46990445580876006 67.18129257223335 
0.318546804052207 -0.55772447210792 24.43000000000025 -0.5468545647757125 0.46990445580876006 66.67836021087525 
0.3070440656316941 -0.5449462624285202 24.46000000000025 -0.5402868249157675 0.4729097465034929 65.45890632002123 
0.3042330618287053 -0.5361799679074906 24.47500000000025 -0.5371903659205525 0.4729097465034929 65.0837522167851 
0.29310098656727246 -0.541586254490788 24.500000000000252 -0.53104499034349 0.3976257667497232 76.52078718882146 
0.28002892876388447 -0.5382918536400917 24.515000000000253 -0.5283480164834564 0.4031153593212496 75.09540571607477 
0.27599678097642033 -0.5372265021861412 24.540000000000255 -0.5209597928472506 0.4031153593212496 74.0452992821097 
0.2645130537731143 -0.5273266439196121 24.555000000000256 -0.5186917599206685 0.4102302083219869 72.4443205516965 
0.25936041881146726 -0.5233994887258476 24.580000000000258 -0.5150273905810085 0.4102302083219869 71.93252767667042 
0.25145387067359026 -0.5207328951945951 24.60500000000026 -0.5065284601887446 0.4201958276952148 69.0676609790762 
0.24258969248745454 -0.5065870170526295 24.62500000000026 -0.5020556103322861 0.4201958276952148 68.45776577717368 
0.24258969248745454 -0.5065870170526295 24.62500000000026 -0.5020556103322861 0.4201958276952148 68.45776577717368 
0.23733873071446118 -0.5112859271328508 24.65500000000026 -0.49539846584218566 0.4698851628480507 60.40676215007852 
0.23328470867500486 -0.5097485951655861 24.680000000000263 -0.4871947451425436 0.48315112110634284 57.77530358141407 
0.22707872223671458 -0.5072721520746638 24.695000000000263 -0.48333162764679305 0.48315112110634284 57.31718536829098 
0.2208353295235628 -0.4982854788551258 24.705000000000265 -0.48173356727321265 0.48315112110634284 57.12767506641361 
0.2208189949312868 -0.4953498317465304 24.735000000000266 -0.4735548182352544 0.493442561597037 54.986526425992515 
0.2086588144713181 -0.5078766660400093 24.745000000000267 -0.4729544431263113 0.493442561597037 54.91681423952077 
0.2060074370850634 -0.4939801972451502 24.77500000000027 -0.46509838306853113 0.4986287223001367 53.44291898240366 
0.2162767902647415 -0.4824691916063887 24.78500000000027 -0.4611001142786242 0.4986287223001367 52.98349112200324 
0.21012781324881516 -0.4766635416324912 24.80000000000027 -0.4538428655616809 0.4984866154850866 52.164451263156295 
0.20324480879306045 -0.4629022025144817 24.845000000000272 -0.44486622880161847 0.49520485572104755 51.47154165344468 
0.1806563925837612 -0.4441987874553078 24.860000000000273 -0.4422548631158285 0.49520485572104755 51.169403597178665 
0.18114873103905144 -0.4361955470280586 24.885000000000275 -0.4360915037011029 0.3783871547521781 66.03343250367853 
0.17103690516055134 -0.4235538376416501 24.900000000000276 -0.4307420688925517 0.3783871547521781 65.22341547889053 
0.1665026781036586 -0.42963556580451145 24.915000000000276 -0.42908376955518557 0.3777776571220859 65.07713886618535 
0.1640371159120619 -0.419978623737083 24.925000000000278 -0.4280708354270115 0.3777776571220859 64.92351185999536 
0.15362298381282916 -0.4100066453747494 24.95500000000028 -0.4204381272147233 0.38085147116403034 63.25124637739135 
0.15135959542934052 -0.40642936987195566 24.96500000000028 -0.42023096338111904 0.38085147116403034 63.22008038688856 
0.1457684799375783 -0.4131479589586284 24.99500000000028 -0.4092694963569332 0.38085147116403034 61.57102335203421 
0.12597997287114224 -0.4033339157405524 25.010000000000282 -0.4076141583449105 0.38902776529861016 60.03317250380343 
0.12749366164712023 -0.4146060958829358 25.030000000000282 -0.4035915570335799 0.38902776529861016 59.44072615842208 
0.12281794924765502 -0.40909161026081264 25.060000000000283 -0.39514167275516743 0.40129054309914164 56.41785122510909 
0.116437133110473 -0.4137512261301581 25.075000000000284 -0.39227307900819325 0.40129054309914164 56.008276871400405 
0.11350083244829029 -0.4133181034788973 25.085000000000285 -0.3885760431814675 0.4322868478252479 51.502300859246716 
0.10926064014856421 -0.4060119916013825 25.125000000000288 -0.3825757739894011 0.4322868478252479 50.707018508239926 
0.09080092245689474 -0.4131475794175808 25.14000000000029 -0.37820160711473916 0.4441649050085177 48.78673584605684 
0.08904452112410317 -0.4113228988134213 25.15000000000029 -0.37748474882255756 0.4441649050085177 48.69426353636327 
0.08432552111652376 -0.4027418757157671 25.18000000000029 -0.37037178541588556 0.4524154560366829 46.905427018246236 
0.07888129986361614 -0.38822910103809405 25.19500000000029 -0.3662571611885894 0.4524154560366829 46.38433385186416 
0.07475616075922285 -0.39062261538359433 25.210000000000292 -0.3608210580976897 0.4572222813103747 45.21547753358187 
0.07363343290088965 -0.3856452824415337 25.240000000000293 -0.35468600180741006 0.46003844155835916 44.1745930776876 
0.06374917839638523 -0.3827877958124791 25.255000000000294 -0.3523379095977689 0.46003844155835916 43.88214844400818 
0.0642911160144711 -0.3783284464923375 25.280000000000296 -0.34676235961702523 0.44999596294312544 44.151550983057014 
0.0517211183348552 -0.379618922928363 25.290000000000298 -0.3439540190488366 0.44999596294312544 43.793978748541406 
0.04539305111160981 -0.37020814097795235 25.3200000000003 -0.33887548166331527 0.45240809086651634 42.917302479233605 
0.0390920856306818 -0.35182204882428775 25.3350000000003 -0.3363240395648104 0.45240809086651634 42.59417195423275 
0.03572148809656256 -0.3515587310433181 25.3600000000003 -0.330024055521691 0.45240809086651634 41.79630272077333 
0.025639692150871373 -0.35421999267128124 25.375000000000302 -0.3272272757991892 0.4548845924894803 41.21648029943003 
0.021471467505357944 -0.34536223869781746 25.400000000000304 -0.3236050794695767 0.45712814759304315 40.560191666667166 
0.017952344555793205 -0.3361895681228453 25.420000000000304 -0.32000181454331417 0.45712814759304315 40.108563662945656 
0.0028433389470795215 -0.32895781978934374 25.435000000000304 -0.31844989106094657 0.45712814759304315 39.914047822835826 
0.0063796969301312505 -0.3278263805042708 25.460000000000306 -0.31460260390105177 0.4872401889809051 36.99489868653394 
0.0002890034437142159 -0.32186208671862715 25.48500000000031 -0.30918765962265105 0.4872401889809051 36.35814198939081 
0.0002890034437142159 -0.32186208671862715 25.48500000000031 -0.30918765962265105 0.4882726504744384 36.28126202991738 
-0.007371879899195276 -0.3161626416505852 25.51500000000031 -0.30234032073721523 0.4882726504744384 35.47776910716186 
-0.010816153910354703 -0.3027293544555486 25.540000000000312 -0.3048333400041643 0.488017437468168 35.789015916576325 
-0.01828880920993237 -0.28843997904310453 25.555000000000312 -0.3147801142629777 0.488017437468168 36.95681882902153 
-0.025575453944933338 -0.2814426701810476 25.580000000000314 -0.3213462463907708 0.4863310089021304 37.858543550669275 
-0.023930122806295865 -0.28152990431627234 25.595000000000315 -0.3213389822371001 0.4863310089021304 37.85768774394619 
-0.035707001357059946 -0.26715607995569524 25.605000000000317 -0.32893665586587445 0.48350690912689803 38.979137117801564 
-0.034811511171530946 -0.2645294068770608 25.625000000000316 -0.3286264298163345 0.48350690912689803 38.94237519569015 
-0.04106789354402011 -0.26213263172839807 25.655000000000317 -0.32961213464114314 0.43119943194338467 43.7973308687358 
-0.04141677499963279 -0.2543536112796799 25.66500000000032 -0.3316779520264888 0.43119943194338467 44.07182709636672 
-0.045795043125003515 -0.24540954324882253 25.69500000000032 -0.33040987136227556 0.42838655284242094 44.19160922047548 
-0.050499193526530525 -0.23553547869086605 25.70500000000032 -0.3318846628733651 0.42650611486101436 44.58456703243891 
-0.05271784474572443 -0.2327999171096758 25.735000000000323 -0.3286042645793994 0.42650611486101436 44.14388641657624 
-0.06028709477983964 -0.2297760377363782 25.760000000000325 -0.32832053538855444 0.42745784025354455 44.0075704169606 
-0.0612619349357778 -0.22631232444270502 25.775000000000325 -0.32973705023478583 0.42745784025354455 44.19743784870203 
-0.058751570491175985 -0.2238013200403473 25.800000000000328 -0.32517293161184035 0.43146812239213744 43.180563351843375 
-0.06702279134421893 -0.22364971824342922 25.820000000000327 -0.3240489946072751 0.43146812239213744 43.03131281986169 
-0.07428212128831475 -0.21715034492760601 25.84500000000033 -0.3242659582979322 0.4085245647877451 45.47846678421822 
-0.08147992142025272 -0.2105741121605604 25.86000000000033 -0.3261819174869915 0.4085245647877451 45.74718104209752 
-0.08976744918735806 -0.21030829389494363 25.87500000000033 -0.32825576197939 0.4142875382550015 45.39762369268635 
-0.08352385636491745 -0.20876745779779193 25.900000000000333 -0.3218313022342024 0.4142875382550015 44.50912381021011 
-0.089568914868796 -0.2123587782182791 25.915000000000333 -0.3252000665697885 0.4142875382550015 44.97502239701354 
-0.09346205510204905 -0.20686673150486623 25.940000000000335 -0.32176600413597767 0.4194887066613378 43.948344103251756 
-0.09385528468186194 -0.21304143486478827 25.955000000000336 -0.3237099240250655 0.42496643740069034 43.64394644099641 
-0.09494792297997427 -0.20930481753161698 25.97500000000034 -0.3190780326513798 0.42496643740069034 43.019455178819356 
-0.10150119240973164 -0.20168414134111748 25.99500000000034 -0.31297536873012166 0.42496643740069034 42.19666811682564 
-0.1161433254748172 -0.1957864208960321 26.00500000000034 -0.32017249168998024 0.4312328792417009 42.539735194313415 
-0.1176996080478516 -0.20308703872125133 26.02500000000034 -0.32160486010215006 0.4312328792417009 42.730046899834335 
-0.11441369185441838 -0.20166577436905558 26.05500000000034 -0.3148134377697368 0.4384795611014004 41.13642440460082 
-0.1159535752132049 -0.2045592340872608 26.080000000000343 -0.3126797548823197 0.4595989636439618 38.98013640392025 
-0.13022319732723792 -0.19790420207654458 26.095000000000343 -0.31527519464531945 0.4595989636439618 39.30369619444128 
-0.1310457369795346 -0.1864449786072785 26.120000000000346 -0.31055396056951523 0.46562511026463943 38.21407149110248 
-0.1319657906905227 -0.19594453396043174 26.135000000000346 -0.3107385982412874 0.46562511026463943 38.236791398380795 
-0.1311996360070625 -0.18513176697333156 26.145000000000348 -0.30747333316470005 0.46562511026463943 37.834996255130065 
-0.1358860096242022 -0.18704731950202888 26.18500000000035 -0.30062311154229426 0.469268440047165 36.704866651021455 
-0.14025071155700747 -0.17255109636590743 26.20000000000035 -0.2969224469363012 0.4706588520264228 36.145932407093284 
-0.14025071155700747 -0.17255109636590743 26.20000000000035 -0.2969224469363012 0.4706588520264228 36.145932407093284 
-0.1388346814374575 -0.17015735666478787 26.23500000000035 -0.2889430556336964 0.4706588520264228 35.174559101876056 
-0.14589005153878576 -0.1643037041452082 26.260000000000353 -0.2835269211445281 0.4305581869650224 37.72985034712546 
-0.14599826719954975 -0.15566733392565682 26.275000000000354 -0.2766518902715678 0.4305683237975206 36.81410087735876 
-0.14989278559706587 -0.14851157342991197 26.285000000000355 -0.2700108844863322 0.4305683237975206 35.93038142521694 
-0.15468918075280425 -0.1459641176080467 26.325000000000358 -0.2646551587478144 0.4308484285657187 35.194798488864905 
-0.15468918075280425 -0.1459641176080467 26.325000000000358 -0.25970604001526265 0.4308484285657187 34.53664681211787 
-0.15912378859901322 -0.1298763586984958 26.35500000000036 -0.2513964271192306 0.4308484285657187 33.43160448919456 
-0.16625341322568793 -0.13873105177211992 26.36500000000036 -0.25137921389810264 0.4321791304630084 33.32638482160685 
-0.16754257107735643 -0.1287650947566359 26.395000000000362 -0.2412688376912681 0.43522764164978056 31.76196731286705 
-0.16583149524517915 -0.11213894153283105 26.405000000000364 -0.2363044432911352 0.43522764164978056 31.10842691297931 
-0.16781557593200933 -0.11706571381162695 26.435000000000365 -0.2277900839189349 0.43997564968791386 29.663938067353314 
-0.1701115056394715 -0.10956747781757359 26.450000000000365 -0.22295947826146764 0.43997564968791386 29.034872988726313 
-0.17903544178652941 -0.10610841098026437 26.465000000000366 -0.2210531419395254 0.43997564968791386 28.78662055553539 
-0.18361290337914574 -0.10234138152171217 26.495000000000367 -0.21530641976290738 0.4172108398414817 29.568141516106778 
-0.18694479660611746 -0.10006354443716531 26.52000000000037 -0.20753098367612643 0.4225644119571137 28.139259119736796 
-0.19389838841957077 -0.08272868542938525 26.53500000000037 -0.20275876458307363 0.4225644119571137 27.492190873555604 
-0.19433319337876237 -0.08661452939771516 26.56000000000037 -0.1987820979944393 0.4282188589685048 26.597089360501517 
-0.20338070629198904 -0.07283012105427801 26.570000000000373 -0.1922189806805868 0.4282188589685048 25.71894278975311 
-0.2026971967473129 -0.08391429339972752 26.585000000000374 -0.19005584054068436 0.4282188589685048 25.429514153166924 
-0.20478670888683334 -0.08200204322136195 26.600000000000374 -0.1878393610619176 0.4346870778287899 24.758966079780446 
-0.20739217741336155 -0.07636002651558 26.645000000000376 -0.18137413150427567 0.4417492689696888 23.524594103536224 
-0.21962535281108347 -0.07388605754099521 26.655000000000378 -0.1789285682292088 0.4417492689696888 23.20739956800177 
-0.22465454778755745 -0.0705418104697096 26.67000000000038 -0.17509182111549132 0.455486840331249 22.024834723834257 
-0.21901360446141543 -0.06661967886201872 26.70000000000038 -0.16587943821328976 0.455486840331249 20.8660072609579 
-0.21210559914887286 -0.06346862482184387 26.71000000000038 -0.1579186784856708 0.455486840331249 19.864621724158255 
-0.21842028918346024 -0.055540445824829913 26.740000000000382 -0.1503437377630245 0.4610677922140036 18.682852707362223 
-0.22889048832303063 -0.05748005784244411 26.750000000000384 -0.14783775548757522 0.46486083797831884 18.2215380391328 
-0.22133834508170588 -0.05030432478978565 26.765000000000384 -0.13976845619459283 0.46486083797831884 17.22696771755765 
-0.22459040361625995 -0.0413698568325955 26.825000000000383 -0.12620272675944222 0.4664889084005665 15.500654948369604 
-0.22459040361625995 -0.0413698568325955 26.825000000000383 -0.12620272675944222 0.4664889084005665 15.500654948369604 
-0.21967886419068688 -0.024456281062891314 26.840000000000384 -0.11118547093584338 0.46657422523268927 13.653686558920478 
-0.22915824377875216 -0.01858199596289096 26.855000000000384 -0.09701020659902909 0.46657422523268927 11.912949981419397 
-0.22303587957339305 -0.02583214081406024 26.885000000000385 -0.09578187860489148 0.46657422523268927 11.762110080465252 
-0.22153763955796976 -0.009375669188180488 26.900000000000386 -0.08417837442297604 0.47611227038023773 10.130101408343618 
-0.22307344130027254 -0.0013636106108133351 26.915000000000386 -0.07598566046382803 0.47611227038023773 9.144182830269138 
-0.22140717344119387 0.009946689901176387 26.94000000000039 -0.06427314093587685 0.47598604252066423 7.736738859344583 
-0.2249545383164767 0.011968294120811872 26.95500000000039 -0.053060392566227535 0.4758650061479477 6.388653324104649 
-0.21995308965563548 0.015521521613522955 26.98000000000039 -0.04367641330343552 0.4758650061479477 5.258790022853395 
-0.22288793594458567 0.033247989438998225 26.990000000000393 -0.031008020621686744 0.4758650061479477 3.733472076584919 
-0.22370973201297434 0.03939550106481679 27.005000000000393 -0.02213497933617006 0.4751210509156133 2.6693005774587046 
-0.21712760060660383 0.03801232790059637 27.040000000000393 -0.016198197709618105 0.47360217369053964 1.9596370456821932 
-0.2264889843795138 0.07852414726032605 27.050000000000395 0.006364873303350331 0.47360217369053964 -0.7700141546557878 
-0.21618388801125038 0.06443987279612545 27.080000000000396 0.010912839495829954 0.46272694082199606 -1.351249712203935 
-0.21707905605961567 0.06259931343313442 27.095000000000397 0.014387013874676668 0.46272694082199606 -1.7814289640253125 
-0.21097324755876465 0.08158240491652421 27.1200000000004 0.021766306941522623 0.4610727530431267 -2.7048172226713723 
-0.2081865247627403 0.08550708757027585 27.1350000000004 0.03374635712504272 0.4610727530431267 -4.193533069227643 
-0.20360380338462936 0.08474260946066355 27.1600000000004 0.03750432761898783 0.4606241252154262 -4.665061095180271 
-0.19330794648351468 0.10787115211150053 27.175000000000402 0.04790434896677778 0.4606241252154262 -5.958691405567597 
-0.20669391974022389 0.1096722418015906 27.200000000000404 0.05426163238585562 0.4606241252154262 -6.749456563409269 
-0.20579053545338366 0.11304382850459992 27.230000000000405 0.062157249928749776 0.4615360479635662 -7.716294540309305 
-0.20579053545338366 0.11304382850459992 27.230000000000405 0.062157249928749776 0.4615360479635662 -7.716294540309305 
-0.20216159006596732 0.12326653038147972 27.245000000000406 0.07013217722997955 0.4615360479635662 -8.706314016144901 
-0.19871874081221907 0.12011986730718353 27.275000000000407 0.07196254428233674 0.4635602515096236 -8.894528935502555 
-0.19453714983089673 0.13501241846086942 27.30000000000041 0.08105265079426047 0.381296018963163 -12.179447405422449 
-0.19535054845195177 0.13385151208661214 27.31500000000041 0.08323156099500581 0.38443220034798814 -12.404832797520033 
-0.20105242650166277 0.1347757314261682 27.340000000000412 0.08650252359376571 0.38443220034798814 -12.892337100448978 
-0.20452213768612956 0.1460512241452184 27.365000000000414 0.09650056454707188 0.3901859953246857 -14.170357561337093 
-0.20744078546849615 0.1392028912772922 27.380000000000415 0.0983068933192999 0.3901859953246857 -14.43560289638709 
-0.20793547290799305 0.14188140482077835 27.405000000000417 0.09975059286818934 0.3901859953246857 -14.647598949621841 
-0.20793547290799305 0.14188140482077835 27.405000000000417 0.09975059286818934 0.4004087739620178 -14.27363321418417 
-0.21219198743054132 0.13936757289329368 27.440000000000417 0.10001500938794758 0.41390100647178063 -13.844948034165746 
-0.21448156158772763 0.13655000218883626 27.46500000000042 0.10188244480657242 0.41390100647178063 -14.10345469717804 
-0.21448156158772763 0.13655000218883626 27.46500000000042 0.10188244480657242 0.41390100647178063 -14.10345469717804 
-0.22225340799930526 0.14348832281760254 27.49500000000042 0.1065835734330863 0.5257002091693349 -11.61648562550116 
-0.22489709914029596 0.13783253192734665 27.520000000000422 0.11006173138171768 0.5371393936772809 -11.740104651240205 
-0.21891821699841324 0.14443951117422787 27.535000000000423 0.11109454169223243 0.5371393936772809 -11.85027283574995 
-0.22349930621433695 0.14309277514866586 27.560000000000425 0.10967817782571927 0.5371393936772809 -11.699191621522735 
-0.221490566744002 0.15384705763704962 27.575000000000426 0.11497127462383547 0.5420241175884591 -12.153276187217344 
-0.21597989745359839 0.14860135145794817 27.600000000000428 0.11394284178099653 0.5420241175884591 -12.044563568174713 
-0.20361113736277534 0.146851154402572 27.620000000000427 0.10815945410123046 0.5388966069474024 -11.499571818688956 
-0.20124099443039722 0.1371473613136338 27.635000000000428 0.10099385665430724 0.5388966069474024 -10.737721611978545 
-0.19470686276912763 0.14615269083905064 27.66000000000043 0.09834215419872572 0.4007400124561214 -14.060463663904 
-0.1884369863441102 0.13015908662544476 27.685000000000432 0.09187763311141635 0.39201684977305296 -13.428505973616039 
-0.17758411633914148 0.13715548212813436 27.700000000000433 0.08327310038732058 0.39201684977305296 -12.170898271145333 
-0.17739229037672716 0.12688252899148464 27.715000000000433 0.0773878464425629 0.39201684977305296 -11.31073062122787 
-0.17904229269995753 0.13252662202427082 27.740000000000435 0.07534137874679389 0.3872146517527623 -11.14819133353503 
-0.17804515810888216 0.13846790801254424 27.765000000000438 0.0775596446808351 0.3872146517527623 -11.476426009787307 
-0.18149579657191303 0.13330267272388166 27.780000000000438 0.07444017779687993 0.38985629057911153 -10.940205704079007 
-0.17669626553451445 0.1247239649009792 27.79500000000044 0.0703373381796026 0.38985629057911153 -10.337226093977375 
-0.1826744902741114 0.13120152429796322 27.80500000000044 0.07217704012336346 0.3994798892739289 -10.352059985626461 
-0.1892369911412544 0.12905978316450395 27.82500000000044 0.07312091946225358 0.3994798892739289 -10.487436769139382 
-0.18808786265245442 0.13093876229226561 27.85500000000044 0.07045347496837227 0.4122553434781666 -9.791714847553235 
-0.19096767553043897 0.11410245970682219 27.880000000000443 0.06675776630539937 0.4443850390347009 -8.60726154806791 
-0.19565717953223455 0.12430068434741881 27.895000000000444 0.0698792366219658 0.4443850390347009 -9.009721260490082 
-0.20225244654147612 0.12340271677840059 27.920000000000446 0.07064987638577502 0.4539254598912293 -8.917630971824899 
-0.20324085074822054 0.11511298205602707 27.945000000000448 0.0693507401112824 0.4539254598912293 -8.753650247856227 
-0.1938721543759538 0.09983693553920697 27.96000000000045 0.058830112049413054 0.4611795506139057 -7.308904144223481 
-0.20180675540446769 0.1266064461021474 27.97000000000045 0.06606305709166663 0.4611795506139057 -8.207506920126153 
-0.19903052112557656 0.11979502569414455 28.00000000000045 0.06241323335123146 0.46690710901026644 -7.658942834198919 
-0.20735131278811852 0.12644172026044576 28.02000000000045 0.07202303422344683 0.46690710901026644 -8.838194598230148 
-0.18727855957543352 0.11608453617317159 28.03500000000045 0.062442744852226145 0.41646163546475623 -8.59072105706019 
-0.19158411666440658 0.13112944412073088 28.045000000000453 0.06770232407711188 0.41646163546475623 -9.314321182349866 
-0.19634454311133928 0.10415306849447406 28.075000000000454 0.05782126407680795 0.41646163546475623 -7.954908965421034 
-0.19767940191732586 0.09709449471927543 28.100000000000456 0.05392956404394927 0.4200986366218634 -7.35526407689836 
-0.19433355752254536 0.10766437646881862 28.115000000000457 0.05252945716657012 0.4200986366218634 -7.164308410900155 
-0.1955440922543311 0.10984111398017998 28.12500000000046 0.05306269676561682 0.42413348189410927 -7.168188091812503 
-0.19736981857654165 0.09622081247179856 28.15500000000046 0.04723267340526312 0.43048553579076526 -6.286466364706688 
-0.19225799124055773 0.07904270444210104 28.16500000000046 0.03593463193404769 0.43048553579076526 -4.782745474583564 
-0.19883862484922085 0.0969775130922964 28.195000000000462 0.040721746846301664 0.43939779691660386 -5.309958868856335 
-0.19563683724482994 0.06340871630031789 28.205000000000464 0.027772356401884912 0.43939779691660386 -3.62140825495115 
-0.19712155868872946 0.08028441359584088 28.225000000000463 0.03038656760588382 0.43939779691660386 -3.962291322176404 
-0.2051552084366213 0.09294204221880215 28.255000000000464 0.035188622095426496 0.44950788389387775 -4.4852595587060256 
-0.20620970956933965 0.1085133476207791 28.280000000000467 0.04325633218130564 0.4623700849542813 -5.3602197716787785 
-0.20373165950232652 0.11799729481787251 28.290000000000468 0.05483508691309708 0.4623700849542813 -6.795030975380201 
-0.208198006981997 0.07934559950336156 28.32000000000047 0.04200035718133134 0.4623700849542813 -5.204582395874965 
-0.20424013898298948 0.0672916630052588 28.33500000000047 0.028401876991291625 0.4698287776865442 -3.463618575821727 
-0.2078924238510905 0.08585300335379774 28.34500000000047 0.030595746158762552 0.4752717206514448 -3.688431374683697 
-0.2042647940856044 0.09564977274259773 28.375000000000473 0.030741439173824298 0.4752717206514448 -3.7059952113372474 
-0.20149177787076736 0.06634940674643999 28.400000000000475 0.020840455745576976 0.4752717206514448 -2.5123947112065528 
-0.20409818331769264 0.0715813841134301 28.420000000000474 0.02167845209697418 0.4790838676720816 -2.592622910824704 
-0.20389652802743066 0.06866029723324565 28.435000000000475 0.01713998524346544 0.48197771118399996 -2.037539895682382 
-0.20049276498985186 0.06484227493220988 28.460000000000477 0.013750852697074142 0.48197771118399996 -1.6346519890162672 
-0.2001396163284636 0.06576338403601237 28.48500000000048 0.013571074702029298 0.40274787621824953 -1.9306502896657773 
-0.1900824448498886 0.03235395815478992 28.50000000000048 -0.002985216262617753 0.40274787621824953 0.4246832891779856 
-0.1963116027232237 0.07001507302132161 28.51500000000048 0.005289384420004095 0.40274787621824953 -0.7524792094105525 
-0.19456722708834043 0.057086864776279854 28.540000000000482 0.0029045521812259834 0.40601147081646083 -0.40988640302479656 
-0.1977783673066938 0.04805575014339963 28.550000000000484 -0.003438339686720207 0.40601147081646083 0.4852137605502709 
-0.19582412010240055 0.03811443696545289 28.565000000000484 -0.009212156451718162 0.41207994031029926 1.2808623601047213 
-0.20069808698604874 0.04382855384489724 28.595000000000486 -0.006914373707939632 0.422058566228975 0.9386480056093347 
-0.20288479502290838 0.023329477019376238 28.605000000000487 -0.016342003788880274 0.422058566228975 2.2184784786044696 
-0.20479190456087984 0.043299875558050926 28.640000000000487 -0.012609025013478159 0.43394791054911425 1.6648171346948293 
-0.20765066643593072 0.05386038032850128 28.65000000000049 -0.004176514452358608 0.43394791054911425 0.5514409572631344 
-0.21134650535397495 0.04025882231347208 28.68000000000049 -0.00514104525473541 0.5025134612875152 0.5861737407539106 
-0.21332516513053432 0.019672583909352646 28.69500000000049 -0.018809781329430376 0.5025134612875152 2.1446611220703455 
-0.21491479180134 0.019872100749125668 28.720000000000493 -0.020228799167960707 0.5124977610504322 2.261521717804824 
-0.2171003172819327 0.020105794689290222 28.730000000000494 -0.025939301344751305 0.5124977610504322 2.899939479786372 
-0.20855573453873277 0.029745415407643576 28.755000000000496 -0.025394346129801747 0.5188573660359256 2.8042174053500344 
-0.20970502995298956 0.03290085037643646 28.770000000000497 -0.02117920483818519 0.5188573660359256 2.3387526709740185 
-0.2085613463335378 0.008521976811399438 28.800000000000498 -0.030840665372290924 0.5211356333688774 3.3907486843386954 
-0.2075948432869535 0.01784842449816528 28.8300000000005 -0.032009724571858814 0.5211356333688774 3.519279826420032 
-0.200779413744655 0.004799311779700459 28.8450000000005 -0.0379167232511915 0.5211356333688774 4.1687193815838794 
-0.20435486114688256 0.028205025443335655 28.8600000000005 -0.03226877985285054 0.5208026193127016 3.550029948092518 
-0.19489643972496795 0.03916770323231558 28.8750000000005 -0.025055732474457044 0.5208026193127016 2.7564909817270107 
-0.19098352646487204 0.03352722053649657 28.900000000000503 -0.023172319668609713 0.3792460928797402 3.5008300506350425 
-0.19012597215104007 0.014783251126182867 28.925000000000505 -0.029767891048815352 0.3792460928797402 4.497276449577618 
-0.19500809885904755 0.05232695583366465 28.940000000000506 -0.018608128927400568 0.3792460928797402 2.8112807809820626 
-0.19118296510819893 0.03550569092964699 28.965000000000508 -0.022465388445167208 0.3792460928797402 3.3940282238799826 
-0.19138148786443968 0.05138423756564106 28.98000000000051 -0.013332561191762925 0.3819340686805503 2.0000820796818006 
-0.19855310011323485 0.03636339746745318 28.99500000000051 -0.014779317369422541 0.39109491416419523 2.1651841501492624 
-0.19791748651460372 0.027535920363241394 29.00500000000051 -0.016430748582429745 0.39109491416419523 2.4071204045843126 
-0.19821561944913318 0.030047086145383328 29.04000000000051 -0.01679991939435273 0.40419139435663476 2.381457128716301 
-0.19911640420337542 0.014345382743346898 29.05500000000051 -0.021967502714458787 0.40419139435663476 3.113983151432743 
-0.19969551817477182 0.0037701511513865034 29.080000000000513 -0.02926115432024911 0.5345587453457022 3.1363075823351103 
-0.20524079547854476 0.005280452891123025 29.095000000000514 -0.030318496337110274 0.5345587453457022 3.2496370070156786 
-0.21488105461042942 0.05808379437535933 29.120000000000516 -0.0008067879658980384 0.5446092999208731 0.08487836218481459 
-0.20137115502574027 0.09678515044913893 29.130000000000518 0.028019271560124875 0.5446092999208731 -2.9477755992403014 
-0.2068022660884598 0.06456080726885469 29.16000000000052 0.020120291097211244 0.5490008867501427 -2.0998285982177407 
-0.20404555811273914 0.06613236527759953 29.17500000000052 0.023396998402810856 0.5490008867501427 -2.441797989964798 
-0.20033177676691638 0.060743389070432134 29.20000000000052 0.018854936409422186 0.5490008867501427 -1.9677714650743428 
-0.19021930653513683 0.049432097203723616 29.230000000000523 0.01008963817002409 0.5474507414934446 -1.0559738806443868 
-0.18168716679760258 0.13557742806139952 29.240000000000524 0.0342419424337859 0.5427305755434257 -3.6149037334434726 
-0.19527007013151984 0.07182465944667153 29.255000000000525 0.02761937962924097 0.5427305755434257 -2.9157632844632113 
-0.18671955837290216 0.09945790822972918 29.285000000000526 0.036554385306266764 0.37810144010197594 -5.539285965637271 
-0.18191038104775523 0.08924773955888743 29.295000000000528 0.03769017620907847 0.3745750790014738 -5.7651673775021335 
-0.1711438146989906 0.1344506273556999 29.310000000000528 0.05245849911432688 0.3745750790014738 -8.02416062182789 
-0.17607130993287703 0.13809776260830914 29.34000000000053 0.06297967325197952 0.3745750790014738 -9.633501198399772 
-0.17110938684043495 0.11332073749225775 29.35500000000053 0.05924955905002919 0.3773548409189569 -8.996173636757192 
-0.17253688341569837 0.14442888617261046 29.380000000000532 0.06557897204222571 0.3773548409189569 -9.95720185721141 
-0.17807749458207892 0.16181034082674478 29.405000000000534 0.08125749433517301 0.3871084390805979 -12.02689223275824 
-0.17807749458207892 0.16181034082674478 29.405000000000534 0.08125749433517301 0.3871084390805979 -12.02689223275824 
-0.18307821800958957 0.1666316022502599 29.425000000000534 0.08833431752714369 0.3871084390805979 -13.074330263877467 
-0.18502743583883577 0.12713766576478075 29.455000000000535 0.08358372323955865 0.40028275535045427 -11.964029210859714 
-0.18541607868169344 0.11859332065900036 29.480000000000537 0.07745547600131736 0.48203077070937816 -9.206615313211948 
-0.19534320168450386 0.10918417772682462 29.495000000000537 0.07093427350036563 0.48203077070937816 -8.431483509686565 
-0.1962936064438009 0.13827310013527908 29.52000000000054 0.08023106765797011 0.49300398146856944 -9.324268637622174 
-0.19310821134088277 0.14851415983150026 29.53000000000054 0.08784081036467235 0.49300398146856944 -10.208655288974796 
-0.19171489672226988 0.16843989496366166 29.560000000000542 0.09806497231249989 0.5010388809484378 -11.214117796482427 
-0.1911560856095627 0.1530664025545245 29.585000000000544 0.0984078547747141 0.5010388809484378 -11.253327763415012 
-0.19388066134016432 0.1547703512592576 29.600000000000545 0.09844994111944458 0.5056678723397402 -11.15508108782083 
-0.19132380183223707 0.119655558859222 29.630000000000546 0.08740745120689994 0.5056678723397402 -9.903888156822214 
-0.1908126329438032 0.1437643711499198 29.645000000000547 0.08636985730133312 0.5074254598836627 -9.752424132695541 
-0.18220332744652637 0.14508276624370448 29.660000000000547 0.08617848767969317 0.5074254598836627 -9.73081569458229 
-0.17913697688451738 0.11318252080377778 29.675000000000548 0.07328737683795304 0.5074254598836627 -8.275220138465757 
-0.17878585524785506 0.18635584505558345 29.68500000000055 0.0920719962808762 0.5074254598836627 -10.396279286908255 
-0.17716779708493452 0.14829888325976004 29.71500000000055 0.08503119892795367 0.36600450935516754 -13.311116942500288 
-0.18063478883969225 0.1251150026470292 29.740000000000553 0.07559453050027896 0.36600450935516754 -11.833863903944298 
-0.17524506386984165 0.11985402232258795 29.765000000000555 0.06775968514510158 0.3697238825901353 -10.500657822674304 
-0.16997479447697597 0.13899101076583495 29.780000000000555 0.06790232935262375 0.3697238825901353 -10.522763267975138 
-0.17873225450787503 0.13173665087061706 29.795000000000556 0.06796067464125732 0.3697238825901353 -10.531804985187879 
-0.17657917688087343 0.12768410561556087 29.805000000000557 0.06680962279406964 0.37985020593903185 -10.077418300980504 
-0.1796335986360409 0.14611193810110704 29.840000000000558 0.07328551771024698 0.39526566297187776 -10.623110625541857 
-0.18757771184808822 0.15875355989376314 29.86500000000056 0.08459864852518004 0.39526566297187776 -12.263006800437218 
-0.192401348927932 0.15760524419168034 29.88000000000056 0.09433889592012763 0.527657590848157 -10.24380331847193 
