-0.4307215941848719 0.02216808477657362 14.669999999999767 -0.2631580400694936 0.41483748249211133 36.3463902787601 
-0.4307215941848719 0.02216808477657362 14.669999999999767 -0.2631580400694936 0.41483748249211133 36.3463902787601 
-0.5334065572880606 0.024494563012952393 14.679999999999767 -0.25048068847954 0.41483748249211133 34.59544256510548 
-0.5768270500214673 0.020758517552306482 14.709999999999768 -0.24232908827470379 0.45998596497847666 30.184473154617578 
-0.6119206730083258 0.016124873482875574 14.734999999999769 -0.23318276615338535 0.45998596497847666 29.045208708487774 
-0.634624511206393 0.012669183758393859 14.749999999999769 -0.22784321164953236 0.4953008392622106 26.35661679408779 
-0.6459674127909396 0.007262117744741604 14.77499999999977 -0.23110892614900946 0.5206072163327065 25.434849269696898 
-0.6500405432359716 0.0005603143705052169 14.78999999999977 -0.23888201942769383 0.5206072163327065 26.29032231090326 
-0.6608170160142797 0.001295136009273283 14.81499999999977 -0.24091068978849317 0.5206072163327065 26.51358900035845 
-0.6676501619032201 0.0049897834769159774 14.829999999999771 -0.2387342148137376 0.5380849483091219 25.420638464576907 
-0.6623404869545629 0.002110768492818806 14.84999999999977 -0.2394891219214907 0.5380849483091219 25.501021666773138 
-0.6677259411660966 0.00047075097718057065 14.87499999999977 -0.24151740357165272 0.46072972205143103 30.034806180940965 
-0.6741154159112721 0.005842841937047908 14.88499999999977 -0.23665143813066647 0.46072972205143103 29.42968072521032 
-0.6706688914979921 0.0055503730286723995 14.914999999999772 -0.2294677277953802 0.4674194548362498 28.127909955605176 
-0.6729439214018413 0.0007126372850980956 14.929999999999772 -0.23201648883221182 0.4674194548362498 28.44033437201934 
-0.6716867786663596 0.0017666946222794854 14.954999999999773 -0.22723983733534767 0.47200278460364264 27.584336451506378 
-0.6750552075459355 0.010641944672900697 14.969999999999773 -0.21558653467849742 0.47200278460364264 26.169757806198625 
-0.6695038693724042 0.004135650781244184 14.994999999999774 -0.21434785058591344 0.4768171988003708 25.756678276647893 
-0.6710454323519519 0.004306628310983556 15.009999999999774 -0.2122763376890881 0.4768171988003708 25.50775909652263 
-0.6781219307141518 0.004264427505769396 15.029999999999774 -0.20919045487434473 0.4768171988003708 25.1369501957498 
-0.6735782715419846 0.009836544260844536 15.054999999999774 -0.19734623240277577 0.4827527994406881 23.422145314511333 
-0.6672758331855196 0.009556210253212122 15.069999999999775 -0.1898178989208751 0.480770424673276 22.621533950633516 
-0.6751864107821977 0.020646289155665774 15.079999999999774 -0.17194213720934032 0.480770424673276 20.491191381519513 
-0.676118122780238 0.015133782312158603 15.119999999999775 -0.16372648788619534 0.480770424673276 19.512091986011537 
-0.6736977823743151 0.012932858385796286 15.144999999999776 -0.16202425660271633 0.48886478188907306 18.989516991196876 
-0.6736977823743151 0.012932858385796286 15.144999999999776 -0.16202425660271633 0.48886478188907306 18.989516991196876 
-0.6775078918151003 0.019921800258829524 15.174999999999777 -0.14576811239853504 0.48886478188907306 17.084269387848376 
-0.676870380524896 0.012026454408116304 15.184999999999777 -0.14640967571834226 0.49093884165986534 17.086968450444772 
-0.6790927829726925 0.027332135687349525 15.199999999999777 -0.12311419737754976 0.49093884165986534 14.368233493249091 
-0.679564836080685 0.028882552755624864 15.219999999999777 -0.11233604734316144 0.49093884165986534 13.110352764477822 
-0.6780532378779414 0.029484460416471257 15.249999999999778 -0.10340690524214836 0.49241047106784924 12.032195883316126 
-0.6778570516950513 0.03367715418326 15.274999999999778 -0.08919073497278918 0.48481026882726946 10.540726989904982 
-0.6868803938179356 0.04150672586815773 15.289999999999779 -0.06896503288205465 0.48481026882726946 8.15041588884022 
-0.6837696722125047 0.0453993718450165 15.31499999999978 -0.054653920800711464 0.4860165321501917 6.443070942194477 
-0.6804645679480104 0.04805071400018901 15.32999999999978 -0.03907803089216383 0.4860165321501917 4.606852017764135 
-0.6815344331009376 0.055433776324779166 15.35499999999978 -0.02055169178384797 0.4860165321501917 2.4228089440881266 
-0.6887064869199101 0.05970800455788624 15.36999999999978 0.00014463752501406302 0.48707967262380547 -0.01701388953039766 
-0.6832721527565528 0.05992157811717311 15.394999999999781 0.011516264847841878 0.4883661224971234 -1.35110389754788 
-0.6878836160097693 0.07029356417070712 15.409999999999782 0.028952981934564803 0.4883661224971234 -3.3968033259285955 
-0.6867484274352702 0.07914144212290423 15.429999999999781 0.05448481797535373 0.4883661224971234 -6.392233149924685 
-0.6847113820975244 0.072386565248712 15.439999999999781 0.0634551504318294 0.4899692252916162 -7.4202870720047605 
-0.6863051404584034 0.07623431729203703 15.479999999999782 0.07266695561013348 0.4272820163483166 -9.744172951877973 
-0.6863051404584034 0.07623431729203703 15.479999999999782 0.07266695561013348 0.4272820163483166 -9.744172951877973 
-0.6836014675910579 0.08108735900273827 15.509999999999783 0.08308505190118207 0.43021935225267044 -11.06510618278116 
-0.6913484424213695 0.09003038968922279 15.534999999999783 0.10171926262326828 0.43021935225267044 -13.546774251273629 
-0.6920831010874556 0.09745910664468668 15.549999999999784 0.12757655624508477 0.4348792734389494 -16.808338966936034 
-0.6927433715785375 0.10399593572112963 15.574999999999784 0.14216704970347863 0.4348792734389494 -18.73065108259165 
-0.7009939088644656 0.10354248646018907 15.589999999999785 0.15758921455264024 0.4348792734389494 -20.76253673633739 
-0.6964693792603754 0.09963128324096407 15.614999999999785 0.15972002241774985 0.4428430306224978 -20.66484635742859 
-0.6945381409096609 0.10280773380358527 15.654999999999786 0.1629858204437856 0.45383482518708934 -20.576648405190795 
-0.6945381409096609 0.10280773380358527 15.654999999999786 0.1629858204437856 0.45383482518708934 -20.576648405190795 
-0.702006953370412 0.11400125670112934 15.669999999999787 0.18179778687364792 0.45383482518708934 -22.951623221917487 
-0.7090678840577329 0.11769385555898251 15.684999999999787 0.19896199571454232 0.4660612320896623 -24.45962430050423 
-0.7086334833617769 0.10592964275341471 15.699999999999788 0.1929657070767996 0.4660612320896623 -23.722463584208455 
-0.710144400726053 0.11277606994559124 15.729999999999789 0.20160630827692708 0.44181584039627547 -26.14480860876507 
-0.7089324646784728 0.11258671340804494 15.75499999999979 0.20122647230365145 0.44181584039627547 -26.095550532919678 
-0.7060384382518972 0.10982391682124557 15.76999999999979 0.19640532891568535 0.44181584039627547 -25.4703326405279 
-0.7133061028464772 0.11669698745651721 15.79499999999979 0.20368762673149454 0.4509977966519463 -25.876936511415572 
-0.7133061028464772 0.11669698745651721 15.79499999999979 0.20368762673149454 0.4509977966519463 -25.876936511415572 
-0.7117931544348126 0.1142907554858313 15.82499999999979 0.20243201768916708 0.4608863443091283 -25.16564093321777 
-0.7083132038459244 0.12220626635345776 15.83999999999979 0.2143692011149984 0.4608863443091283 -26.649629855907374 
-0.713491409531195 0.11838559522914101 15.869999999999791 0.2118154057850741 0.4608863443091283 -26.332150946081523 
-0.7103544702452779 0.11672104012564885 15.894999999999792 0.20842470214485312 0.5238006556156396 -22.798474288153987 
-0.7061132456386809 0.11661594409586942 15.919999999999792 0.20447438588133887 0.5354493810973745 -21.87978872161507 
-0.7086318949782502 0.11556503628295776 15.934999999999793 0.19990881630633878 0.5354493810973745 -21.39124979159571 
-0.7041792010813183 0.11865633942279262 15.949999999999793 0.200658606356972 0.5450494433436534 -21.0932997136971 
-0.7193807624637909 0.12645327229034983 15.959999999999793 0.2138351775357667 0.5450494433436534 -22.478425276558472 
-0.7084060576741152 0.12160290224907878 15.989999999999794 0.21071569134322268 0.549760936375699 -21.960672343764696 
-0.7016774433308884 0.11669763539902075 15.999999999999794 0.20182154303554933 0.549760936375699 -21.033729145958343 
-0.6934731716089446 0.11471201608910937 16.019999999999794 0.19087694667983088 0.5487603034653529 -19.92936329766509 
-0.6913928026591586 0.12812749342285507 16.049999999999795 0.2013324089647021 0.5487603034653529 -21.021012708160672 
-0.6822109693099957 0.12466403453997602 16.074999999999797 0.19999122539262779 0.4992216688713591 -22.953036434802375 
-0.6723682120883842 0.1369038990490911 16.089999999999797 0.21363667229147448 0.4992216688713591 -24.519127343158473 
-0.6772432568164849 0.1325996065906086 16.0999999999998 0.21774942878114908 0.4992216688713591 -24.991149299970036 
-0.6671680237763251 0.13062777717993276 16.1299999999998 0.21097049234844806 0.49526081349726664 -24.40677413584593 
-0.659948417215803 0.13847420709126182 16.154999999999802 0.21712778231503896 0.49526081349726664 -25.119099275872077 
-0.6478784964581543 0.13411948451885305 16.169999999999803 0.20836087700931105 0.49403285419469106 -24.164787355565792 
-0.6434982990913146 0.137587507996686 16.194999999999805 0.20994357514746778 0.49403285419469106 -24.348341794890302 
-0.6353671261002273 0.1362711743414478 16.209999999999805 0.20400127448099495 0.49611391895041784 -23.55993572560706 
-0.6399785725345428 0.13522524565623814 16.239999999999807 0.20236840449321633 0.49611391895041784 -23.37135694315479 
-0.6364044765552868 0.13949987120276552 16.26499999999981 0.20220977896488737 0.5038246140991479 -22.9956349625295 
-0.6364044765552868 0.13949987120276552 16.26499999999981 0.20220977896488737 0.5038246140991479 -22.9956349625295 
-0.6298117659624245 0.14155825081760084 16.27999999999981 0.20564109317408039 0.5038246140991479 -23.385849765197598 
-0.6302169239855461 0.14574972751757745 16.30999999999981 0.2069390034432743 0.5038246140991479 -23.533450296276186 
-0.6257028408345507 0.14283205128987314 16.334999999999813 0.20433808529155076 0.37759567551696244 -31.005942705676368 
-0.6247097705902969 0.14990478925383155 16.349999999999813 0.20973332588618693 0.3811206184102331 -31.530265789991052 
-0.6259824415822093 0.15023607296955327 16.374999999999815 0.20894656658311508 0.3811206184102331 -31.41198830674519 
-0.6191793747816308 0.14806488772093174 16.389999999999816 0.20876405502302278 0.3811206184102331 -31.3845504259261 
-0.6144375466805186 0.1595686642882385 16.399999999999817 0.22262928091183598 0.3895567975740716 -32.74418075031846 
-0.6194157012272553 0.1567695244186397 16.434999999999818 0.22386689136088242 0.40489381063923563 -31.67899264116172 
-0.6303755935781079 0.1440660487097581 16.449999999999818 0.2129860470872571 0.40489381063923563 -30.13926435182687 
-0.6319402154342155 0.1389766381746813 16.47499999999982 0.2007216452849648 0.5073759874370645 -22.666628726052984 
-0.6378010756000464 0.14265657382105051 16.48999999999982 0.19957135677808124 0.5073759874370645 -22.536731611686672 
-0.6386738141062847 0.13677386730949925 16.514999999999823 0.18828964737812143 0.5281715952220098 -20.425562863217188 
-0.6404599374903 0.13898286274985822 16.529999999999824 0.1865931892990501 0.5281715952220098 -20.24153197452314 
-0.6427044574081252 0.13449082047978092 16.554999999999826 0.17641485719218555 0.5440245262472685 -18.57972623080083 
-0.6425042141109834 0.14794147011270012 16.569999999999826 0.1860787880647195 0.5440245262472685 -19.597515734376827 
-0.6393311957170247 0.1510008896482932 16.59499999999983 0.19356390750618968 0.5502185406631409 -20.15634542739837 
-0.6408801001250948 0.15100968259724656 16.60999999999983 0.19780160685565834 0.5502185406631409 -20.597628789600694 
-0.6254619909726303 0.14743161360148588 16.62999999999983 0.19171057173437134 0.5502185406631409 -19.96335244388707 
-0.6225438416200917 0.15634608974889114 16.664999999999832 0.19819424771526403 0.43405889785045354 -26.161642979998003 
-0.6118830399285707 0.17092990115071102 16.679999999999833 0.2148322414382744 0.43405889785045354 -28.357858342969518 
-0.6049115711795919 0.1610047462649634 16.694999999999833 0.21050404843928222 0.43405889785045354 -27.786536817277028 
-0.6073597251225201 0.17257594666826526 16.709999999999834 0.22279108719998636 0.42952319710017417 -29.71897465810966 
-0.5978666871185263 0.18650568946378998 16.734999999999836 0.23773380375964426 0.42874861723322316 -31.76953360437211 
-0.598412105041563 0.17930316105322527 16.749999999999837 0.24056965335629016 0.42874861723322316 -32.14850208774637 
-0.5954508058503156 0.18629765243970736 16.77499999999984 0.24571335408687445 0.42874861723322316 -32.83588003159296 
-0.5999084904813562 0.18555878069628284 16.78999999999984 0.25364373406134944 0.4340257883785062 -33.48352989795215 
-0.5903283056028332 0.17969054402841558 16.79999999999984 0.24623334482978798 0.4340257883785062 -32.50528381468626 
-0.5857772958273487 0.1849774096999674 16.829999999999842 0.2457188319253754 0.444839858937739 -31.648809640907043 
-0.5855148615747755 0.19630726893755346 16.844999999999843 0.25777673818663094 0.444839858937739 -33.20187896384064 
-0.5876188831758119 0.1905207322309629 16.874999999999844 0.25281335638864577 0.4577312890507483 -31.645506156342737 
-0.5878209751577117 0.1765818732778826 16.899999999999846 0.23502455130068128 0.4577312890507483 -29.418821027967752 
-0.5848385421442698 0.17652290479937224 16.914999999999846 0.2220401850505509 0.4557145019091144 -27.916525439512068 
-0.5789203775543911 0.18879871686907745 16.929999999999847 0.2260054648850403 0.4557145019091144 -28.41506958974823 
-0.5792117671283236 0.19016330027536246 16.95499999999985 0.22706394814356706 0.4557145019091144 -28.548149891438815 
-0.5752591042990916 0.1887850795430984 16.96999999999985 0.22694594898972287 0.4648691605356934 -27.971408212406025 
-0.5669959775075968 0.20077708442389403 16.994999999999852 0.2318464944514172 0.4648691605356934 -28.575407350450625 
-0.5545191161272003 0.22876091214936467 17.004999999999853 0.2650393897355914 0.4648691605356934 -32.666478497031555 
-0.552394070249629 0.22358087495530954 17.024999999999853 0.26860184305621077 0.47249205309205006 -32.57145146853505 
-0.5428012437528837 0.2258305618333719 17.054999999999854 0.27127803722866384 0.4799580286014862 -32.38426212618028 
-0.5275685546354466 0.2453872597812059 17.069999999999855 0.28826945644133606 0.5270562613025541 -31.33749549962673 
-0.517708604917713 0.24698075775188771 17.10499999999986 0.2894708583372374 0.5345379259295016 -31.027655233092744 
-0.517708604917713 0.24698075775188771 17.10499999999986 0.2894708583372374 0.5345379259295016 -31.027655233092744 
-0.5032892477243491 0.2767145960569323 17.13499999999986 0.31373333848420193 0.5345379259295016 -33.62828962311049 
-0.48706029193845124 0.29860405153676584 17.14999999999986 0.3450168827509477 0.5403168898053693 -36.5859583799241 
-0.47161343732245636 0.2983208463288711 17.174999999999862 0.34541539448875574 0.5403168898053693 -36.62821698981328 
-0.4518933343530209 0.3292094891221809 17.189999999999863 0.36603754676148265 0.5428103080654733 -38.63671389642401 
-0.4376924901140468 0.321915025715381 17.199999999999864 0.3625670972240602 0.5428103080654733 -38.27039419218684 
-0.4281581382846796 0.3381126178698786 17.229999999999865 0.3677989360618706 0.5419246090733544 -38.88608561582176 
-0.41387276843109966 0.3595892030267504 17.259999999999867 0.37443541499166344 0.5419246090733544 -39.587737150257176 
-0.3925718460537049 0.4216636480512531 17.269999999999868 0.41621167388797414 0.5419246090733544 -44.00459380988982 
-0.37183572310267965 0.40783826457192235 17.28499999999987 0.4046688829818616 0.3874375060097175 -59.84402319209778 
-0.36548129553519937 0.4225928228282975 17.31499999999987 0.40677998701153206 0.3874375060097175 -60.15622154444351 
-0.3463870955889151 0.44511762403878286 17.32999999999987 0.41089289935079876 0.38447181263300867 -61.23317286504573 
-0.3386674885483954 0.4593735851010672 17.354999999999873 0.4104186863819008 0.38447181263300867 -61.16250344061603 
-0.3226208673466625 0.4476470095686513 17.369999999999873 0.38794608479845166 0.3838655602458869 -57.90483867148067 
-0.31185729506814824 0.4545258081210465 17.404999999999873 0.37249101544581 0.3898393984256567 -54.74603946593477 
-0.2938665329897641 0.45706984331169187 17.434999999999874 0.3431455845380859 0.4038489786393087 -48.683529716542004 
-0.28197522335801306 0.44591089566219444 17.449999999999875 0.304610277167334 0.4038489786393087 -43.21636106844343 
-0.28691811470758827 0.4233913518564696 17.459999999999877 0.2715426809183527 0.47461991505788015 -32.78043984393673 
-0.27457006049438026 0.4359586434060147 17.474999999999877 0.2520990964880611 0.47461991505788015 -30.433224122223642 
-0.26433038310964135 0.40689311651682575 17.489999999999878 0.2164056678467028 0.47461991505788015 -26.12433873284464 
-0.2634315030853535 0.4278728367785791 17.51999999999988 0.20727426580649444 0.47461991505788015 -25.0220023551617 
-0.24916316478525127 0.40019600524172616 17.53499999999988 0.17183719084559235 0.493802617768744 -19.938221152661733 
-0.22809712260476508 0.3939499906837534 17.54499999999988 0.1268695814488543 0.5080284895402599 -14.308432923099954 
-0.2281715067621852 0.4054980089237299 17.55999999999988 0.11559113351790928 0.5080284895402599 -13.036442317836869 
-0.21706526399264536 0.40277815052954163 17.589999999999883 0.09235680332222118 0.5152783360875783 -10.269508087341183 
-0.20795729294612927 0.400431641420228 17.599999999999884 0.0641912570778565 0.5152783360875783 -7.137672699624899 
-0.19283648631628497 0.3917311945200689 17.629999999999885 0.03642527858678091 0.5174741782472947 -4.033079945514573 
-0.17201189158347469 0.40056802649326206 17.644999999999886 0.0008493744926035829 0.5174741782472947 -0.09404444839563447 
-0.15818038341996224 0.39604924863106755 17.674999999999887 -0.02374274610214383 0.46653668006961985 2.91586750585297 
-0.13758630471214614 0.3481227980385526 17.689999999999888 -0.07485088947536167 0.46653668006961985 9.192503489968754 
-0.12875771511300463 0.3227428207680869 17.71499999999989 -0.11038486850084356 0.4688113832775025 13.49068583401103 
-0.11516071748256053 0.3222437010169448 17.72999999999989 -0.14481199687600485 0.4688113832775025 17.698197057099716 
-0.09379066216094847 0.27497051213023266 17.754999999999892 -0.18570894117379325 0.4728025055871 22.50482690206781 
-0.07432647255322404 0.2762495426637761 17.769999999999893 -0.22138867897645365 0.4728025055871 26.828616150365725 
-0.06698231812098077 0.23998339631104917 17.794999999999895 -0.24417300609019477 0.47853451777800043 29.235263497711827 
-0.06698231812098077 0.23998339631104917 17.794999999999895 -0.24417300609019477 0.47853451777800043 29.235263497711827 
-0.05350245722114268 0.18782084085048892 17.829999999999895 -0.2691492088686086 0.485372862296398 31.771685080405828 
-0.03851303151694565 0.12319059505137031 17.854999999999897 -0.29764610924083207 0.485372862296398 35.13559816118317 
-0.024556538967639152 0.10127883111856936 17.869999999999898 -0.3169212154320664 0.4308638674224063 42.14381723638925 
-0.00688133487159185 0.06683915702103436 17.8949999999999 -0.32967184470520067 0.4308638674224063 43.839381192255466 
-0.0037419444479978355 0.04099120902947792 17.9099999999999 -0.33698903730155255 0.4387864830787925 44.00329163304809 
0.011531171697768225 -0.005292246435963509 17.934999999999903 -0.3353942786700359 0.4475785120924066 42.93476143613483 
0.01882828523471502 -0.0624024683013172 17.949999999999903 -0.3345192478599304 0.4475785120924066 42.82274629016954 
0.027755722549499894 -0.049956813921090665 17.959999999999905 -0.33285783540361497 0.4475785120924066 42.61006422611709 
0.034021593512246345 -0.08670119419637731 17.999999999999904 -0.3258169598628193 0.45818785467458895 40.742975841603446 
0.05446597205253752 -0.14214043224317702 18.009999999999906 -0.3245767363174517 0.47041164436409955 39.53319893741099 
0.04461808542992849 -0.1641134134501511 18.029999999999905 -0.32102394163064757 0.47041164436409955 39.10047125418036 
0.04940509576238978 -0.19287519869640385 18.059999999999906 -0.3150089061945659 0.47041164436409955 38.36784452557336 
0.06287785412961018 -0.20061753763214724 18.074999999999907 -0.3128336589375454 0.4873839674750204 36.77603192328038 
0.06203835239154743 -0.24270241799483908 18.08499999999991 -0.3125558184844224 0.4873839674750204 36.743369615112094 
0.06386373119811035 -0.2558745717953635 18.11499999999991 -0.3070762342393404 0.4982694458877091 35.31055808437012 
0.07195831064618867 -0.24873605098946522 18.12499999999991 -0.3057748151981759 0.4982694458877091 35.16090849406895 
0.06839012885871455 -0.26129486944513153 18.13999999999991 -0.3028420296590267 0.4982694458877091 34.823668803782745 
0.07130144283935624 -0.2888034168736252 18.169999999999913 -0.2981891187183382 0.5115302222704768 33.39974307569334 
0.07261133008192566 -0.2920827742449781 18.194999999999915 -0.29525690165763063 0.5115302222704768 33.0713095738582 
0.07935714850204083 -0.2594673290820444 18.209999999999916 -0.29309834939817253 0.5115302222704768 32.82953317641206 
0.0880311472611621 -0.2664461434052804 18.229999999999915 -0.2915779423033521 0.5115302222704768 32.65923451978861 
0.08826611333459275 -0.2723859178390188 18.254999999999917 -0.2886015710838942 0.47135533874739616 35.08107498664309 
0.09418570276918782 -0.30562266312773684 18.269999999999918 -0.28723106739470794 0.47135533874739616 34.914482883525814 
0.09201260772316953 -0.30824231087793685 18.29499999999992 -0.2844358049499626 0.47135533874739616 34.57470368182856 
0.08797041074618873 -0.2602943524288807 18.30999999999992 -0.2823015998407833 0.47217559667710757 34.25566745612398 
0.08910604444518858 -0.25146026490802814 18.319999999999922 -0.28076305686330816 0.47217559667710757 34.06897415848391 
0.092902690590129 -0.25167462422832426 18.349999999999923 -0.2792308864908667 0.4727260600220327 33.84359919755122 
0.09168064740385383 -0.2607659604987803 18.374999999999925 -0.2758805782062292 0.4727260600220327 33.437532045745584 
0.09236590122601326 -0.2716717401729741 18.389999999999926 -0.27497219030743575 0.4743507828345937 33.213281306163324 
0.09291600858051458 -0.27373976199788813 18.399999999999928 -0.2756801781964937 0.4743507828345937 33.29879759380808 
0.09043044713295281 -0.2701920338403815 18.42999999999993 -0.274907402644264 0.4779363992784641 32.95633886056613 
0.09340144391800807 -0.25024383348336676 18.44499999999993 -0.27348194369245177 0.4779363992784641 32.78545256286776 
0.08571591817339332 -0.21507589691897314 18.47499999999993 -0.271734752953848 0.40846901300521715 38.116121408423005 
0.0841254676623384 -0.18226341197824714 18.48999999999993 -0.27051567571519547 0.40846901300521715 37.945121948362704 
0.07021219812704592 -0.12108819633872257 18.514999999999933 -0.2663902568328079 0.4150708799282509 36.77212292648499 
0.05790320195507133 -0.09528136292651476 18.529999999999934 -0.26371188581182936 0.4150708799282509 36.40240449309659 
0.04330774904745143 -0.04929533712582825 18.554999999999936 -0.2602274438983538 0.42187923094368973 35.34171192903113 
0.029700703614409588 -0.023129972283070736 18.579999999999938 -0.25631776541997453 0.42187923094368973 34.810735147919665 
0.015502667152919853 0.015076006713254663 18.58999999999994 -0.2540251603499778 0.43023536133961837 33.82931968415922 
0.009686845162432706 0.04602590327685912 18.62499999999994 -0.24631312856204426 0.4413403234762782 31.976916575643326 
0.009686845162432706 0.04602590327685912 18.62499999999994 -0.24631312856204426 0.4413403234762782 31.976916575643326 
-0.013998265123458916 0.07238203490292536 18.65499999999994 -0.23987300100903944 0.4413403234762782 31.14084493504028 
-0.025110171526293946 0.10864108839123489 18.664999999999942 -0.2346254936413852 0.51985280431913 25.8593402596563 
-0.036437614341541226 0.1317268620936888 18.679999999999943 -0.2243180889796213 0.51985280431913 24.723305636113135 
-0.043648120763859564 0.16696989166678522 18.709999999999944 -0.21002442634170648 0.5340998521169413 22.53045601181195 
-0.05983847913324204 0.1887805390708454 18.734999999999946 -0.18803554165142464 0.5340998521169413 20.171589436658635 
-0.07290881384606095 0.25080035557386066 18.749999999999947 -0.16145068702342552 0.5448080290134603 16.979270629841075 
-0.08186455493357393 0.27059392311012753 18.77499999999995 -0.1379997634370528 0.5448080290134603 14.513009349485099 
-0.08954037766916041 0.29978571853026864 18.78999999999995 -0.1104012842359267 0.5448080290134603 11.61056244159446 
-0.10242248221409618 0.35781249451048314 18.79999999999995 -0.07159592271245266 0.5493124494875171 7.467779413329298 
-0.10076908376458664 0.39388716348251657 18.83499999999995 -0.04236957302868838 0.5480845349597181 4.4292395779669045 
-0.1063319211940579 0.4362590972046842 18.84999999999995 -0.005898237516636179 0.5480845349597181 0.6165912276539862 
-0.11397255363185833 0.4690047279044059 18.859999999999953 0.03590399931516711 0.41413281084979026 -4.967362098594548 
-0.12296601048259831 0.5301062739367504 18.889999999999954 0.0931186138488985 0.4098816458142358 -13.016693043309331 
-0.12542373448977884 0.6074124084080619 18.924999999999958 0.1389635543684874 0.4098816458142358 -19.425181031549737 
-0.1399567485094795 0.7083123072471949 18.93999999999996 0.22314902725409885 0.4098816458142358 -31.19314464230539 
-0.1421515725395965 0.7545229782307243 18.95499999999996 0.2818013238210204 0.40911382020737835 -39.46585453397672 
-0.14683438727752932 0.797545072631943 18.96999999999996 0.33869657696173816 0.40911382020737835 -47.433949763903584 
-0.1545383800405946 0.7974722403282205 18.97999999999996 0.3890874923451886 0.41502169755498697 -53.71543537131424 
-0.16464182306540806 0.8359144151276201 19.009999999999962 0.4408826751169599 0.41502169755498697 -60.86601421915394 
-0.17389993191059722 0.9023141160144822 19.029999999999962 0.5143508293697183 0.41502169755498697 -71.00865300671143 
-0.18369978038005952 0.9677447305284849 19.054999999999964 0.5965576670522739 0.4268101834396307 -80.08299212265729 
-0.1917404141773189 1.0386027717894648 19.069999999999965 0.6981205555912317 0.43122761257552844 -92.75695771847158 
-0.19123978709627285 1.0332654499507834 19.079999999999966 0.7 0.43122761257552844 -93.00667324992547 
-0.2007690392738251 1.0985842689071612 19.109999999999967 0.7 0.4450288267846042 -90.12235443024369 
-0.20930731454247845 1.2170497917041931 19.13499999999997 0.7 0.4450288267846042 -90.12235443024369 
-0.2148916325568194 1.3114396695938684 19.15999999999997 0.7 0.4568431724640952 -87.79171513679515 
-0.2148916325568194 1.3114396695938684 19.15999999999997 0.7 0.4568431724640952 -87.79171513679515 
-0.21386838748419504 1.417360406067823 19.189999999999973 0.7 0.4568431724640952 -87.79171513679515 
-0.22941876187877067 1.5371670411758653 19.199999999999974 0.7 0.46665392193605343 -85.94601646711024 
-0.22664245925250792 1.6266099864432668 19.229999999999976 0.7 0.4749325011825778 -84.44788587702763 
-0.21797921143624982 1.7322107401124187 19.244999999999976 0.7 0.4749325011825778 -84.44788587702763 
-0.21072286722893208 1.8222072579684203 19.274999999999977 0.7 0.4749325011825778 -84.44788587702763 
-0.20673929069490227 1.9305976966619343 19.29999999999998 0.7 0.4746224623928795 -84.50304997566279 
-0.20001164510623948 2.1182287389843943 19.31499999999998 0.7 0.4746224623928795 -84.50304997566279 
-0.19358776405657002 2.144546761704314 19.32499999999998 0.7 0.480527062652505 -83.46469694707119 
-0.18729710776902914 2.2133942154312436 19.354999999999983 0.7 0.480527062652505 -83.46469694707119 
-0.17057299612682825 2.295492325890789 19.369999999999983 0.7 0.480527062652505 -83.46469694707119 
-0.1573587530294238 2.367026821883986 19.394999999999985 0.7 0.4861694939185984 -82.49601458102373 
-0.14547307651956157 2.4389882212743483 19.409999999999986 0.7 0.4912359011691384 -81.64518424590528 
-0.13660598788627268 2.514440429209453 19.424999999999986 0.7 0.4912359011691384 -81.64518424590528 
-0.12664051474362473 2.5642322093234826 19.454999999999988 0.7 0.4912359011691384 -81.64518424590528 
-0.11257648576972132 2.6052325196083417 19.47999999999999 0.7 0.4923232227482818 -81.46486658758289 
-0.09883162743069596 2.65215172792345 19.49499999999999 0.7 0.4923232227482818 -81.46486658758289 
-0.08555451097071753 2.6549492930083836 19.50999999999999 0.7 0.4960869941354847 -80.84679931803275 
-0.07293090271550773 2.6718750029851086 19.534999999999993 0.7 0.4960869941354847 -80.84679931803275 
-0.05867514350634999 2.640442873734236 19.549999999999994 0.7 0.49950618839775807 -80.29339093436873 
-0.050325792034217505 2.67212364162334 19.574999999999996 0.7 0.49950618839775807 -80.29339093436873 
-0.03731014937016693 2.6305367014971286 19.589999999999996 0.6796126959209506 0.5031977759555736 -77.38297154798255 
-0.024328876406323228 2.6176892658855557 19.619999999999997 0.5547725091096358 0.5031977759555736 -63.16825089598863 
-0.006024387022928335 2.5740801228244634 19.63 0.3082247448673589 0.5031977759555736 -35.09549895935036 
-0.008241466925154529 2.5994940774375594 19.645 0.25167870557678357 0.4011668202314094 -35.945464319674386 
0.0015352651460296962 2.5808332779363847 19.675 0.17680746136227465 0.4011668202314094 -25.2521415321365 
0.011340228142576717 2.5487169184099847 19.700000000000003 0.08182673996365113 0.4011668202314094 -11.68672635620079 
0.022541168477363465 2.486406109103597 19.715000000000003 0.08625837644661462 0.4074369052119814 -12.13007671818618 
0.025933894203030928 2.4247189182742557 19.730000000000004 0.09329649639676378 0.4074369052119814 -13.119811726703798 
0.03206485639544562 2.4112134828088325 19.740000000000006 0.09802133527650321 0.41572322002978424 -13.50949031227574 
0.036995322684077556 2.4193174672639426 19.770000000000007 0.11621891160321347 0.41572322002978424 -16.017515533510622 
0.04430782342188753 2.3547214479208254 19.79500000000001 0.13026797899687773 0.4283606741359878 -17.424114427111203 
0.044837708085066964 2.348255067846187 19.81000000000001 0.13668186507465419 0.4457774293844802 -17.56772211542324 
0.04678410895671769 2.34932798997471 19.83000000000001 0.15070073664902203 0.4457774293844802 -19.36956788373921 
0.054947002301540426 2.332172224453907 19.85500000000001 0.16831593807584905 0.4945138936430084 -19.50156102892704 
0.06291387988647999 2.351655689849331 19.87000000000001 0.17912384179347696 0.4945138936430084 -20.7537953470408 
0.06250374090803598 2.325680110656368 19.895000000000014 0.19535138854022058 0.4945138936430084 -22.6339648476188 
0.07599690215038944 2.359893688709657 19.910000000000014 0.20681004420644283 0.5121603874834297 -23.13599993971913 
0.08798195421952705 2.3665795565098033 19.935000000000016 0.22535156930193362 0.5121603874834297 -25.21025472331833 
0.09390180361455462 2.311630031047684 19.950000000000017 0.23830542050693496 0.525990333433112 -25.958452013784058 
0.10497744398629441 2.2909660112216788 19.96000000000002 0.2453104953863024 0.525990333433112 -26.721510192327383 
0.10999865971759397 2.2703444507553385 19.99000000000002 0.26758805788539536 0.534193638162396 -28.70057834772391 
0.12577851818718028 2.197581332570894 20.02000000000002 0.28562405268246605 0.534193638162396 -30.635057359392537 
0.14793260157706745 2.1796770632408804 20.030000000000022 0.29362364254267165 0.5374974455749288 -31.2994891816798 
0.1549688666073808 2.1329578716956843 20.060000000000024 0.3159801443586724 0.5374974455749288 -33.682632039899836 
0.16887773693893918 2.040633014206633 20.075000000000024 0.3254170091622492 0.44475745554768903 -41.921773259105514 
0.18754020995730084 2.0187215587208462 20.090000000000025 0.3356240917778799 0.44475745554768903 -43.23669838902115 
0.19345449207914836 1.947219245177808 20.115000000000027 0.3477800589019983 0.4442668984932612 -44.85215900954171 
0.20659266057489736 1.88473674728268 20.130000000000027 0.35650896988818576 0.4442668984932612 -45.977900677332215 
0.217315507991169 1.8331220674851991 20.14000000000003 0.3605087328408562 0.44443965403459545 -46.47566589047554 
0.228296374355585 1.8021151661392392 20.17000000000003 0.37385766741309595 0.44443965403459545 -48.196569066064086 
0.23648061655419214 1.7737356551558854 20.195000000000032 0.3837078200068486 0.4473002687314943 -49.15006806256794 
0.2622868516846627 1.7317127284452254 20.210000000000033 0.38758196409922163 0.4473002687314943 -49.64631660350445 
0.2684278388944328 1.685246074962657 20.225000000000033 0.39378610310981343 0.4530733606017092 -49.79829692289054 
0.2767331039615377 1.6574743434206758 20.255000000000035 0.40283307954277553 0.4530733606017092 -50.94238000531817 
0.29051391254948444 1.5733741705575162 20.270000000000035 0.40623850012853174 0.5197997086373701 -44.77830815662802 
0.3048346934785407 1.5628336170728536 20.295000000000037 0.4092146979936683 0.5268936252200305 -44.499067719725474 
0.3202603525481684 1.524334135978491 20.30500000000004 0.41165201185780964 0.5268936252200305 -44.76410755144806 
0.3270142058027834 1.4866734832305377 20.33500000000004 0.4148296220005704 0.5268936252200305 -45.10964912075842 
0.3386515218727465 1.3739670043331458 20.34500000000004 0.41514343493873995 0.5313883173053626 -44.76193009882274 
0.3524644844292424 1.355861950391527 20.375000000000043 0.41809292863073516 0.5313883173053626 -45.07995278533708 
0.36724632776524196 1.347564863241059 20.385000000000044 0.418545930323697 0.5316934774935965 -45.102895474607884 
0.36718494356366427 1.275791532538023 20.400000000000045 0.41939400461656073 0.5316934774935965 -45.19428474258177 
0.37657370748646973 1.2242850747864675 20.435000000000045 0.4226312968839889 0.5283759462556167 -45.82909152696059 
0.3904153748218962 1.1554720458472114 20.445000000000046 0.42262454591809023 0.5283759462556167 -45.828359468931886 
0.38793308863659887 1.1092977414188643 20.475000000000048 0.4215318869683117 0.4298485715891888 -56.18722417566218 
0.39407441197755316 1.0608024048829676 20.50000000000005 0.42182643776961265 0.4298485715891888 -56.2264857177079 
0.3916321757744724 1.0328639257524475 20.51500000000005 0.421473374523194 0.4250587775151619 -56.812485272002895 
0.3955183081966799 0.9831762168751574 20.53000000000005 0.4221020107150187 0.4250587775151619 -56.89722226026435 
0.4006211960736731 0.9705298638434804 20.555000000000053 0.4198115061855552 0.4235265055525448 -56.79320462855513 
0.40004255109621706 0.9446958854120482 20.580000000000055 0.4209464988098569 0.4279802530461046 -56.35413692793753 
0.40004255109621706 0.9446958854120482 20.580000000000055 0.4209464988098569 0.4279802530461046 -56.35413692793753 
0.3984610507884272 0.932631529144264 20.595000000000056 0.420321230915567 0.4380937507199524 -54.97141315444214 
0.397395247152328 0.9182258807988094 20.630000000000056 0.4221305903152075 0.4380937507199524 -55.20804893628418 
0.3918863355508083 0.9047831531106431 20.655000000000058 0.42173754575234923 0.42832797125071365 -56.41420373097992 
0.4041502392737655 0.8829131993326631 20.67000000000006 0.41888697709105827 0.42832797125071365 -56.03289416339011 
0.4047911128566195 0.8863552667833634 20.69500000000006 0.42063707855219185 0.42832797125071365 -56.26699848104613 
0.3915613348930532 0.8789228119197376 20.705000000000062 0.4207989331618064 0.4400374829028269 -54.79079358133524 
0.39454242274210677 0.8730656866164713 20.750000000000064 0.42139006048330235 0.4400374829028269 -54.867762253306466 
0.3852151774015532 0.8675467374301331 20.765000000000065 0.42239925948526313 0.449734103402753 -53.81334138292688 
0.3852151774015532 0.8675467374301331 20.765000000000065 0.42239925948526313 0.449734103402753 -53.81334138292688 
0.38816554948555654 0.8507007266119944 20.795000000000066 0.42056888880074217 0.45850154555201544 -52.55559671838807 
0.38726514171340554 0.8424208066328308 20.820000000000068 0.41973480840959876 0.46751470523632155 -51.4401638435005 
0.40133085350081044 0.8284897417496897 20.83500000000007 0.4194400345995772 0.46751470523632155 -51.40403814512981 
0.39399616257718895 0.8225916524237419 20.87500000000007 0.41907737330880235 0.4310868238618445 -55.69960261118544 
0.39399616257718895 0.8225916524237419 20.87500000000007 0.41907737330880235 0.4310868238618445 -55.69960261118544 
0.3832903202741977 0.8132772342959845 20.89000000000007 0.4180002580069353 0.4310868238618445 -55.55644314207181 
0.38519949108199036 0.8005444947680317 20.905000000000072 0.41925458896417667 0.44082165690771 -54.4926006077976 
0.38233732154632494 0.8018517397257928 20.935000000000073 0.41647792448566406 0.44082165690771 -54.13170373884914 
0.37402327116131634 0.7939214624325499 20.950000000000074 0.41656823753074274 0.44082165690771 -54.14344217373975 
0.38271466157167616 0.7890541205892309 20.960000000000075 0.4176745967331178 0.4502691395720688 -53.1481940454104 
0.3849033411283513 0.7875158895847367 21.000000000000078 0.41395810864648397 0.45958021186671877 -51.60808039215559 
0.3849033411283513 0.7875158895847367 21.000000000000078 0.41395810864648397 0.45958021186671877 -51.60808039215559 
0.38511973852666226 0.7838110830319904 21.03500000000008 0.41349219838261153 0.4685980732024251 -50.557949730782624 
0.3707812978417435 0.7875263062874819 21.04500000000008 0.41219917188105615 0.4685980732024251 -50.39985057166447 
0.3728769964739378 0.7667976656951937 21.06000000000008 0.41094818279243395 0.4772531995635396 -49.33564928241487 
0.37625276320090517 0.7644568863736529 21.07500000000008 0.41160606361454977 0.4772531995635396 -49.41462998817924 
0.37782558633909585 0.7653060435750475 21.115000000000084 0.4074488163949518 0.48466888484384 -48.16710599145083 
0.3818739083905723 0.7560721257069741 21.130000000000084 0.40586117611169387 0.4908574995624519 -47.374507836071594 
0.38192157172480057 0.7436269895471839 21.155000000000086 0.40630545422758274 0.4908574995624519 -47.42636659547355 
0.38153482545684486 0.7255857026563675 21.170000000000087 0.40561460698173823 0.4908574995624519 -47.3457268344219 
0.3758894820015939 0.7370821902141296 21.19500000000009 0.4034130684773109 0.4953031312834406 -46.666101553363525 
0.3759128912948771 0.7275550098097717 21.20500000000009 0.3992747743943719 0.4984375554319747 -45.89694173226835 
0.3707740875769201 0.7213788724160672 21.22500000000009 0.3992747743943719 0.4984375554319747 -45.89694173226835 
0.3735909872752368 0.7086021550282005 21.25500000000009 0.3987398714551253 0.4984375554319747 -45.83545422890113 
0.36444563996979756 0.7008840962465043 21.280000000000094 0.3967618752427174 0.43878872101203664 -51.80803387715204 
0.35840184479469755 0.6885622004731956 21.295000000000094 0.394109443996769 0.43878872101203664 -51.46168697130872 
0.36697455693571834 0.6786899534992392 21.310000000000095 0.3925709462226361 0.4411970128462753 -50.98098519051237 
0.36387797473961453 0.6812775438664737 21.335000000000097 0.39157363182878924 0.4411970128462753 -50.85146956834975 
0.35340845905485346 0.6859493290332733 21.350000000000097 0.39198501659973306 0.4449107365166179 -50.479984500646786 
0.3546429463446643 0.6775480404916 21.3750000000001 0.38812207988151626 0.4449107365166179 -49.98251399181434 
0.35018828954866954 0.6702366811649427 21.3900000000001 0.3855897719422372 0.4512643372357952 -48.9572623687261 
0.3532761074859859 0.6705068828659067 21.4000000000001 0.3862356129778935 0.4512643372357952 -49.039263011201264 
0.35045066305463063 0.668957975525805 21.430000000000103 0.3851296733421688 0.4605926487749014 -47.9085041987773 
0.34398336194283624 0.6725107215501109 21.460000000000104 0.38454784409338294 0.40906939745421855 -53.86119965102368 
0.3436847001918164 0.6615969103822912 21.475000000000104 0.3832828543223618 0.40906939745421855 -53.68402048421778 
0.33509805890322836 0.6684547982259542 21.500000000000107 0.3825273833482984 0.40906939745421855 -53.578206412992095 
0.33509805890322836 0.6684547982259542 21.500000000000107 0.3825273833482984 0.41878902968168663 -52.334715240032104 
0.3375583191848127 0.6654497984569469 21.530000000000108 0.3803906367565508 0.41878902968168663 -52.042380549008435 
0.32819526833884727 0.6649703845300726 21.55500000000011 0.3774293495903585 0.4272562971014968 -50.61390304273994 
0.322823555667296 0.6720878342217922 21.580000000000112 0.37409642461692755 0.4272562971014968 -50.16695226470148 
0.33614989113624566 0.6673474053670541 21.595000000000113 0.3730304971502776 0.4358286550755025 -49.04008230637139 
0.3362550670437028 0.6617928819105405 21.610000000000113 0.37021643444036445 0.4358286550755025 -48.670134358512755 
0.32871395376163676 0.6697970680935662 21.625000000000114 0.3732118474584877 0.44570034517555135 -47.97722046912294 
0.3234394154875237 0.6660476795859583 21.655000000000115 0.36900981199412525 0.44570034517555135 -47.43703938091348 
0.3180115684506536 0.6644672914748406 21.670000000000115 0.36837547560339945 0.44570034517555135 -47.3554940144502 
0.3147481798727282 0.6654566184145256 21.695000000000118 0.3672443592700871 0.46006390504860123 -45.736150141879236 
0.31625188157408807 0.6732200782383577 21.710000000000118 0.3666850772575527 0.4705036191615714 -44.65323215733142 
0.3133890132289192 0.6652986395955218 21.73500000000012 0.3612173043361535 0.4705036191615714 -43.98739177061909 
0.3051656098176451 0.6545912324378973 21.75000000000012 0.3614942963728318 0.4795175830608242 -43.19361423205078 
0.3096754243850432 0.6407732426110305 21.760000000000122 0.3600232682149135 0.4795175830608242 -43.01784652723455 
0.312124538655045 0.6205167733811028 21.790000000000123 0.3588843090679454 0.48621279898702574 -42.29126893800792 
0.3223988390144641 0.6075491726443256 21.800000000000125 0.35440744956579867 0.48621279898702574 -41.76371154856764 
0.3166915314540139 0.5763244168570067 21.830000000000126 0.3538675329970375 0.49072198330787264 -41.31691026101086 
0.3138219033961974 0.5327760529420809 21.860000000000127 0.35004648113831216 0.4938606797254991 -40.61102012368919 
0.31025736359955847 0.4832935239068997 21.875000000000128 0.34834115553394107 0.4938606797254991 -40.413174934069374 
0.31609031545518224 0.4628178691624132 21.89000000000013 0.34586792952035905 0.4938606797254991 -40.12624095009848 
0.30790299034859103 0.44213717747880277 21.91500000000013 0.3407065082185031 0.39421077581620567 -49.519308377965025 
0.29567305928368676 0.4165959253400371 21.93000000000013 0.3402109577296919 0.3978110921431857 -48.99977000892406 
0.2929941141957827 0.3891906722116281 21.955000000000133 0.33794821638603834 0.3978110921431857 -48.67387278865639 
0.28947509491862344 0.3690879013554359 21.965000000000135 0.334033120548953 0.3978110921431857 -48.109990905308884 
0.280375198788821 0.34766345299703805 21.995000000000136 0.3319742228329538 0.40430223360441137 -47.045799638283874 
0.2706819813569628 0.33023994180212685 22.010000000000137 0.32860459373951006 0.40430223360441137 -46.5682719138941 
0.2639238855020713 0.30655039761073793 22.040000000000138 0.3254502460011286 0.41544237289405256 -44.88450565949965 
0.25693987415955133 0.2954680729433319 22.05500000000014 0.32249916105348847 0.41544237289405256 -44.477506461737306 
0.24865128631727454 0.27299163019066375 22.08000000000014 0.3166110657406881 0.4744994816952334 -38.230764234494856 
0.23959948016670188 0.25106022951335005 22.09500000000014 0.3121212528587911 0.4744994816952334 -37.68861964032775 
0.22485230164364034 0.22486056907997068 22.11000000000014 0.30936639694589996 0.4893743347180195 -36.22051180592147 
0.22215585971123028 0.21569026039931288 22.135000000000144 0.3049526617137595 0.5018523819416129 -34.81601581700165 
0.20618449546939757 0.19656096351118996 22.150000000000144 0.3013528561784875 0.5018523819416129 -34.40503108989735 
0.1939495382164174 0.1840140472540245 22.175000000000146 0.296864871885961 0.5090210788078638 -33.415323948063346 
0.1833733681247412 0.1595121516283811 22.190000000000147 0.29329490198988434 0.5090210788078638 -33.013485563466396 
0.17824783932913527 0.14597643966176477 22.21500000000015 0.2895749505182298 0.5090210788078638 -32.59476514462155 
0.16354249330647902 0.1180832311198064 22.23000000000015 0.2841189940064357 0.5109084791782531 -31.862495729674333 
0.15717627760940245 0.1031176086327636 22.24500000000015 0.28238430679562376 0.5109084791782531 -31.66795940858077 
0.150971018830447 0.08095977434780098 22.27500000000015 0.27495436853129873 0.40104679915424024 -39.281512553524415 
0.1294681469033527 0.06523094608995715 22.290000000000152 0.2725265088346136 0.40104679915424024 -38.934654994348456 
0.12153088179956661 0.05289367193048464 22.315000000000154 0.26391773008814745 0.4006353866760616 -37.74347592752767 
0.11258492769891902 0.03601381746279392 22.325000000000156 0.2653905846501802 0.4027371744393105 -37.756038895923 
0.09908785669432271 0.010154473497201777 22.340000000000156 0.26299906799371636 0.4027371744393105 -37.415807549657586 
0.09105127787563322 -0.012796779146948229 22.370000000000157 0.2544563553380222 0.40998412243769505 -35.56058499159427 
0.07841814148954858 -0.016855648883160025 22.39500000000016 0.24756787495915875 0.40998412243769505 -34.59791148457929 
0.05193156372420134 -0.03263565599113118 22.41000000000016 0.24313103414986273 0.40998412243769505 -33.9778575877782 
0.038209524566187515 -0.033035054829668876 22.42500000000016 0.2395177436724451 0.4223422395019532 -32.49344855279131 
0.026522360570593442 -0.04784031504509259 22.45500000000016 0.23310843971614312 0.4223422395019532 -31.623949762555092 
0.012889717002746208 -0.06125185606310254 22.470000000000162 0.22956406923242287 0.4034112653215061 -32.60457360898015 
-0.005108368052396856 -0.0703796194306581 22.495000000000164 0.22517732862512982 0.415656355237733 -31.039368001173074 
-0.014662177599621655 -0.0949584257406466 22.510000000000165 0.21921343793234857 0.415656355237733 -30.217280808549063 
-0.023019657690279707 -0.09676566118479718 22.535000000000167 0.21279079653695393 0.415656355237733 -29.331957534539082 
-0.04413584200044203 -0.1075158426499369 22.54500000000017 0.19995431758075283 0.42577253348826494 -26.907650427646523 
-0.053076624658620127 -0.1190777835413135 22.56000000000017 0.19234820805358094 0.42577253348826494 -25.884103955893647 
-0.06454285590544231 -0.12068896185020186 22.59000000000017 0.17476925903249335 0.435725599440132 -22.981300488327985 
-0.08577333003713021 -0.1202634544956419 22.600000000000172 0.15891812229040056 0.435725599440132 -20.896953741261424 
-0.09658347611314518 -0.14225782787114694 22.62000000000017 0.14383337071726615 0.435725599440132 -18.913382885533718 
-0.10171706880343434 -0.15192308190663464 22.650000000000173 0.12850265803356112 0.45632210824834435 -16.13478687192809 
-0.12488117303729943 -0.15944501780605935 22.675000000000175 0.10760225496186092 0.45632210824834435 -13.510533379745842 
-0.14773288035731502 -0.17629432946964252 22.690000000000175 0.0820030654756669 0.4692412682186417 -10.012822565089145 
-0.15434195960843144 -0.1932781880847654 22.715000000000177 0.0564881298504958 0.4692412682186417 -6.897371676849867 
-0.1749400336620434 -0.19171917931084845 22.730000000000178 0.034349576486254974 0.4692412682186417 -4.194187284923963 
-0.17966812992264794 -0.20575011273982036 22.74000000000018 0.011438275767975514 0.47978099000131225 -1.3659668475192503 
-0.18739248762198546 -0.20815746433415064 22.77000000000018 -0.0081981803700793 0.48755017702102466 0.963431369797836 
-0.2028696756112969 -0.22617073983965003 22.795000000000183 -0.033741968629559055 0.48755017702102466 3.965278828835678 
-0.2154547846460823 -0.23274311934276073 22.825000000000184 -0.0577873031547772 0.49327432864522486 6.712225607412649 
-0.2154547846460823 -0.23274311934276073 22.825000000000184 -0.0577873031547772 0.49327432864522486 6.712225607412649 
-0.23649417056838132 -0.2566265071796673 22.855000000000185 -0.09660856646752461 0.49327432864522486 11.221470086636815 
-0.25738062306438575 -0.26767826313212084 22.870000000000186 -0.13998109160598224 0.43623759719013183 18.385223585305326 
-0.26896461683551814 -0.28098968110011896 22.895000000000188 -0.174084570502748 0.43623759719013183 22.8644005752852 
-0.2792734245113954 -0.29960803920785195 22.91000000000019 -0.21469257982475545 0.4401803877247795 27.94531301204891 
-0.289407559677447 -0.31228348354354635 22.93500000000019 -0.24489651091443815 0.4401803877247795 31.876787072235373 
-0.29924242776893517 -0.32237273835299723 22.95000000000019 -0.28092960153225893 0.4447606697275469 36.19043140201803 
-0.30975453729234187 -0.3260322596643104 22.975000000000193 -0.3081079911856887 0.45146663680994015 39.102086599204604 
-0.3165543557850513 -0.3465255109482137 23.000000000000195 -0.33999688752401674 0.45146663680994015 43.14911693222467 
-0.3165543557850513 -0.3465255109482137 23.000000000000195 -0.33999688752401674 0.45146663680994015 43.14911693222467 
-0.3331984405988845 -0.3662388961718109 23.030000000000197 -0.3806560243211443 0.46029397528008964 47.382726716245585 
-0.344368891217296 -0.37704558583028713 23.060000000000198 -0.42139396409917307 0.46029397528008964 52.45364256718378 
-0.3766402041722667 -0.37683371969358975 23.0750000000002 -0.47979559960121043 0.39993228889069826 68.73729291112873 
-0.38457364695881263 -0.3885553756959916 23.0900000000002 -0.5222912159534271 0.39993228889069826 74.82537214959846 
-0.39537557383452565 -0.4032462481971044 23.1150000000002 -0.5560627370849364 0.40972056651185035 77.76043133665365 
-0.40170980316761035 -0.4181548711376245 23.1300000000002 -0.6014371786409466 0.41924244803023386 82.19542687122392 
-0.4061061396358739 -0.41392983367846775 23.155000000000204 -0.6194167274734136 0.41924244803023386 84.65260235641104 
-0.4171520832752364 -0.42476350787514616 23.170000000000204 -0.65527796091542 0.4297815981176725 87.35753632269872 
-0.42624223728310207 -0.43402168325850243 23.195000000000206 -0.6788104965723354 0.4297815981176725 90.4947459665914 
-0.43660363866270857 -0.4465740582129683 23.210000000000207 -0.7 0.44187280371443316 90.7660424493502 
-0.44698862332665723 -0.44746104538336834 23.230000000000206 -0.7 0.44187280371443316 90.7660424493502 
-0.4603538229294636 -0.45406012020872644 23.25500000000021 -0.7 0.44187280371443316 90.7660424493502 
-0.46570442234923126 -0.4465199734569445 23.27000000000021 -0.7 0.4766833830010446 84.13770458423916 
-0.47939409086653006 -0.4546855985624219 23.29500000000021 -0.7 0.4766833830010446 84.13770458423916 
-0.4831598816800894 -0.46266737149327725 23.310000000000212 -0.7 0.488992576918827 82.01974335045051 
-0.4896065830244842 -0.4686662231479207 23.335000000000214 -0.7 0.488992576918827 82.01974335045051 
-0.4950841637908201 -0.4646889277874326 23.350000000000215 -0.7 0.4990246586551653 80.37086938197234 
-0.501869580504167 -0.46705432233072147 23.375000000000217 -0.7 0.4990246586551653 80.37086938197234 
-0.5185236403886918 -0.45021942940133897 23.390000000000217 -0.7 0.5056413047930267 79.31916415644598 
-0.501083008266442 -0.4813047801196143 23.40000000000022 -0.7 0.5056413047930267 79.31916415644598 
-0.5156237047401546 -0.473336474247909 23.44500000000022 -0.7 0.5092352734656858 78.7593628112256 
-0.5178127961755618 -0.4753463229574624 23.46000000000022 -0.7 0.5108317491552516 78.51322030293055 
-0.526193445698711 -0.4725166162772333 23.47500000000022 -0.7 0.5108317491552516 78.51322030293055 
-0.5270235978875768 -0.474768987031664 23.490000000000222 -0.7 0.5108317491552516 78.51322030293055 
-0.5282442871784396 -0.4637902122763887 23.515000000000224 -0.7 0.3422980929445524 117.16993604651609 
-0.5291588544696959 -0.45081514315503857 23.530000000000225 -0.7 0.34359511269738147 116.7276372015267 
-0.5321390848898295 -0.42876601715984736 23.555000000000227 -0.7 0.34359511269738147 116.7276372015267 
-0.5341202053676637 -0.4628970920269829 23.570000000000228 -0.7 0.34359511269738147 116.7276372015267 
-0.5396727969449638 -0.4267778989552973 23.58000000000023 -0.7 0.34359511269738147 116.7276372015267 
-0.5443211817057046 -0.42385937666586593 23.61000000000023 -0.7 0.3498621644917321 114.63670476464291 
-0.556232284115965 -0.3984978495659735 23.64000000000023 -0.7 0.3641514871981616 110.13835469339284 
-0.556232284115965 -0.3984978495659735 23.64000000000023 -0.7 0.3641514871981616 110.13835469339284 
-0.5696241637112939 -0.3664164128737057 23.67500000000023 -0.7 0.3641514871981616 110.13835469339284 
-0.5900371463067601 -0.3107549677770288 23.690000000000232 -0.6641655107264628 0.502761889466806 75.68966833014015 
-0.5905659568366382 -0.33022924275798105 23.715000000000234 -0.6404531707902383 0.5245336412283343 69.95788406654009 
-0.600981203879562 -0.2759978188288427 23.730000000000235 -0.5552615870802288 0.5245336412283343 60.6522498555702 
-0.5969249653092443 -0.2867571479820377 23.755000000000237 -0.5224619528166061 0.5419095170728605 55.23959980302376 
-0.5969249653092443 -0.2867571479820377 23.755000000000237 -0.5224619528166061 0.5419095170728605 55.23959980302376 
-0.603504204721449 -0.23820412794413187 23.785000000000238 -0.422644492609967 0.5488541025220482 44.12055143566398 
-0.5950217573697978 -0.1946603656910089 23.805000000000238 -0.422644492609967 0.5488541025220482 44.12055143566398 
-0.5920130448185698 -0.18268668213142003 23.82000000000024 -0.3129638491250498 0.5447740774811618 32.915493662883556 
-0.5898590704397287 -0.17951647446072125 23.85000000000024 -0.20454006850578138 0.5447740774811618 21.512188540401418 
-0.5812592402425826 -0.13639269430688694 23.87500000000024 -0.10644906764189427 0.38108246824071085 16.00462581535153 
-0.5695085092049186 -0.09419413025881013 23.890000000000242 0.01518466731090995 0.38108246824071085 -2.283015942039764 
-0.5640021185523041 -0.060461660034759356 23.915000000000244 0.1076682871924391 0.37548659749325675 -16.429184116591543 
-0.5633049793430656 0.008925942907711377 23.925000000000246 0.2720776364980542 0.3771449794946671 -41.333972659852165 
-0.5670931130816598 0.021554816442140884 23.940000000000246 0.3533121142349541 0.3771449794946671 -53.67509604298771 
-0.5537578244955628 0.07321039511658323 23.970000000000248 0.45519181530466885 0.38869462929654774 -67.09783958954135 
-0.5470918850465536 0.1709627291218721 23.99500000000025 0.626765825557028 0.38869462929654774 -92.38881590013635 
-0.5485189544635872 0.22997252340299632 24.01000000000025 0.7 0.38869462929654774 -103.18394604973732 
-0.5472040098604404 0.3008402309906305 24.02500000000025 0.7 0.4083814599695668 -98.20976119274968 
-0.5529402454817763 0.3903873269386756 24.055000000000252 0.7 0.4563487494067244 -87.88683153246008 
-0.5581424087607731 0.516658356013637 24.070000000000253 0.7 0.4563487494067244 -87.88683153246008 
-0.5692364555960198 0.5757566011907043 24.080000000000254 0.7 0.4563487494067244 -87.88683153246008 
-0.5635718134356903 0.6968303878065755 24.110000000000255 0.7 0.47658960827224617 -84.15425968802691 
-0.558497874684694 0.8336394463818743 24.135000000000257 0.7 0.47658960827224617 -84.15425968802691 
-0.5523531068581649 1.0774969916502675 24.150000000000258 0.7 0.4918858877592555 -81.53729687562672 
-0.5492852646491644 1.205890336698657 24.17500000000026 0.7 0.4918858877592555 -81.53729687562672 
-0.5309869541112594 1.3211948088372352 24.19000000000026 0.7 0.5007473263263855 -80.09437804370019 
-0.5161877723915641 1.5037292548535766 24.215000000000263 0.7 0.5007473263263855 -80.09437804370019 
-0.5049765732974204 1.7637996234231037 24.230000000000263 0.7 0.5022861485635016 -79.84899797428335 
-0.4788296255104214 1.9897313987797787 24.260000000000264 0.7 0.5022861485635016 -79.84899797428335 
-0.44242961202690323 2.2651516124501208 24.275000000000265 0.7 0.49616697816576916 -80.8337665022074 
-0.41532712793587717 2.386520977345574 24.290000000000266 0.7 0.49616697816576916 -80.8337665022074 
-0.39282131982031393 2.66084537129256 24.315000000000268 0.7 0.40658607808543135 -98.64343080318254 
-0.35282546133948395 2.9846655286141393 24.33000000000027 0.7 0.40658607808543135 -98.64343080318254 
-0.32177161067601556 3.2530459644114007 24.35500000000027 0.7 0.39420362246808727 -101.74195104562868 
-0.28837012527581707 3.5826469746411256 24.37000000000027 0.7 0.39420362246808727 -101.74195104562868 
-0.24992513118805473 3.8594126761459937 24.395000000000273 0.7 0.3848382460623714 -104.21793070083115 
-0.19658968661766785 4.2066752514124035 24.405000000000275 0.7 0.3811902458864447 -105.21529890118275 
-0.16591020261995199 4.450250533360181 24.425000000000274 0.7 0.3811902458864447 -105.21529890118275 
-0.12184181057099563 4.737168466642438 24.455000000000275 0.7 0.3811902458864447 -105.21529890118275 
-0.06185204739902344 5.054639203830177 24.470000000000276 0.7 0.3844248322703308 -104.33000756557269 
0.0030830628754250425 5.1923294347707145 24.495000000000278 0.7 0.39371008663023505 -101.86948981275502 
0.08090092048018852 5.299018972009022 24.51000000000028 0.6664456715399085 0.39371008663023505 -96.98640078241341 
0.14675696960771825 5.273243022146585 24.53500000000028 0.6991313152555283 0.39371008663023505 -101.74307199600152 
0.22164716793814204 5.158402160270415 24.55000000000028 0.7 0.4081039580967699 -98.27654170814832 
0.27802002080737226 4.846802371768666 24.560000000000283 0.7 0.4081039580967699 -98.27654170814832 
0.3406682362705411 4.575157261268973 24.600000000000286 0.7 0.42536016906384483 -94.2896128413418 
0.4206761595242984 4.104525806276298 24.615000000000286 0.7 0.42536016906384483 -94.2896128413418 
0.48280036434444495 3.7737379842391077 24.630000000000287 0.7 0.44297865242443135 -90.53945475623019 
0.5284570636694292 3.4970308846101044 24.645000000000287 0.7 0.44297865242443135 -90.53945475623019 
0.5692108835257552 3.1985200320454203 24.67500000000029 0.7 0.4596607334190556 -87.25358235591014 
0.6192481482633758 2.7836285634379925 24.69000000000029 0.7 0.4596607334190556 -87.25358235591014 
0.646390956120046 2.5869831762327755 24.70000000000029 0.7 0.4038121150315812 -99.32105592230917 
0.6707818101607367 -100.2662410268847 24.73000000000029 0.7 0.4222422718448671 -94.98586080432291 
0.7022867832094373 -61.333426626040286 24.755000000000294 0.7 0.4222422718448671 -94.98586080432291 
0.7325878862760962 -24.624128464222032 24.770000000000294 0.7 0.4222422718448671 -94.98586080432291 
0.7513615025714891 -9.833025313652154 24.795000000000297 0.7 0.442705600837478 -90.59529760474241 
0.7725381080544147 -2.123391915388397 24.810000000000297 0.7 0.442705600837478 -90.59529760474241 
0.787389940986123 0.05506299001522352 24.830000000000297 0.7 0.46459356469003243 -86.32716573660731 
0.8052371879248686 0.7307768389733414 24.8550000000003 0.7 0.4720695465265753 -84.96003598253671 
0.8155426226367897 0.9286205327949613 24.8800000000003 0.7 0.4720695465265753 -84.96003598253671 
0.8281659603158136 0.9307089490417934 24.8950000000003 0.7 0.4890377212528397 -82.01217189628956 
