35.11500000000155 -0.7774718555889962 0.44967493586236024 -1.2271467914513565 0.45528385654778014 0.08016451833502589 -0.06842970005400302 0.0 0.0 0.0 
35.11500000000155 -0.7774718555889962 0.44967493586236024 -1.2271467914513565 0.45528385654778014 0.08016451833502589 -0.06842970005400302 0.0 0.0 0.0 
35.14000000000155 -0.7779757396566194 0.4600927228875634 -1.2380684625441827 0.5376952574187397 0.16286513835414207 -0.13634998163173592 0.0 0.0 0.0 
35.15500000000155 -0.772428068984317 0.46669128942751015 -1.2391193584118272 0.6927287298485121 0.26066049205300595 -0.21144073343782377 0.0 0.0 0.0 
35.18000000000155 -0.7599301317685682 0.47839643854809716 -1.2383265703166653 0.7 0.320438306985378 -0.2513657497968965 0.0 0.0 0.0 
35.20500000000155 -0.7495037162924258 0.4903955590827586 -1.2398992753751845 0.7 0.3708252151686449 -0.2808216125680276 0.0 0.0 0.0 
35.23500000000155 -0.7314693156928712 0.5059388509197175 -1.2374081666125887 0.7 0.4133520287676597 -0.29982911835008985 0.0 0.0 0.0 
35.23500000000155 -0.7314693156928712 0.5059388509197175 -1.2374081666125887 0.7 0.4133520287676597 -0.29982911835008985 0.0 0.0 0.0 
35.26500000000155 -0.713837778959344 0.5218585374061234 -1.2356963163654675 0.7 0.44997048783914734 -0.3114038991493685 0.0 0.0 0.0 
35.26500000000155 -0.713837778959344 0.5218585374061234 -1.2356963163654675 0.7 0.44997048783914734 -0.3114038991493685 0.0 0.0 0.0 
35.29000000000155 -0.6882510822944568 0.5357103379848841 -1.2239614202793407 0.7 0.48434354938263946 -0.3185458712736598 0.0 0.0 0.0 
35.30500000000155 -0.6696791545008477 0.544320246614411 -1.2139994011152586 0.7 0.5198274989927731 -0.3241316318099971 0.0 0.0 0.0 
35.33500000000155 -0.6386158294978024 0.5614648181778515 -1.2000806476756538 0.7 0.5356552358784878 -0.32395389781511974 0.0 0.0 0.0 
35.34500000000155 -0.6273403317388045 0.5672258741679627 -1.1945662059067672 0.7 0.5582101056366554 -0.321541811271581 0.0 0.0 0.0 
35.38500000000155 -0.5697039185402538 0.590880210927723 -1.1605841294679768 0.7 0.5666283511169832 -0.3212657332526956 0.0 0.0 0.0 
35.38500000000155 -0.5697039185402538 0.590880210927723 -1.1605841294679768 0.7 0.5666283511169832 -0.3212657332526956 0.0 0.0 0.0 
35.40000000000155 -0.5519184748983663 0.6003287005010286 -1.152247175399395 0.7 0.5862314372762121 -0.3186601806113619 0.0 0.0 0.0 
35.43000000000155 -0.502309692958192 0.6185626424058189 -1.1208723353640109 0.7 0.5935636458666929 -0.31797261940361854 0.0 0.0 0.0 
35.46000000000155 -0.45473155777106317 0.6374565943774463 -1.0921881521485095 0.7 0.6031191764857873 -0.31504542234850763 0.0 0.0 0.0 
35.47500000000155 -0.4263619842242106 0.6470797481170922 -1.0734417323413028 0.7 0.6166812147571833 -0.30947630968256606 0.0 0.0 0.0 
35.48500000000155 -0.4101199678073154 0.653548327671017 -1.0636682954783323 0.7 0.6289457796015039 -0.30889975133033565 0.0 0.0 0.0 
35.52500000000155 -0.3478099008772249 0.6795084910377581 -1.027318391914983 0.7 0.6339350939926811 -0.3083375900237413 0.0 0.0 0.0 
35.52500000000155 -0.3478099008772249 0.6795084910377581 -1.027318391914983 0.7 0.6339350939926811 -0.3083375900237413 0.0 0.0 0.0 
35.55500000000155 -0.29855476870587594 0.6994606044388795 -0.9980153731447554 0.7 0.6422523597211683 -0.3115729847041742 0.0 0.0 0.0 
35.58000000000155 -0.26187980504128644 0.7156042528887793 -0.9774840579300657 0.7 0.6459789767812683 -0.3167047949155243 0.0 0.0 0.0 
35.59500000000155 -0.24050056714985954 0.7257460527101844 -0.966246619860044 0.7 0.6539613676731593 -0.3213660523217663 0.0 0.0 0.0 
35.605000000001546 -0.22343986210980513 0.7325922829346024 -0.9560321450444076 0.7 0.6637923626310328 -0.3262826301337556 0.0 0.0 0.0 
35.64000000000155 -0.16945672427516964 0.755782186944313 -0.9252389112194827 0.7 0.66439424696149 -0.3276482281186327 0.0 0.0 0.0 
35.65000000000155 -0.15695741817050854 0.7625135690908964 -0.919470987261405 0.7 0.6668021454550014 -0.33087620834881787 0.0 0.0 0.0 
35.68000000000155 -0.11213505747517755 0.7827971733944467 -0.8949322308696241 0.7 0.6689318364807518 -0.33565734145352233 0.0 0.0 0.0 
35.69500000000155 -0.09401635014157915 0.7930581364814158 -0.8870744866229949 0.7 0.6732846043380566 -0.3456752256029569 0.0 0.0 0.0 
35.72000000000155 -0.0569028056443431 0.8100619103880332 -0.8669647160323763 0.7 0.6754650679693099 -0.3513540683589346 0.0 0.0 0.0 
35.745000000001546 -0.024106170187850953 0.827234303140342 -0.851340473328193 0.7 0.6784393632476876 -0.35872523883590124 0.0 0.0 0.0 
35.745000000001546 -0.024106170187850953 0.827234303140342 -0.851340473328193 0.7 0.6784393632476876 -0.35872523883590124 0.0 0.0 0.0 
35.77500000000155 0.01553680242170942 0.8481172148099777 -0.8325804123882683 0.7 0.6827648162281572 -0.36796460592007646 0.0 0.0 0.0 
35.800000000001546 0.04781445669192198 0.8657508922988363 -0.8179364356069143 0.7 0.6889078680336284 -0.37861723808419284 0.0 0.0 0.0 
35.800000000001546 0.04781445669192198 0.8657508922988363 -0.8179364356069143 0.7 0.6889078680336284 -0.37861723808419284 0.0 0.0 0.0 
35.83500000000155 0.08891619945242242 0.8918527772750088 -0.8029365778225863 0.7 0.7017494115269112 -0.38946716863974906 0.0 0.0 0.0 
35.84500000000155 0.10158240449560031 0.8995771749628575 -0.7979947704672572 0.7 0.7296601930451948 -0.40983328206652764 0.0 0.0 0.0 
35.87500000000155 0.1429325935517032 0.9224363952771085 -0.7795038017254053 0.7 0.7390180782111577 -0.4188210104376115 0.0 0.0 0.0 
35.88500000000155 0.15799110325872187 0.9298268670028899 -0.771835763744168 0.7 0.7475162506086134 -0.4307934545325584 0.0 0.0 0.0 
35.91500000000155 0.19933450494596364 0.9541443430877763 -0.7548098381418127 0.7 0.761144072483423 -0.43566973006091514 0.0 0.0 0.0 
35.925000000001546 0.2129231528029458 0.9626334141368 -0.7497102613338542 0.7 0.7912833348996895 -0.4423622010013345 0.0 0.0 0.0 
35.95500000000155 0.25823802893348197 0.9877076552276132 -0.7294696262941311 0.7 0.8033386292391239 -0.4475748196908286 0.0 0.0 0.0 
35.980000000001546 0.29491321938006343 1.0095267227746234 -0.71461350339456 0.7 0.8217730757942089 -0.4530609550045761 0.0 0.0 0.0 
35.995000000001546 0.3149473912968857 1.022691014082894 -0.7077436227860083 0.7 0.842375994079048 -0.46091540719875534 0.0 0.0 0.0 
36.01000000000155 0.3400816283907495 1.0364671949930808 -0.6963855666023313 0.7 0.8640056803467199 -0.46709930491607854 0.0 0.0 0.0 
36.02500000000155 0.3547341588086458 1.0498844976223218 -0.695150338813676 0.7 0.8767210956672268 -0.4695733233134917 0.0 0.0 0.0 
36.05500000000155 0.3987406218374162 1.0776560896318548 -0.6789154677944386 0.7 0.8885665264261795 -0.4718353724520363 0.0 0.0 0.0 
36.06500000000155 0.4146869519371494 1.0872826934916073 -0.6725957415544579 0.7 0.9143202613986587 -0.4770287196189861 0.0 0.0 0.0 
36.09500000000155 0.4620787106680261 1.1164414094038122 -0.6543626987357861 0.7 0.9285885758158634 -0.4791803389627683 0.0 0.0 0.0 
36.120000000001546 0.4965166866285747 1.141665287174654 -0.6451486005460794 0.7 0.950042197290427 -0.4819221895557214 0.0 0.0 0.0 
36.13500000000155 0.5165324521965051 1.1572819633193971 -0.640749511122892 0.7 0.9792999811198977 -0.48486398368785844 0.0 0.0 0.0 
36.15000000000155 0.5379395540392754 1.1726430348807857 -0.6347034808415103 0.7 0.9972166806302719 -0.48562133816343134 0.0 0.0 0.0 
36.175000000001546 0.5778327857499861 1.199955609624068 -0.6221228238740819 0.7 1.019764039184375 -0.48644443123463244 0.0 0.0 0.0 
36.185000000001544 0.5910660903430338 1.2119848516358094 -0.6209187612927756 0.7 1.0739054118938918 -0.4897438709117329 0.0 0.0 0.0 
36.22000000000155 0.6463554857641632 1.2530831269659273 -0.606727641201764 0.7 1.0989018061794997 -0.48918775219047733 0.0 0.0 0.0 
36.23500000000155 0.6712991939465529 1.2719455053170223 -0.6006463113704694 0.7 1.1486595864678506 -0.48954849314924526 0.0 0.0 0.0 
36.245000000001546 0.6897928221446922 1.2847682354078485 -0.5949754132631563 0.7 1.1982938973532364 -0.4903400690671227 0.0 0.0 0.0 
36.27500000000155 0.7289907901588673 1.3246798348371238 -0.5956890446782566 0.7 1.2300474723010801 -0.4881016605062663 0.0 0.0 0.0 
36.300000000001546 0.7705903263416837 1.3610535944538944 -0.5904632681122107 0.7 1.287116859762038 -0.4846413441638926 0.0 0.0 0.0 
36.31500000000155 0.789042167702223 1.383097905971688 -0.5940557382694649 0.7 1.3528463839953253 -0.48330833742254625 0.0 0.0 0.0 
36.325000000001545 0.8082061492959642 1.3982982464073619 -0.5900920971113977 0.7 1.4165266566795907 -0.4801540270247324 0.0 0.0 0.0 
36.365000000001544 0.8700821790145059 1.4644285997123785 -0.5943464206978726 0.7 1.4692807429303731 -0.4765772209385826 0.0 0.0 0.0 
36.380000000001544 0.8937576491770872 1.4910205302870936 -0.5972628811100064 0.7 1.5732974181545736 -0.46883952242754007 0.0 0.0 0.0 
36.395000000001545 0.917985805101597 1.5184249215394594 -0.6004391164378624 0.7 1.6561290171405152 -0.4641507238402524 0.0 0.0 0.0 
36.420000000001544 0.9593655052357579 1.5679340277869367 -0.6085685225511788 0.7 1.7368205869900992 -0.45975868805071346 0.0 0.0 0.0 
36.435000000001544 0.9813628818131823 1.5991414976769418 -0.6177786158637595 0.7 1.8470972614388188 -0.45342380559023976 0.0 0.0 0.0 
36.465000000001545 1.029169167060248 1.6665497062466748 -0.6373805391864267 0.7 1.9447448208535079 -0.44651632433997396 0.0 0.0 0.0 
36.480000000001546 1.0598895253020535 1.7029752515170524 -0.6430857262149989 0.7 2.1017556292266417 -0.4336596424119828 0.0 0.0 0.0 
36.480000000001546 1.0598895253020535 1.7029752515170524 -0.6430857262149989 0.7 2.1017556292266417 -0.4336596424119828 0.0 0.0 0.0 
36.51000000000155 1.0992390925534892 1.7807585293172352 -0.681519436763746 0.7 2.2249351242258975 -0.42481829153259487 0.0 0.0 0.0 
36.52500000000155 1.122788590233472 1.822639238264044 -0.699850648030572 0.7 2.4142989268266 -0.4113873543224939 0.0 0.0 0.0 
36.55500000000155 1.1799436993640329 1.9097246086536412 -0.7297809092896084 0.7 2.541870919417329 -0.39681851790823736 0.0 0.0 0.0 
36.58000000000155 1.206708072239968 1.9909293673153852 -0.7842212950754173 0.7 2.7312092367059226 -0.3749085155436263 0.0 0.0 0.0 
36.59500000000155 1.2310287017604349 2.0427500021075846 -0.8117213003471497 0.7 2.9731760042672972 -0.34352873010814217 0.0 0.0 0.0 
36.605000000001546 1.2490962790968663 2.075777711181654 -0.8266814320847877 0.7 3.149711392934204 -0.31559897057432695 0.0 0.0 0.0 
36.64000000000155 1.303094728318074 2.207730156440159 -0.9046354281220848 0.7 3.290591684881074 -0.29835260937291097 0.0 0.0 0.0 
36.65000000000155 1.318558769929798 2.2467295561292016 -0.9281707861994035 0.7 3.5631417214947154 -0.25893891709748446 0.0 0.0 0.0 
36.68000000000155 1.3652438009978554 2.3695191892549867 -1.0042753882571314 0.7 3.6979176751829232 -0.23423783867002923 0.0 0.0 0.0 
36.70500000000155 1.402350465022073 2.4761451301247503 -1.0737946651026773 0.7 3.861683138192342 -0.19657214983632385 0.0 0.0 0.0 
36.72000000000155 1.42376959368411 2.539938193122973 -1.116168599438863 0.7 4.023463740784939 -0.15234699312580063 0.0 0.0 0.0 
36.745000000001546 1.4581094767750982 2.648343344384858 -1.19023386760976 0.7 4.116157237867866 -0.11738139291695271 0.0 0.0 0.0 
36.745000000001546 1.4581094767750982 2.648343344384858 -1.19023386760976 0.7 4.116157237867866 -0.11738139291695271 0.0 0.0 0.0 
36.77500000000155 1.5068403576212517 2.7766317368762747 -1.269791379255023 0.7 4.171948532239638 -0.07859327891071721 0.0 0.0 0.0 
36.79000000000155 1.5325565953673888 2.8392629323626366 -1.3067063369952479 0.7 4.206403826621889 -0.021760402261015083 0.0 0.0 0.0 
36.81500000000155 1.573128750721104 2.942900380412044 -1.36977162969094 0.47942007039182893 4.200324016861581 0.01733642217474493 0.0 0.0 0.0 
36.83000000000155 1.593066244547452 3.0027526421608095 -1.4096863976133576 0.4933902391646751 4.154698699634596 0.06794422702423908 0.0 0.0 0.0 
36.84500000000155 1.6161817915706478 3.060746578871687 -1.4445647873010392 0.5055976755553637 4.082488700094246 0.10573070100446062 0.0 0.0 0.0 
36.88500000000155 1.678230729860343 3.2076280452751433 -1.5293973154148004 0.5352890603951801 3.991180840169817 0.13425098533669483 0.0 0.0 0.0 
36.88500000000155 1.678230729860343 3.2076280452751433 -1.5293973154148004 0.5352890603951801 3.991180840169817 0.13425098533669483 0.0 0.0 0.0 
36.91500000000155 1.7231994655575738 3.30737700934213 -1.5841775437845562 0.5544621403245946 3.819444723984712 0.17379577371002858 0.0 0.0 0.0 
36.925000000001546 1.7393847945839322 3.3398839533777873 -1.600499158793855 0.5601747055778492 3.548422258661977 0.2381596686280683 0.0 0.0 0.0 
36.95500000000155 1.7789858183729714 3.4281419872234173 -1.649156168850446 0.5772046590976561 3.3982803811542044 0.26091430828915696 0.0 0.0 0.0 
36.965000000001545 1.790561240315223 3.456035506460531 -1.665474266145308 0.5829159931508577 3.138718614683808 0.3019522133538835 0.0 0.0 0.0 
37.005000000001544 1.8470139060710031 3.5577498453051786 -1.7107359392341754 0.5987575787319613 2.9984275770220563 0.3159600881599015 0.0 0.0 0.0 
37.005000000001544 1.8470139060710031 3.5577498453051786 -1.7107359392341754 0.5987575787319613 2.9984275770220563 0.3159600881599015 0.0 0.0 0.0 
37.04000000000155 1.8925896332097296 3.638889493879261 -1.7462998606695312 0.6112049512343359 2.8121962006906034 0.3328392806763682 0.0 0.0 0.0 
37.05500000000155 1.9122171608135201 3.6701825566938284 -1.7579653958803083 0.6152878885581079 2.533734504920106 0.3559261254207715 0.0 0.0 0.0 
37.06500000000155 1.924059935306878 3.6902335101298256 -1.7661735748229477 0.6181607511880316 2.30033308029692 0.3745939526845678 0.0 0.0 0.0 
37.090000000001545 1.9613764198270989 3.739040794173798 -1.777664374346699 0.6221825310213447 2.2016130599135897 0.3813686213128911 0.0 0.0 0.0 
37.105000000001546 1.9732811952117633 3.7662600089132994 -1.7929788137015361 0.6275425847955376 2.0734744706544186 0.3889609692750758 0.0 0.0 0.0 
37.13500000000155 2.0087017704418857 3.8181501199917127 -1.809448349549827 0.6333069223424395 1.9844731785007284 0.3928168894440481 0.0 0.0 0.0 
37.15000000000155 2.0256845515751385 3.8435972613934783 -1.8179127098183399 0.6362694484364189 1.8723079870251738 0.3955596326415973 0.0 0.0 0.0 
37.175000000001546 2.053866901873114 3.883012683764626 -1.829145781891512 0.6402010236620291 1.7920725586060757 0.3991551455854648 0.0 0.0 0.0 
37.185000000001544 2.0649325503743703 3.8972684660169326 -1.8323359156425623 0.6413175704748968 1.6571794133556603 0.40746291940973417 0.0 0.0 0.0 
37.200000000001545 2.0905407963002034 3.9182020944882736 -1.8276612981880702 0.6396814543658246 1.577001115555405 0.41388379049356283 0.0 0.0 0.0 
37.245000000001546 2.1415902860859317 3.981009482057759 -1.8394191959718271 0.6437967185901394 1.5322069886899157 0.41506724144021073 0.0 0.0 0.0 
37.245000000001546 2.1415902860859317 3.981009482057759 -1.8394191959718271 0.6437967185901394 1.5322069886899157 0.41506724144021073 0.0 0.0 0.0 
37.27500000000155 2.18695045251375 4.01926875045384 -1.8323182979400898 0.6413114042790314 1.459859800088526 0.41739516092969553 0.0 0.0 0.0 
37.285000000001546 2.2021683405489187 4.032333524833469 -1.8301651842845499 0.6405578144995924 1.3631447981023603 0.42061950035345874 0.0 0.0 0.0 
37.31500000000155 2.243792731400171 4.067769474728571 -1.8239767433284002 0.63839186016494 1.3165485422449625 0.42358019613409276 0.0 0.0 0.0 
37.340000000001545 2.2827041130653236 4.096632760431062 -1.8139286473657381 0.6348750265780083 1.2668256357543035 0.42421565762308255 0.0 0.0 0.0 
37.355000000001546 2.3018411475659355 4.112993878815807 -1.8111527312498716 0.633903455937455 1.2060999106857424 0.4250234036639265 0.0 0.0 0.0 
37.365000000001544 2.3171076215716617 4.123538577642412 -1.8064309560707503 0.6322508346247626 1.1478405322608052 0.42534695182302507 0.0 0.0 0.0 
37.395000000001545 2.355612224830583 4.153647855839951 -1.7980356310093684 0.6293124708532789 1.1127659649868595 0.42503894562248096 0.0 0.0 0.0 
37.40500000000154 2.3704735758583424 4.163935171774762 -1.7934615959164195 0.6277115585707468 1.063918834955868 0.4206612109158684 0.0 0.0 0.0 
37.450000000001545 2.4333132767292387 4.205500790502304 -1.7721875137730656 0.6202656298205729 1.0322369425213782 0.4173580871819416 0.0 0.0 0.0 
37.450000000001545 2.4333132767292387 4.205500790502304 -1.7721875137730656 0.6202656298205729 1.0322369425213782 0.4173580871819416 0.0 0.0 0.0 
37.465000000001545 2.455943652790765 4.217945739064401 -1.762002086273636 0.6167007301957725 0.9624644498648003 0.41274591192099197 0.0 0.0 0.0 
37.495000000001546 2.493925017953656 4.24358819816438 -1.749663180210724 0.6123821130737533 0.9300989081777221 0.40622577677537625 0.0 0.0 0.0 
37.520000000001545 2.533312813853075 4.264163631501344 -1.7308508176482684 0.605797786176894 0.8966661976687373 0.39843996624553696 0.0 0.0 0.0 
37.535000000001546 2.5509061127936548 4.275685534738177 -1.7247794219445218 0.6036727976805826 0.8537813281231151 0.38652848633329706 0.0 0.0 0.0 
37.550000000001546 2.5686889913542643 4.2871166237673 -1.7184276324130359 0.6014496713445625 0.8222376380338005 0.3780901196319159 0.0 0.0 0.0 
37.575000000001545 2.601736865745811 4.305971128436239 -1.704234262690428 0.5964819919416497 0.8027308243991582 0.3730602658197217 0.0 0.0 0.0 
37.60000000000154 2.6330357867353062 4.324622905394029 -1.6915871186587226 0.5920554915305528 0.7853564146919574 0.3666189101490022 0.0 0.0 0.0 
37.615000000001544 2.6550562092522196 4.335702967184053 -1.6806467579318336 0.5882263652761417 0.7671429766547797 0.3581724402024872 0.0 0.0 0.0 
37.63500000000155 2.6810019954928688 4.3505221752668675 -1.6695201797739987 0.5843320629208995 0.7577088319659727 0.3521800133125229 0.0 0.0 0.0 
37.65000000000155 2.699651132616988 4.3604071670581455 -1.6607560344411576 0.5812646120544052 0.733915077650627 0.3445402841738917 0.0 0.0 0.0 
37.675000000001546 2.7318095310984423 4.378591212554298 -1.6467816814558556 0.5763735885095495 0.7282694765369825 0.3413005670935259 0.0 0.0 0.0 
37.700000000001545 2.765446997989228 4.396451871690638 -1.6310048737014098 0.5708517057954934 0.7237584522057277 0.3379518189573992 0.0 0.0 0.0 
37.715000000001545 2.7917299717587603 4.406636045981202 -1.6149060742224415 0.5652171259778545 0.7124094104563355 0.33367409205324655 0.0 0.0 0.0 
37.740000000001544 2.8183087609406328 4.423407506618135 -1.6050987456775023 0.5617845609871258 0.70193548492058 0.3275032269602183 0.0 0.0 0.0 
37.755000000001544 2.84169022981777 4.432667238902447 -1.5909770090846767 0.5568419531796368 0.6795193309380874 0.3215560293855388 0.0 0.0 0.0 
37.78000000000154 2.869228626590554 4.448997081936515 -1.5797684553459606 0.5529189593710861 0.6701198630512617 0.3158231877165239 0.0 0.0 0.0 
37.795000000001544 2.889693364882398 4.459084207838826 -1.569390842956428 0.5492867950347498 0.6658578920716374 0.3102383087229349 0.0 0.0 0.0 
37.825000000001545 2.9293630601413736 4.4770801757515555 -1.5477171156101819 0.5417009904635636 0.6518498292273823 0.30267326935891053 0.0 0.0 0.0 
37.840000000001545 2.946124158373276 4.485864255931926 -1.5397400975586497 0.5389090341455274 0.6299604432230579 0.29372529497964783 0.0 0.0 0.0 
37.855000000001546 2.965510241526873 4.494746307860283 -1.5292360663334104 0.5352326232166936 0.6156796152369012 0.28612249054251077 0.0 0.0 0.0 
37.880000000001544 2.9918820254049936 4.508745266494536 -1.5168632410895424 0.5309021343813398 0.6018040878093953 0.27935249319895455 0.0 0.0 0.0 
37.895000000001545 3.0075629344289627 4.517093864146726 -1.509530929717763 0.528335825401217 0.5856492499211831 0.2691683995544773 0.0 0.0 0.0 
37.920000000001544 3.0332037889007664 4.530795469677218 -1.497591680776452 0.5241570882717582 0.5751061785324276 0.26160335324281914 0.0 0.0 0.0 
37.935000000001544 3.0542308294821834 4.5393106462138935 -1.48507981673171 0.5197779358560985 0.5682865954662246 0.2526718964978443 0.0 0.0 0.0 
37.94500000000154 3.0646099852627446 4.545059319323347 -1.480449334060602 0.5181572669212107 0.5665248045344728 0.24516604772144415 0.0 0.0 0.0 
37.97500000000154 3.1017021732066 4.560512007116795 -1.4588098339101951 0.5105834418685683 0.5559315269697307 0.23902170553649527 0.0 0.0 0.0 
37.990000000001544 3.1205146762296856 4.568224841128975 -1.4477101648992896 0.5066985577147514 0.541069718996118 0.2285080462824115 0.0 0.0 0.0 
38.020000000001545 -3.132753707496953 4.583999296992908 -1.4335676973102753 0.5017486940585963 0.5357328295249377 0.22320763783785352 0.0 0.0 0.0 
38.045000000001544 -3.1028667511991346 4.596639973050456 -1.4163214170700043 0.49571249597450145 0.527699116734243 0.21714158856878688 0.0 0.0 0.0 
38.07000000000154 -3.075235458317771 4.60915507805153 -1.4012052291897152 0.4904218302164003 0.5197821979850786 0.21139748535313066 0.0 0.0 0.0 
38.07000000000154 -3.075235458317771 4.60915507805153 -1.4012052291897152 0.4904218302164003 0.5197821979850786 0.21139748535313066 0.0 0.0 0.0 
38.10000000000154 -3.0408935058765865 4.624761448395371 -1.3824696470923712 0.4838643764823299 0.5178735794460049 0.20573684341987447 0.0 0.0 0.0 
38.115000000001544 -3.02109793284126 4.632101890905561 -1.3700145165672346 0.4795050807985321 0.5109454392796148 0.19562038474725235 0.0 0.0 0.0 
38.12500000000154 -3.008763008715882 4.637400288611644 -1.3629779901479395 0.4770422965517788 0.5116278977731951 0.18516713384310662 0.0 0.0 0.0 
38.15500000000154 -2.970873382504335 4.652533797142266 -1.3402218724670147 0.46907765536345514 0.5102432456205844 0.18094865947375918 0.0 0.0 0.0 
38.18000000000154 -2.942237510593419 4.665263960753473 -1.3243161641673051 0.46351065745855674 0.5095306849017995 0.1739544189661445 0.0 0.0 0.0 
38.19500000000154 -2.9244903637261475 4.672960026798361 -1.3142650833449219 0.4599927791707226 0.5098883634527819 0.16781708850913263 0.0 0.0 0.0 
38.20500000000154 -2.9111336303214626 4.678121750169009 -1.3060700733108845 0.45712452565880957 0.5113231647517454 0.1598954862094839 0.0 0.0 0.0 
38.22000000000154 -2.893250242849439 4.685628101690673 -1.2956930373605253 0.45349256307618385 0.5094053210272741 0.15587339477548823 0.0 0.0 0.0 
38.255000000001544 -2.8538250735161825 4.703666583792644 -1.2743063501292404 0.4460072225452341 0.5103676123692183 0.15060131938330348 0.0 0.0 0.0 
38.26500000000154 -2.842264968922912 4.7080927870429985 -1.267172448786324 0.4435103570752134 0.49766761264243753 0.14476029015934797 0.0 0.0 0.0 
38.295000000001544 -2.8006755308754254 4.723954402445147 -1.2414446261409866 0.43450561914934527 0.5026752417410615 0.13957826004298243 0.0 0.0 0.0 
38.32000000000154 -2.773991865272165 4.736148323107636 -1.2269548812002142 0.42943420842007496 0.5014720320174588 0.1344517291800539 0.0 0.0 0.0 
38.33500000000154 -2.758699826764141 4.743899800531182 -1.219414320115737 0.42679501204050796 0.503962272516137 0.12546943981695677 0.0 0.0 0.0 
38.36000000000154 -2.7305451606981626 4.755864724134083 -1.2032245776526596 0.42112860217843084 0.4992777721656384 0.11948480210232129 0.0 0.0 0.0 
38.37500000000154 -2.71025712204296 4.762867219646561 -1.1899390345099352 0.4164786620784773 0.4903459437938402 0.11202858943122665 0.0 0.0 0.0 
38.40000000000154 -2.6810060261074935 4.774826803916867 -1.172647522844775 0.4104266329956712 0.4863023959155901 0.10566283822362783 0.0 0.0 0.0 
38.41500000000154 -2.667970387083554 4.78132839201098 -1.1661134719149482 0.40813971517023184 0.4735589779579222 0.09536533851711444 0.0 0.0 0.0 
38.43000000000154 -2.6539178237650103 4.7878941827795405 -1.158626699364964 0.40551934477773743 0.4624465763648064 0.08897155791837423 0.0 0.0 0.0 
38.44500000000154 -2.640980293823631 4.794014114037808 -1.1518091006818532 0.4031331852386486 0.44805871515562706 0.08321801432986463 0.0 0.0 0.0 
38.47500000000154 -2.617058783974794 4.80505861326346 -1.1389320900586686 0.398626231520534 0.4297010311018727 0.07740971546208085 0.0 0.0 0.0 
38.48500000000154 -2.603089673053821 4.8089953559391265 -1.1288997218133616 0.3951149026346765 0.4057460132072176 0.06602658911228268 0.0 0.0 0.0 
38.51500000000154 -2.5799519773165356 4.819667067586961 -1.1164337377239102 0.3907518082033685 0.3932010348512579 0.06039449912018235 0.0 0.0 0.0 
38.52500000000154 -2.5686108501370164 4.823161076913424 -1.108586619870854 0.3880053169547989 0.37294694629673164 0.046121546913821074 0.0 0.0 0.0 
38.55500000000154 -2.5553543043546756 4.8336229784692195 -1.1057919756443084 0.3870271914755079 0.36600073791067966 0.039166782127043887 0.0 0.0 0.0 
38.56500000000154 -2.5473039026206292 4.836797413240153 -1.100916008681196 0.3853206030384186 0.3498642084848417 0.02562091583693024 0.0 0.0 0.0 
38.59500000000154 -2.5174408823399923 4.846868057433184 -1.0811236325935898 0.3783932714077564 0.34536645451918135 0.018175140662265006 0.0 0.0 0.0 
38.60500000000154 -2.5119091779827034 4.850225671888678 -1.0789495426917952 0.3776323399421283 0.33933972847897537 0.005604530874380153 0.0 0.0 0.0 
38.62500000000154 -2.4972030303128823 4.856904407913307 -1.0709221310466024 0.3748227458663108 0.33733409339775894 0.0018967072112237747 0.0 0.0 0.0 
38.65500000000154 -2.471323464467228 4.86763310170444 -1.055771258992082 0.3744981045244358 0.3410381528334816 -0.0031057633723997483 0.0 0.0 0.0 
38.66500000000154 -2.463055658055011 4.870857287202844 -1.0507276380782686 0.3894171230906506 0.34062911716530775 -0.013530939171843927 0.0 0.0 0.0 
38.69500000000154 -2.4374128841580376 4.87994526869994 -1.0341728456783912 0.3878695198451717 0.332954351614856 -0.01655649863372197 0.0 0.0 0.0 
38.70500000000154 -2.424239205244573 4.883523745087222 -1.0245776431522096 0.40244169364343757 0.3310303925182969 -0.028177343673027246 0.0 0.0 0.0 
38.73500000000154 -2.3966364971679903 4.893640367433958 -1.0070915574223624 0.4012415631106024 0.3320899396649045 -0.031239626063654186 0.0 0.0 0.0 
38.75000000000154 -2.384664249412648 4.898399735337945 -0.9998786775710062 0.40698538048966254 0.32973421961027327 -0.03679807241014458 0.0 0.0 0.0 
38.77500000000154 -2.3612068028284767 4.9063144116865836 -0.984335907335474 0.4067213448633085 0.3266443553732551 -0.04051760275497562 0.0 0.0 0.0 
38.78500000000154 -2.3559782842432386 4.9094234296758 -0.9822164067394521 0.4090997094889106 0.3211197778625738 -0.04328203171779776 0.0 0.0 0.0 
38.81500000000154 -2.3264176069840654 4.918569239651295 -0.9618015394557737 0.40677000543560254 0.317270178614331 -0.04703653787029034 0.0 0.0 0.0 
38.83500000000154 -2.3132487558043318 4.92509544902588 -0.9551588976506258 0.41304489367851094 0.31735408170370344 -0.05278973599999033 0.0 0.0 0.0 
38.84500000000154 -2.3000760533909608 4.928037007559993 -0.9449277537713678 0.4158462274884057 0.312707201843575 -0.05791667172425433 0.0 0.0 0.0 
38.87500000000154 -2.2711814954923817 4.937255540096988 -0.9252517284097834 0.4121910871133704 0.31114052770906775 -0.0604180592707838 0.0 0.0 0.0 
38.90000000000154 -2.245252919070385 4.944185307548455 -0.9062529194392539 0.40921945442559615 0.30369698449404375 -0.06447561383144462 0.0 0.0 0.0 
38.91500000000154 -2.2367216647088086 4.948227343097786 -0.9017637006270078 0.4122977396804206 0.2930130386790524 -0.07020270300889997 0.0 0.0 0.0 
38.92500000000154 -2.224815363177472 4.951038043620662 -0.8926680996185485 0.4144349374381896 0.2857467435212478 -0.07594963981692274 0.0 0.0 0.0 
38.94000000000154 -2.2104955331413714 4.955312697772179 -0.8826229237339636 0.4164238460274321 0.28412548948017724 -0.08050519981185786 0.0 0.0 0.0 
38.95500000000154 -2.1979942377316517 4.959351632891556 -0.8741605634436214 0.41425929739517814 0.2806252726246029 -0.08211381886901278 0.0 0.0 0.0 
39.00000000000154 -2.1582452524826663 4.971601847443424 -0.8466617927465041 0.4083491145160702 0.278571681868586 -0.08555610435393053 0.0 0.0 0.0 
39.00000000000154 -2.1582452524826663 4.971601847443424 -0.8466617927465041 0.4083491145160702 0.278571681868586 -0.08555610435393053 0.0 0.0 0.0 
39.035000000001546 -2.1258597442066023 4.980936734156058 -0.8236111711830745 0.4057019607126917 0.2753712035799711 -0.09073867925916926 0.0 0.0 0.0 
39.045000000001544 -2.112757117652088 4.98366300249715 -0.813234812969652 0.4142148316673298 0.2714269623740675 -0.10157714526043969 0.0 0.0 0.0 
39.075000000001545 -2.0807092511879515 4.990984364654253 -0.7885083086626175 0.4078125328697016 0.26548448606549807 -0.10565559062962346 0.0 0.0 0.0 
39.08500000000154 -2.0766516646966324 4.993107342165175 -0.7865736996822204 0.40804567130268077 0.24932137498338247 -0.1132818665397018 0.0 0.0 0.0 
39.115000000001544 -2.0437617400476933 5.000518453675884 -0.761094886543991 0.4021224283889411 0.24722901887908819 -0.11681753554967002 0.0 0.0 0.0 
39.12500000000154 -2.036293186207681 5.003276152197097 -0.7563840312251919 0.4090251519740535 0.25110972444600277 -0.1222579401770671 0.0 0.0 0.0 
39.15500000000154 -2.0070494703730577 5.010478945820261 -0.7343431090137322 0.40523590291252043 0.24927016668003968 -0.12651044509534987 0.0 0.0 0.0 
39.18000000000154 -1.979234157281469 5.016065922492519 -0.7121147725944015 0.3997951515210039 0.24337970950357804 -0.13161727725874742 0.0 0.0 0.0 
39.19500000000154 -1.9645259887269821 5.019479553875425 -0.700820235422821 0.3995840906742381 0.23720956983853528 -0.13839724391988445 0.0 0.0 0.0 
39.20500000000154 -1.9567854033658791 5.021426278662863 -0.6950263748491565 0.39581138133635446 0.22579610801885078 -0.14374873229531349 0.0 0.0 0.0 
39.22500000000154 -1.9385809804549998 5.0254431572768885 -0.6808388305523021 0.3894134789002004 0.21901700601180438 -0.14680671738276638 0.0 0.0 0.0 
39.255000000001544 -1.9136307288267989 5.031279511909605 -0.6617249335568172 0.3824015782934418 0.21269433716049474 -0.15084862951212355 0.0 0.0 0.0 
39.28000000000154 -1.891477023848542 5.035672071471353 -0.6439637881403089 0.3743107765902246 0.20290833754263154 -0.15615839628353861 0.0 0.0 0.0 
39.295000000001544 -1.8743614193543925 5.038625484204755 -0.6298015963795613 0.3715155690257398 0.19675669628383458 -0.16337815931029864 0.0 0.0 0.0 
39.30500000000154 -1.868962507469357 5.040621428368887 -0.6263986286586576 0.37363511440203934 0.1945400273888524 -0.16886050085909277 0.0 0.0 0.0 
39.34500000000154 -1.8295185735658597 5.04674904496466 -0.5930823113509334 0.3580698300438142 0.18599909527352693 -0.1721479673770961 0.0 0.0 0.0 
39.34500000000154 -1.8295185735658597 5.04674904496466 -0.5930823113509334 0.3580698300438142 0.18599909527352693 -0.1721479673770961 0.0 0.0 0.0 
39.37500000000154 -1.802049843850703 5.050593500495558 -0.5694580371666751 0.343130332694244 0.17083951069435285 -0.1791154988920399 0.0 0.0 0.0 
39.40000000000154 -1.7906677432449565 5.054156117759515 -0.5616385538248849 0.3352328892936811 0.15959878041455808 -0.1848510305425966 0.0 0.0 0.0 
39.40000000000154 -1.7906677432449565 5.054156117759515 -0.5616385538248849 0.3352328892936811 0.15959878041455808 -0.1848510305425966 0.0 0.0 0.0 
39.43000000000154 -1.7618498313065971 5.057259008029003 -0.5359235321560138 0.3189024115372254 0.14539093594162528 -0.1921878935487795 0.0 0.0 0.0 
39.47000000000154 -1.7300800902791267 5.061643958931526 -0.5085387420310665 0.30404910974218324 0.13492468064267227 -0.1987878977806544 0.0 0.0 0.0 
39.47000000000154 -1.7300800902791267 5.061643958931526 -0.5085387420310665 0.30404910974218324 0.13492468064267227 -0.1987878977806544 0.0 0.0 0.0 
39.50000000000154 -1.703543055021965 5.064481818457876 -0.4848395663002556 0.2887547692653986 0.12253659497815014 -0.20673098406572016 0.0 0.0 0.0 
39.51500000000154 -1.6916115631378503 5.065692956695395 -0.4741192126536591 0.274349216004659 0.10657850887454148 -0.21641721190432459 0.0 0.0 0.0 
39.52500000000154 -1.684830077921071 5.06666502443616 -0.46830979517764515 0.2683408666242853 0.09743975100842699 -0.2280349394987586 0.0 0.0 0.0 
39.54000000000154 -1.6769519057192648 5.067708673145068 -0.4614752716847468 0.2595135559368038 0.08995447616314567 -0.2317891369318147 0.0 0.0 0.0 
39.56500000000154 -1.6547342335420523 5.0688140288030255 -0.44036295516549195 0.24150948438183487 0.07933349818514386 -0.23435258849464866 0.0 0.0 0.0 
39.59500000000154 -1.636113985150429 5.070283443635799 -0.42321212160664157 0.22722721473673982 0.07050964339191974 -0.23869670589635192 0.0 0.0 0.0 
39.61000000000154 -1.6236917549672287 5.07112539631485 -0.41163184410249265 0.21556830023773002 0.06225936962233796 -0.24433528139484992 0.0 0.0 0.0 
39.645000000001545 -1.6044152977601174 5.073131189782352 -0.3943611803628828 0.20880823984595454 0.060187206129231945 -0.25021867769296846 0.0 0.0 0.0 
39.660000000001546 -1.5889260625889985 5.0731032417951685 -0.37884399720458095 0.18904291924147368 0.046159396995538865 -0.2601877725187686 0.0 0.0 0.0 
39.685000000001544 -1.57371662029898 5.073226229302667 -0.3637575424220607 0.17141641000566327 0.03526227055691143 -0.26609883089152836 0.0 0.0 0.0 
39.700000000001545 -1.5614618735202581 5.073574830808063 -0.35185139714873515 0.1580256932066664 0.027333813179181665 -0.2714874825548362 0.0 0.0 0.0 
39.715000000001545 -1.5481640071377458 5.073340481343114 -0.3383191813012729 0.1397135860459436 0.01623663987681927 -0.2791410877812192 0.0 0.0 0.0 
39.72500000000154 -1.5445060817772096 5.073511459786713 -0.3348322343843364 0.13237726720504417 0.011375691398690902 -0.2840320259524551 0.0 0.0 0.0 
39.76500000000154 -1.5194322980484083 5.073517106214702 -0.3097640970835238 0.12017385667194705 0.008733089703493133 -0.28642400516785094 0.0 0.0 0.0 
39.78000000000154 -1.5152023134602206 5.07225572037728 -0.3042727266579144 0.09002147514398921 -0.012195768467453986 -0.2874031237868821 0.0 0.0 0.0 
39.80500000000154 -1.4999276400711836 5.069921188985445 -0.2866635218770419 0.056288081958496876 -0.03243441738468457 -0.2889244404222295 0.0 0.0 0.0 
39.82000000000154 -1.4939417811444917 5.068384062340412 -0.27914053630531743 0.021271599600947988 -0.05682130973466723 -0.2861811710190799 0.0 0.0 0.0 
39.83500000000154 -1.488258635322416 5.066296384916436 -0.2713697130592658 -0.013315198446896659 -0.08087567467294282 -0.2848990617601478 0.0 0.0 0.0 
39.855000000001546 -1.4776941293421961 5.0637283743152 -0.2582371964778103 -0.03768128212403482 -0.09595679193454806 -0.2839582591764063 0.0 0.0 0.0 
39.880000000001544 -1.4752587754961382 5.059291168489824 -0.25136463680637533 -0.06585854972646328 -0.11611653913066396 -0.281881468394521 0.0 0.0 0.0 
39.895000000001545 -1.4679002672523929 5.055845157615298 -0.24056011768810492 -0.11149774965049693 -0.1492879593075053 -0.2789037841222509 0.0 0.0 0.0 
39.90500000000154 -1.4658010314651373 5.05284639902661 -0.23546212331216054 -0.17508190869180223 -0.19483354087393998 -0.28119328492835255 0.0 0.0 0.0 
39.935000000001544 -1.4671099799409149 5.045119549720528 -0.22904422248185696 -0.19657937007343335 -0.21212849447096124 -0.27757648819276964 0.0 0.0 0.0 
39.94500000000154 -1.4658043481340557 5.042544250870709 -0.22516329182517758 -0.2247157389532712 -0.23701744643875386 -0.27246660319968485 0.0 0.0 0.0 
39.97500000000154 -1.462565377796263 5.033217866686089 -0.21259793730276577 -0.24901729487639235 -0.25448414277117226 -0.2704064925395772 0.0 0.0 0.0 
40.00000000000154 -1.464867404155068 5.024988788582865 -0.20667088555834745 -0.27824457011288684 -0.2759470472647918 -0.2703104026608358 0.0 0.0 0.0 
40.01500000000154 -1.4706012019001626 5.020244211971413 -0.2076601066919892 -0.3046792493614771 -0.29494043546381093 -0.27222250003343706 0.0 0.0 0.0 
40.01500000000154 -1.4706012019001626 5.020244211971413 -0.2076601066919892 -0.3046792493614771 -0.29494043546381093 -0.27222250003343706 0.0 0.0 0.0 
40.050000000001546 -1.4798703187438589 5.007863910602017 -0.20454892216628995 -0.3258800357776817 -0.3093062408896857 -0.2734136373261808 0.0 0.0 0.0 
40.075000000001545 -1.4901612353724283 4.9979568927840825 -0.204932820976925 -0.3595773864935793 -0.3330024900326597 -0.27557386029794595 0.0 0.0 0.0 
40.08500000000154 -1.498440377021272 4.993484414117764 -0.20873948395944986 -0.4169910001289754 -0.37405746720839805 -0.2787430493604047 0.0 0.0 0.0 
40.115000000001544 -1.509910252293522 4.981362393059278 -0.2080873381732138 -0.4338179331965605 -0.38427418244202227 -0.2805224978627583 0.0 0.0 0.0 
40.12500000000154 -1.5133860038896012 4.9769462858407065 -0.2071469825507215 -0.4665413724333471 -0.4051565007481284 -0.28307570212663435 0.0 0.0 0.0 
40.16500000000154 -1.5374383370994529 4.959250273310918 -0.2135033032307847 -0.4738144720508423 -0.41427759810058806 -0.2817211755804323 0.0 0.0 0.0 
40.16500000000154 -1.5374383370994529 4.959250273310918 -0.2135033032307847 -0.4738144720508423 -0.41427759810058806 -0.2817211755804323 0.0 0.0 0.0 
40.19500000000154 -1.5540722647862648 4.944770774732386 -0.21565773233906427 -0.4988457540445361 -0.4318018424891304 -0.28299326408342473 0.0 0.0 0.0 
40.20500000000154 -1.564464843776727 4.940003592062033 -0.22128312865917366 -0.5233731241860002 -0.4568006702423496 -0.27984747627261325 0.0 0.0 0.0 
40.22500000000154 -1.578547485506544 4.929655986179844 -0.22501816450680145 -0.5458771475387274 -0.4728491167730971 -0.2810637496297975 0.0 0.0 0.0 
40.255000000001544 -1.607269868468966 4.914876045206947 -0.23896060649632656 -0.5455103044295502 -0.48009820891062915 -0.27881995499302714 0.0 0.0 0.0 
40.26500000000154 -1.6151414655001337 4.910159427876696 -0.24211558619724372 -0.5467731754657927 -0.48496837365864326 -0.2770584837297146 0.0 0.0 0.0 
40.295000000001544 -1.6402925327601239 4.895704326298777 -0.25281155187931414 -0.5376481153444769 -0.484825288589144 -0.274778587931414 0.0 0.0 0.0 
40.32000000000154 -1.6704316720144479 4.883630466038905 -0.27087683087376746 -0.520379669608552 -0.48439449587457917 -0.2702152040325063 0.0 0.0 0.0 
40.33500000000154 -1.6864833489956677 4.875024977178916 -0.2783230189949979 -0.534007813931562 -0.5022615187428995 -0.2674799104997334 0.0 0.0 0.0 
40.36000000000154 -1.7074143566551299 4.863077553996373 -0.28730660347191694 -0.5207739036281374 -0.50057055362667 -0.26409490102831684 0.0 0.0 0.0 
40.38500000000154 -1.7411222749049333 4.851038533989786 -0.30897550171513277 -0.4970678828774444 -0.49620956162297103 -0.25950313724874896 0.0 0.0 0.0 
40.41000000000154 -1.7637175785701693 4.838688658214801 -0.3192209296053843 -0.48657787129546043 -0.49444191909058066 -0.2574599221812343 0.0 0.0 0.0 
40.42500000000154 -1.7776180470025356 4.829387235145765 -0.32381997496871406 -0.5024308502420356 -0.5189954554633114 -0.2524385001420102 0.0 0.0 0.0 
40.44000000000154 -1.7956812778552973 4.822520043083204 -0.33501601375891443 -0.47863806431823464 -0.5140334133293122 -0.24664911611209164 0.0 0.0 0.0 
40.45500000000154 -1.816321936743517 4.816120755273368 -0.3492573848372986 -0.45075532026110116 -0.49483101481736996 -0.24637484777038104 0.0 0.0 0.0 
40.47000000000154 -1.8321671891113158 4.81049071640329 -0.35947259833502 -0.40676007661485725 -0.4648245335130382 -0.24377786676172453 0.0 0.0 0.0 
40.48500000000154 -1.8516133690505154 4.802389387382899 -0.37081744925382765 -0.4021001268500236 -0.4709885466573642 -0.2402760845286998 0.0 0.0 0.0 
40.51500000000154 -1.8803641205374744 4.790547933793583 -0.38772674715147115 -0.3748865089978114 -0.4564754846752058 -0.2379894629018365 0.0 0.0 0.0 
40.52500000000154 -1.8849399166911174 4.786325154183409 -0.3880797636949396 -0.3459726004789295 -0.4363798823857083 -0.23491171935271285 0.0 0.0 0.0 
40.55500000000154 -1.9225456015159974 4.775306065979299 -0.41466636031571014 -0.3137122866179459 -0.4203654950161508 -0.23224243186774485 0.0 0.0 0.0 
40.56500000000154 -1.9337670362969714 4.77274534195087 -0.42332707106825485 -0.2526088353532065 -0.37256308731320087 -0.22887645065575302 0.0 0.0 0.0 
40.59500000000154 -1.9644306574948522 4.760715142173331 -0.44196049248859737 -0.24494319432057665 -0.3735028345206141 -0.22764894123796584 0.0 0.0 0.0 
40.60500000000154 -1.9729836523349922 4.75906726976103 -0.4488656149164365 -0.20764717725662055 -0.33209074747001804 -0.23369038097053468 0.0 0.0 0.0 
40.63500000000154 -2.0051440434643073 4.7495087071046855 -0.4714674433894066 -0.19104539277180346 -0.3251869502600636 -0.23296517141145948 0.0 0.0 0.0 
40.66500000000154 -2.0327164067353913 4.7437096798475515 -0.4932407794033562 -0.14871727491065878 -0.2963916281620422 -0.23068353903172287 0.0 0.0 0.0 
40.68000000000154 -2.040698666509459 4.7417283790196745 -0.4992417383495473 -0.09123929693734695 -0.24569871476626715 -0.23032351912607738 0.0 0.0 0.0 
40.69500000000154 -2.044842817356436 4.739203921945554 -0.5008614321224041 -0.05492746464993989 -0.2146902892244958 -0.22816535641695498 0.0 0.0 0.0 
40.70500000000154 -2.0512629388373735 4.736959370597176 -0.5050370022549631 -0.04232099360864941 -0.2025975973716285 -0.23007975314502613 0.0 0.0 0.0 
40.73500000000154 -2.0664569371726977 4.733468741809633 -0.5167403718027437 -0.018048497979859912 -0.18391398179129162 -0.2301117703302114 0.0 0.0 0.0 
40.74500000000154 -2.079019438567486 4.733737436857604 -0.5295715682455038 0.05103953071777223 -0.12427494461797411 -0.22994744500647452 0.0 0.0 0.0 
40.77500000000154 -2.0955737726197206 4.730759789550554 -0.5431482549906885 0.06748468972956793 -0.11319478474044717 -0.23047674779839514 0.0 0.0 0.0 
40.78500000000154 -2.1013881891562556 4.730906748709107 -0.549109630685777 0.10982941076295413 -0.07724167278094073 -0.22686177477720335 0.0 0.0 0.0 
40.81500000000154 -2.1049538737860054 4.733125109334878 -0.5548936759412975 0.14869805240514478 -0.04300102769626386 -0.2252035942707315 0.0 0.0 0.0 
40.81500000000154 -2.1049538737860054 4.733125109334878 -0.5548936759412975 0.14869805240514478 -0.04300102769626386 -0.2252035942707315 0.0 0.0 0.0 
40.85000000000154 -2.1104745545978862 4.737634510732349 -0.5649237581506483 0.19843026015676568 0.0006748986159750697 -0.2228687161790147 0.0 0.0 0.0 
40.88500000000154 -2.1086812076873738 4.750862750644705 -0.5763586511524927 0.29566548199717724 0.09028501599147906 -0.2213791962684481 0.0 0.0 0.0 
40.88500000000154 -2.1086812076873738 4.750862750644705 -0.5763586511524927 0.29566548199717724 0.09028501599147906 -0.2213791962684481 0.0 0.0 0.0 
40.91500000000154 -2.102351798684748 4.759874397230703 -0.5790408887358653 0.37396053354056336 0.16445581863245723 -0.22161578159221315 0.0 0.0 0.0 
40.92500000000154 -2.106358359247267 4.762815377872225 -0.5859884299399063 0.4677744101224104 0.258018376746911 -0.216608734119397 0.0 0.0 0.0 
40.95500000000154 -2.099741775923186 4.776595026443456 -0.5931514951870556 0.5166325115013979 0.3082165079213385 -0.21332716854334383 0.0 0.0 0.0 
40.98000000000154 -2.083371161164196 4.788007041100116 -0.5881928950847257 0.5618192438051922 0.3564619054025373 -0.21246144287028615 0.0 0.0 0.0 
40.99500000000154 -2.0771790394945153 4.796995393420184 -0.5909891257351134 0.6265562401448217 0.4299448471095483 -0.20770108170116727 0.0 0.0 0.0 
41.00500000000154 -2.0692978011937844 4.801721812483239 -0.5878343064974363 0.6547712127172034 0.47193388639629896 -0.20243964583092977 0.0 0.0 0.0 
41.04000000000154 -2.051583479681175 4.823101331960787 -0.5914995044623765 0.6736872700472479 0.503692118345205 -0.19712415179106196 0.0 0.0 0.0 
41.06500000000154 -2.033521415347123 4.8403427555598215 -0.5906788637273586 0.7 0.5547996067628511 -0.1903039021887494 0.0 0.0 0.0 
41.08000000000154 -2.021338805116183 4.848956632713314 -0.5871101306499114 0.7 0.5845067200427428 -0.18064940186892645 0.0 0.0 0.0 
41.10500000000154 -1.9972436646625105 4.867442971407103 -0.5815013288900275 0.7 0.6212752937140872 -0.1748845797331578 0.0 0.0 0.0 
41.12000000000154 -1.983161103107895 4.879267654825885 -0.579243450754193 0.7 0.673637762116503 -0.17031915533895534 0.0 0.0 0.0 
41.13500000000154 -1.9641208764976366 4.890926705003595 -0.5718622743216457 0.7 0.7104629393787328 -0.16593297932282733 0.0 0.0 0.0 
41.16000000000154 -1.9411730001433218 4.910392384766221 -0.568380077729957 0.7 0.7309499699049139 -0.16190696308757918 0.0 0.0 0.0 
41.17500000000154 -1.9211309395061849 4.921715825711332 -0.5596614580379304 0.7 0.7461279316484383 -0.15523113312573497 0.0 0.0 0.0 
41.18500000000154 -1.9098109384020656 4.931735582364988 -0.5583612135874674 0.7 0.8048240978673258 -0.14839514388791167 0.0 0.0 0.0 
41.21500000000154 -1.8583435141880116 4.957785231347661 -0.5329434383560869 0.7 0.8236008787759662 -0.147164209505007 0.0 0.0 0.0 
41.23000000000154 -1.8460916633820863 4.97195013058519 -0.5348564867876906 0.7 0.8594077929801948 -0.1453813412255723 0.0 0.0 0.0 
41.24500000000154 -1.8251546463135975 4.983041825309543 -0.5250111644435549 0.7 0.8459471852272451 -0.14754426360006603 0.0 0.0 0.0 
41.27500000000154 -1.7839444382454273 5.010830474440251 -0.5115896055060922 0.7 0.8601803449283622 -0.14957390787904348 0.0 0.0 0.0 
41.28500000000154 -1.7660134155377698 5.018249412669359 -0.5010775210275424 0.7 0.8491439166486057 -0.15330217491170856 0.0 0.0 0.0 
41.31500000000154 -1.7224347598267653 5.045974565262263 -0.4852240179094416 0.7 0.8632242136778152 -0.15656773852698722 0.0 0.0 0.0 
41.32500000000154 -1.7137142960497058 5.055134478553223 -0.48566346742334243 0.7 0.8866874241040396 -0.16051946488444904 0.0 0.0 0.0 
41.35500000000154 -1.6593982022274292 5.080160924273363 -0.4563738193212057 0.7 0.8784276030518903 -0.16411699616610453 0.0 0.0 0.0 
41.36500000000154 -1.6392865532025152 5.085513081889748 -0.44161432791267696 0.7 0.8014314175608723 -0.1714506807487883 0.0 0.0 0.0 
41.39500000000154 -1.59943378607652 5.109404285003297 -0.42565276390023055 0.7 0.7926433944842356 -0.1744197697625399 0.0 0.0 0.0 
41.405000000001536 -1.5835615552289 5.117024723140535 -0.4174009711898483 0.7 0.7784718484382251 -0.1825913576304164 0.0 0.0 0.0 
41.44000000000154 -1.5216002574848333 5.139524428958532 -0.3779393792637791 0.7 0.7497833420253336 -0.18628397877570732 0.0 0.0 0.0 
41.45000000000154 -1.5093047633734367 5.144287830278573 -0.3704072864724237 0.7 0.6640371358314086 -0.1958352201817645 0.0 0.0 0.0 
41.46500000000154 -1.484730569357351 5.150613611129097 -0.3521588733068626 0.6810150913684961 0.597675505725185 -0.19855628993590832 0.0 0.0 0.0 
41.49500000000154 -1.4507260323270255 5.16467061275716 -0.33221133790459945 0.6560776870442628 0.5614937802516846 -0.20454697647335257 0.0 0.0 0.0 
41.50500000000154 -1.4393681049968428 5.161224516054122 -0.317407313871378 0.45830113028123404 0.3451729156469785 -0.21402074314553993 0.0 0.0 0.0 
41.53500000000154 -1.3966350572035267 5.164029522859081 -0.27747927288302066 0.3775183889472874 0.2723968423143009 -0.219017632006904 0.0 0.0 0.0 
41.54500000000154 -1.3847905714421258 5.155193483675655 -0.2567987479381948 0.06083061063356693 -0.027737598268173347 -0.22282491235879537 0.0 0.0 0.0 
41.57500000000154 -1.3437819161242515 5.129435553489282 -0.1900321624339476 -0.17994931967731487 -0.22625031946893753 -0.23177169721223895 0.0 0.0 0.0 
41.600000000001536 -1.3175336268060345 5.096520212188737 -0.1308685318151852 -0.5438366531111348 -0.5191090121067915 -0.24167458516981064 0.0 0.0 0.0 
41.61500000000154 -1.2967721873214813 5.065204833816221 -0.07879171395811646 -0.7 -0.9843966360556805 -0.253009303563397 0.0 0.0 0.0 
41.63500000000154 -1.2831763312471756 4.977700458934416 0.02230851699799441 -0.7 -1.7766002426159302 -0.2611514446708761 0.0 0.0 0.0 
41.64500000000154 -1.2774984828411333 4.923794871559954 0.08189195277849848 -0.7 -2.9877100197884077 -0.26574463052211483 0.0 0.0 0.0 
41.67500000000154 -1.2513706216913907 4.583361926565136 0.44845275892306 -0.7 -4.8027413553610545 -0.26117212353938085 0.0 0.0 0.0 
41.68500000000154 -1.2452310534044644 4.357108822696811 0.6808454310783105 -0.7 -10.05895252126749 -0.2472878324420508 0.0 0.0 0.0 
41.71500000000154 -1.2442505144704958 3.3296832376020076 1.709251555107083 -0.7 -15.48713862766259 -0.19353285293621852 0.0 0.0 0.0 
41.725000000001536 -1.2482528458339615 3.105726127399015 1.9292063339466097 -0.7 -21.812203428727138 -0.0667974761197015 0.0 0.0 0.0 
41.75500000000154 -1.256963477909395 2.7745101668835157 2.2517116623866755 -0.7 -20.268717335329953 0.019571791437778457 0.0 0.0 0.0 
41.765000000001535 -1.2652256282772765 2.7183531149515963 2.2996065639507135 -0.7 -15.900768746788948 0.15604596887643835 0.0 0.0 0.0 
41.805000000001534 -1.3025461388318476 2.60248622216978 2.3781529461779582 -0.7 -12.937113108263787 0.20485854581113486 0.0 0.0 0.0 
41.805000000001534 -1.3025461388318476 2.60248622216978 2.3781529461779582 -0.7 -12.937113108263787 0.20485854581113486 0.0 0.0 0.0 
41.82500000000154 -1.3304098002136755 2.576854468063551 2.3759210389023595 -0.7 -8.783857552858496 0.26793343280997917 0.0 0.0 0.0 
41.85500000000154 -1.3619872417377117 2.5577651503796965 2.363432915062178 -0.7 -6.2964060890971645 0.29964423145591196 0.0 0.0 0.0 
41.86500000000154 -1.3814910255005788 2.5574382929183908 2.344255988760617 -0.7 -2.7706405162824908 0.34506095817532456 0.0 0.0 0.0 
41.89500000000154 -1.428569745094752 2.5503792380925843 2.30423632399225 -0.7 -1.9017197365507506 0.35409715409658526 0.0 0.0 0.0 
41.92000000000154 -1.476637930939922 2.5522005883729313 2.2543467878667327 -0.7 -1.1864503095857621 0.36221744082412566 0.0 0.0 0.0 
41.93500000000154 -1.5066187452433588 2.5551218913686617 2.221444670567566 -0.7 -0.5461415286908053 0.36992790664339964 0.0 0.0 0.0 
41.95000000000154 -1.5407305602681969 2.554475138390369 2.1879796085210206 -0.7 -0.2505856281171452 0.37572550522715753 0.0 0.0 0.0 
41.975000000001536 -1.5966102304607597 2.5597541299027804 2.1268209468160464 -0.7 -0.10343881121876355 0.37659843002138854 0.0 0.0 0.0 
41.985000000001534 -1.6146216965859923 2.561329776084916 2.107233834508678 -0.7 0.06069416352071094 0.3781357533731469 0.0 0.0 0.0 
42.000000000001535 -1.643894644469304 2.5586488126009903 2.0806418501092923 -0.7 0.04531073828055518 0.37428361268427 0.0 0.0 0.0 
42.04500000000154 -1.7344954547884173 2.557658439701936 1.9910314126892326 -0.6968609944412314 0.030127473687951982 0.37136176574579094 0.0 0.0 0.0 
