37.54000000000112 -0.7949861645475298 0.45568223797977353 -1.2506684025273034 0.4613891952221491 0.07622308270727625 -0.06603029763456796 0.0 0.0 0.0 
37.54000000000112 -0.7949861645475298 0.45568223797977353 -1.2506684025273034 0.4613891952221491 0.07622308270727625 -0.06603029763456796 0.0 0.0 0.0 
37.55500000000112 -0.788208933921261 0.462293153111477 -1.250502087032738 0.5730904900101152 0.18846440026862815 -0.1528758265578677 0.0 0.0 0.0 
37.57000000000112 -0.7870067713693697 0.4689498272345322 -1.2559565986039019 0.7 0.27411845843778165 -0.21888098777030884 0.0 0.0 0.0 
37.58000000000112 -0.7854943956367285 0.47375402341181616 -1.2592484190485447 0.7 0.354759972088413 -0.27358938588636167 0.0 0.0 0.0 
37.615000000001125 -0.768909687035719 0.49166336962136303 -1.260573056657082 0.7 0.39350916877553616 -0.29466601561815275 0.0 0.0 0.0 
37.64000000000112 -0.7557350646513508 0.5057817441097716 -1.2615168087611224 0.7 0.4445926802516053 -0.31163498781154136 0.0 0.0 0.0 
37.655000000001124 -0.7473709241832016 0.5140721140549295 -1.2614430382381312 0.7 0.49223726046279664 -0.32362785423335244 0.0 0.0 0.0 
37.68000000000112 -0.7185076303727225 0.5285856882245656 -1.2470933185972881 0.7 0.5187666573014715 -0.3281292552035053 0.0 0.0 0.0 
37.69500000000112 -0.6987025187481726 0.5382631829488838 -1.2369657016970563 0.7 0.5577378255490433 -0.3312563942146978 0.0 0.0 0.0 
37.70500000000112 -0.6930944324664451 0.5444761009445875 -1.2375705334110325 0.7 0.5882906728807283 -0.3250237121520283 0.0 0.0 0.0 
37.73500000000112 -0.65822890570045 0.563466285403236 -1.221695191103686 0.7 0.6004263021575306 -0.3212320763119972 0.0 0.0 0.0 
37.75000000000112 -0.6388117805210025 0.5731048324028283 -1.2119166129238308 0.7 0.6163024161775883 -0.32054710899283473 0.0 0.0 0.0 
37.77500000000112 -0.6060144483448856 0.5896092612111544 -1.19562370955604 0.7 0.628068564943717 -0.3169098772950685 0.0 0.0 0.0 
37.78500000000112 -0.5947533887706515 0.596431714615156 -1.1911851033858074 0.7 0.647937511978058 -0.30769726551596605 0.0 0.0 0.0 
37.80000000000112 -0.5620508154804011 0.6064220157002653 -1.1684728311806665 0.7 0.6556061347700624 -0.30150621931918 0.0 0.0 0.0 
37.82000000000112 -0.5339491673532712 0.6192688215814783 -1.1532179889347496 0.7 0.654659620822322 -0.2974001425023279 0.0 0.0 0.0 
37.850000000001124 -0.48851802901546615 0.6394523046658332 -1.1279703336812994 0.7 0.6581386781123978 -0.29260695805883924 0.0 0.0 0.0 
37.87500000000112 -0.44412818162447376 0.6565158816381682 -1.100644063262642 0.7 0.6643434670668557 -0.2885598641470781 0.0 0.0 0.0 
37.88500000000112 -0.4304048223234178 0.6628355475483904 -1.093240369871808 0.7 0.6624795213146506 -0.28055505511057405 0.0 0.0 0.0 
37.91500000000112 -0.3882652931162612 0.6830598909773469 -1.071325184093608 0.7 0.6646537885305379 -0.28021296745365976 0.0 0.0 0.0 
37.93000000000112 -0.36645381900811025 0.6935117719458568 -1.0599655909539671 0.7 0.6724772210935946 -0.28238033802595336 0.0 0.0 0.0 
37.95500000000112 -0.32743274758827856 0.7102749514197005 -1.0377076990079792 0.7 0.6735022905704795 -0.2826355707474491 0.0 0.0 0.0 
37.98000000000112 -0.29324383594157294 0.7276499236271818 -1.0208937595687548 0.7 0.6781654351273217 -0.28688072315227037 0.0 0.0 0.0 
37.99500000000112 -0.26316048158656447 0.7384050248943489 -1.0015655064809135 0.7 0.688381803668197 -0.2905847990368703 0.0 0.0 0.0 
38.01500000000112 -0.23915462262991194 0.7524987393319668 -0.9916533619618787 0.7 0.6940011857189563 -0.29388652334372023 0.0 0.0 0.0 
38.02500000000112 -0.22189331081836328 0.7595661845297242 -0.9814594953480875 0.7 0.699981437006196 -0.29676069967140756 0.0 0.0 0.0 
38.05500000000112 -0.17429851762175602 0.7813948414157873 -0.9556933590375434 0.7 0.7061816386648246 -0.3011302879068044 0.0 0.0 0.0 
38.08000000000112 -0.14279311383459115 0.8000354373710361 -0.9428285512056273 0.7 0.7164193572748042 -0.3079267778965167 0.0 0.0 0.0 
38.08000000000112 -0.14279311383459115 0.8000354373710361 -0.9428285512056273 0.7 0.7164193572748042 -0.3079267778965167 0.0 0.0 0.0 
38.11000000000112 -0.10043116387954927 0.8230710118004851 -0.9235021756800345 0.7 0.7294153230583635 -0.3161793849721586 0.0 0.0 0.0 
38.13500000000112 -0.06771882051099642 0.8424605669128364 -0.9101793874238329 0.7 0.7434816521285322 -0.32392325210915107 0.0 0.0 0.0 
38.14500000000112 -0.05201861407381271 0.8503168131196441 -0.9023354271934568 0.7 0.7626532646197078 -0.33520840614063385 0.0 0.0 0.0 
38.17500000000112 -0.008863499851529026 0.8745846477047666 -0.8834481475562956 0.7 0.7739569995766478 -0.3428341556425943 0.0 0.0 0.0 
38.17500000000112 -0.008863499851529026 0.8745846477047666 -0.8834481475562956 0.7 0.7739569995766478 -0.3428341556425943 0.0 0.0 0.0 
38.21000000000112 0.041634409880600985 0.9037605789400154 -0.8621261690594144 0.7 0.7889652063015614 -0.3509154920434038 0.0 0.0 0.0 
38.22000000000112 0.05757516156876452 0.9125626828096789 -0.8549875212409144 0.7 0.8233322942562242 -0.3682911698525767 0.0 0.0 0.0 
38.255000000001125 0.10605541012097787 0.943473279699864 -0.8374178695788862 0.7 0.8384176849929006 -0.37271309603018044 0.0 0.0 0.0 
38.280000000001124 0.1423821388333776 0.9664761827658294 -0.8240940439324518 0.7 0.8613502815931519 -0.38027509772971885 0.0 0.0 0.0 
38.295000000001124 0.16762317204886162 0.9808762450070264 -0.8132530729581648 0.7 0.89288954061265 -0.38603300314253647 0.0 0.0 0.0 
38.310000000001125 0.19187475207377244 0.9952025470163909 -0.8033277949426184 0.7 0.915025111618399 -0.3910946499803818 0.0 0.0 0.0 
38.33500000000112 0.2266584390966405 1.019769382656986 -0.7931109435603455 0.7 0.9327415013420483 -0.39504531576592294 0.0 0.0 0.0 
38.350000000001124 0.24565273577531882 1.0345472592453486 -0.7888945234700298 0.7 0.9522946944155093 -0.3992009800861039 0.0 0.0 0.0 
38.36000000000112 0.2620102196561361 1.0449657964888244 -0.7829555768326883 0.7 0.979302659333882 -0.4053398763308101 0.0 0.0 0.0 
38.39000000000112 0.31135932187912385 1.0757254783744514 -0.7643661564953276 0.7 0.9913450266760149 -0.40721204481734685 0.0 0.0 0.0 
38.405000000001124 0.3267091803256922 1.0918636442851293 -0.7651544639594371 0.7 1.0157485308102556 -0.41196311303891775 0.0 0.0 0.0 
38.435000000001125 0.368382483516751 1.1243446413010316 -0.7559621577842806 0.7 1.0329972131788157 -0.41523806120338136 0.0 0.0 0.0 
38.44500000000112 0.38618159207285263 1.135119089099811 -0.7489374970269584 0.7 1.057651024684909 -0.4214745817856311 0.0 0.0 0.0 
38.475000000001124 0.42786547863048885 1.1690411208803873 -0.7411756422498984 0.7 1.074936332698626 -0.42286948831450233 0.0 0.0 0.0 
38.490000000001125 0.4470962320692126 1.1866945574810657 -0.739598325411853 0.7 1.1060407307846032 -0.42390519984952296 0.0 0.0 0.0 
38.50000000000112 0.45986427482614417 1.198544940942263 -0.7386806661161189 0.7 1.1361513685215319 -0.42878033362314383 0.0 0.0 0.0 
38.530000000001124 0.5029176079812145 1.2347387037043656 -0.731821095723151 0.7 1.153424771011911 -0.42856187950968894 0.0 0.0 0.0 
38.55500000000112 0.5385104920644813 1.2661805983045236 -0.7276701062400422 0.7 1.1808058462473014 -0.42895947042701293 0.0 0.0 0.0 
38.57000000000112 0.5608422963940715 1.285785561405429 -0.7249432650113575 0.7 1.2201642896756095 -0.42767229446127897 0.0 0.0 0.0 
38.59500000000112 0.6028220819888609 1.3185760501828077 -0.7157539681939468 0.7 1.2458275375953194 -0.4275993108381157 0.0 0.0 0.0 
38.61000000000112 0.6163801417415805 1.3390295669507637 -0.7226494252091832 0.7 1.2826084917591811 -0.42803832068141867 0.0 0.0 0.0 
38.62500000000112 0.6391072424536075 1.3600813383356405 -0.720974095882033 0.7 1.3182054245083408 -0.42843256685142334 0.0 0.0 0.0 
38.64000000000112 0.6557494366612739 1.3818797597650687 -0.7261303231037948 0.7 1.356315587499295 -0.42589290905175586 0.0 0.0 0.0 
38.670000000001124 0.6918063009669285 1.4260486969689579 -0.7342423960020293 0.7 1.3855661693093086 -0.421536487171101 0.0 0.0 0.0 
38.69500000000112 0.7285270071592059 1.4653085224056879 -0.7367815152464819 0.7 1.4336115672587417 -0.4165686703574219 0.0 0.0 0.0 
38.71000000000112 0.7465123711694581 1.489141706557628 -0.7426293353881699 0.7 1.4892760990728635 -0.411029451274222 0.0 0.0 0.0 
38.73500000000112 0.7806200522293719 1.5301072762432548 -0.7494872240138829 0.7 1.5296219159884692 -0.4047619662869269 0.0 0.0 0.0 
38.75000000000112 0.8021569671305685 1.5559071719442548 -0.7537502048136863 0.7 1.5885130859925736 -0.39755425231715974 0.0 0.0 0.0 
38.76000000000112 0.8175542519453513 1.5732702730618673 -0.755716021116516 0.7 1.6451638521001686 -0.39106432205072783 0.0 0.0 0.0 
38.79000000000112 0.8700245517277375 1.6288817129188236 -0.758857161191086 0.7 1.6931076766668405 -0.3854237424469583 0.0 0.0 0.0 
38.80500000000112 0.8856020082193857 1.6578018324561778 -0.7721998242367921 0.7 1.7696809997589091 -0.37427434840283735 0.0 0.0 0.0 
38.83500000000112 0.9366604526835041 1.7195657144043992 -0.7829052617208951 0.7 1.8398085155758839 -0.36752862230428013 0.0 0.0 0.0 
38.84500000000112 0.9488389827890316 1.739419439864667 -0.7905804570756354 0.7 1.932925952346188 -0.3560035076355721 0.0 0.0 0.0 
38.87500000000112 0.9905930640872095 1.8061273751344018 -0.8155343110471923 0.7 2.0011763516077807 -0.3423835547820299 0.0 0.0 0.0 
38.90000000000112 1.0342720598653203 1.8644507200777414 -0.830178660212421 0.7 2.093132129380244 -0.3255413020269049 0.0 0.0 0.0 
38.91500000000112 1.0562203245995723 1.9013633182541494 -0.8451429936545771 0.7 2.2139539865225126 -0.305434851117189 0.0 0.0 0.0 
38.92500000000112 1.0797895303757037 1.9253641542777435 -0.8455746239020399 0.7 2.3064681514079015 -0.28265627042769337 0.0 0.0 0.0 
38.95500000000112 1.1235143882213634 2.0029126601836444 -0.879398271962281 0.7 2.3721892772385544 -0.2704662712482814 0.0 0.0 0.0 
38.97000000000112 1.1454913961790965 2.041312084046642 -0.8958206878675457 0.7 2.4499744518757423 -0.25067361682874223 0.0 0.0 0.0 
38.99500000000112 1.1947498394331988 2.106465212842567 -0.9117153734093684 0.7 2.495712977814577 -0.23697414005177592 0.0 0.0 0.0 
39.02500000000112 1.2328271246495404 2.188191989953717 -0.9553648653041766 0.7 2.553516765387779 -0.21605278887416332 0.0 0.0 0.0 
39.04000000000112 1.2543127685116713 2.2302203505813165 -0.9759075820696452 0.7 2.638783780351109 -0.18539103436145524 0.0 0.0 0.0 
39.05500000000112 1.274506654975891 2.2705005896661645 -0.9959939346902735 0.7 2.6740065645018447 -0.15974417429161317 0.0 0.0 0.0 
39.07000000000112 1.288411497879625 2.3106908644618254 -1.0222793665822003 0.7 2.685743837137223 -0.1420782480530754 0.0 0.0 0.0 
39.09500000000112 1.341470839490795 2.3807317994845416 -1.0392609599937466 0.7 2.71134259878429 -0.12230103707114938 0.0 0.0 0.0 
39.11000000000112 1.3616116167829926 2.4222709991993647 -1.0606593824163721 0.7 2.7359809610109513 -0.10175321457340455 0.0 0.0 0.0 
39.13500000000112 1.3945671010588538 2.4917707834880884 -1.0972036824292346 0.7 2.74936493188907 -0.08458159080795576 0.0 0.0 0.0 
39.14500000000112 1.40953361076553 2.52039084556093 -1.1108572347954 0.7 2.782296418133273 -0.0558845541356837 0.0 0.0 0.0 
39.17500000000112 1.4572805019994681 2.606008200131998 -1.14872769813253 0.7 2.8001191283455977 -0.04049542676356466 0.0 0.0 0.0 
39.19000000000112 1.4781668171941995 2.6477798883748704 -1.169613071180671 0.6553360628926899 2.8077955358128266 -0.01863894948084767 0.0 0.0 0.0 
39.22000000000112 1.5243011736402823 2.730632344397887 -1.2063311707576048 0.42550037476001235 2.7996320745954875 -0.00024961220642926926 0.0 0.0 0.0 
39.23500000000112 1.5457171922912833 2.772265526147962 -1.2265483338566787 0.42929191684983753 2.7898156390794053 0.026254981802100057 0.0 0.0 0.0 
39.26000000000112 1.5807005377131287 2.840821129602757 -1.2601205918896283 0.4410422071613699 2.7783966771035273 0.044176531351811835 0.0 0.0 0.0 
39.26000000000112 1.5807005377131287 2.840821129602757 -1.2601205918896283 0.4410422071613699 2.7783966771035273 0.044176531351811835 0.0 0.0 0.0 
39.30000000000112 1.6462288155762868 2.9463258038547386 -1.3000969882784519 0.4550339458974581 2.7477298658921665 0.06643241309268542 0.0 0.0 0.0 
39.31500000000112 1.6666182068937454 2.9850726286025555 -1.31845442170881 0.4614590475980835 2.6896588077673482 0.10165341278262546 0.0 0.0 0.0 
39.33000000000112 1.6885957798926967 3.0230982435495823 -1.3345024636568856 0.46707586227990994 2.6407822058965498 0.12619451878706783 0.0 0.0 0.0 
39.35500000000112 1.7234240074847447 3.0842591897108 -1.3608351822260552 0.4762923137791193 2.5925563698688383 0.14107592111970688 0.0 0.0 0.0 
39.37000000000112 1.7374979481309252 3.1192774684271742 -1.381779520296249 0.4836228321036871 2.5159966086441328 0.16692460424730676 0.0 0.0 0.0 
39.38000000000112 1.7546515184022127 3.142923598659472 -1.3882720802572592 0.4858952280900407 2.4506024409421054 0.18262869440658885 0.0 0.0 0.0 
39.41500000000112 1.7951574086817028 3.222531038010356 -1.427373629328653 0.4995807702650285 2.409289421258578 0.19361689300966775 0.0 0.0 0.0 
39.42500000000112 1.8123483964090426 3.244391343995639 -1.4320429475865963 0.5012150316553087 2.3203393500658405 0.2130594931371128 0.0 0.0 0.0 
39.460000000001116 1.8487129218001335 3.318294552514915 -1.4695816307147815 0.5143535707501735 2.270365653385991 0.22261700917684718 0.0 0.0 0.0 
39.47500000000112 1.8639872674621243 3.348807534886413 -1.4848202674242885 0.519687093598501 2.187268769684011 0.2385527398032884 0.0 0.0 0.0 
39.49000000000112 1.878192141230603 3.378309929741672 -1.5001177885110688 0.525041225978874 2.11749236704913 0.25048109726976947 0.0 0.0 0.0 
39.51000000000112 1.9002047069340542 3.4163125976676127 -1.5161078907335586 0.5306377617567455 2.0576466541239853 0.25983829755455046 0.0 0.0 0.0 
39.53500000000112 1.9282423130400363 3.4620159558927406 -1.5337736428527042 0.5368207749984465 1.9966877457595469 0.269417002805249 0.0 0.0 0.0 
39.54500000000112 1.938110419603679 3.479678027960769 -1.5415676083570902 0.5395486629249815 1.9039152621702709 0.2841796085673785 0.0 0.0 0.0 
39.57500000000112 1.970252756129348 3.5310961745090097 -1.5608434183796618 0.5462951964328816 1.8560903520194871 0.2899668010972203 0.0 0.0 0.0 
39.59000000000112 1.985188795054801 3.5552310671932443 -1.5700422721384433 0.5495147952484551 1.777119036331472 0.29779833571684744 0.0 0.0 0.0 
39.60500000000112 1.9999763394181882 3.5790935891684565 -1.5791172497502683 0.5526910374125938 1.71550765514408 0.304270765261617 0.0 0.0 0.0 
39.63000000000112 2.0256209540173917 3.6176940265150925 -1.5920730724977008 0.5572255753741953 1.669598431799661 0.30744201964882045 0.0 0.0 0.0 
39.66000000000112 2.0598389565627304 3.6606188520725698 -1.6007798955098393 0.5602729634284437 1.6096743718217856 0.3113183855191202 0.0 0.0 0.0 
39.66000000000112 2.0598389565627304 3.6606188520725698 -1.6007798955098393 0.5602729634284437 1.6096743718217856 0.3113183855191202 0.0 0.0 0.0 
39.69000000000112 2.093876316158949 3.7010707123817133 -1.6071943962227642 0.5625180386779675 1.5386383404712736 0.3163388374677953 0.0 0.0 0.0 
39.71500000000112 2.1209841050219147 3.7334558612513016 -1.6124717562293869 0.5643651146802854 1.4635977029892826 0.31973907886491415 0.0 0.0 0.0 
39.72500000000112 2.1349626603937044 3.7466843154062026 -1.6117216550124982 0.5641025792543743 1.3783458826749864 0.3224744010396198 0.0 0.0 0.0 
39.75500000000112 2.166580434154849 3.7832371926299384 -1.6166567584750893 0.5658298654662812 1.3373665374784878 0.32353558005029415 0.0 0.0 0.0 
39.765000000001116 2.178100785593844 3.79471271530855 -1.616611929714706 0.565814175400147 1.2617403921151937 0.324107285331299 0.0 0.0 0.0 
39.78000000000112 2.196582711451391 3.812493942137851 -1.6159112306864603 0.565568930740261 1.2310332522591632 0.325826097894935 0.0 0.0 0.0 
39.79500000000112 2.223585034933267 3.829695147180843 -1.6061101122475763 0.5621385392866517 1.204676376950611 0.329454361584459 0.0 0.0 0.0 
39.83000000000112 2.2643461226716095 3.868313169657562 -1.6039670469859524 0.5613884664450833 1.1807452743273184 0.33069008201547984 0.0 0.0 0.0 
39.85500000000112 2.2945862921384 3.8947674242605017 -1.6001811321221018 0.5600633962427356 1.1457889965988954 0.3316310644455462 0.0 0.0 0.0 
39.88000000000112 2.3320152189849024 3.9211497420182346 -1.5891345230333322 0.5561970830616663 1.1168892246124211 0.33287645634941687 0.0 0.0 0.0 
39.89500000000112 2.352754442647617 3.936076398279603 -1.5833219556319862 0.5541626844711951 1.0776587144470275 0.3333695426841194 0.0 0.0 0.0 
39.91000000000112 2.3701625141371676 3.9508581822756925 -1.580695668138525 0.5532434838484837 1.047119679393671 0.3340559325471855 0.0 0.0 0.0 
39.93500000000112 2.40529611138394 3.9741751459642525 -1.5688790345803123 0.5491076621031092 1.0184025153316152 0.3349855871315628 0.0 0.0 0.0 
39.960000000001116 2.4415222873429787 3.9971330017345132 -1.5556107143915345 0.5444637500370371 0.9894476955873128 0.3332986632549199 0.0 0.0 0.0 
39.97500000000112 2.4624822213299944 4.01032871274624 -1.5478464914162458 0.5417462719956859 0.9526285809347722 0.33204367413395414 0.0 0.0 0.0 
39.985000000001115 2.480354559915737 4.019201419909187 -1.5388468599934502 0.5385964009977076 0.9226869400716016 0.3277279663359798 0.0 0.0 0.0 
40.00500000000112 2.500580261239224 4.036342228820829 -1.5357619675816054 0.5375166886535618 0.9048648517568993 0.3248994220722765 0.0 0.0 0.0 
40.03500000000112 2.544131990693459 4.061051764199723 -1.516919773506264 0.5309219207271924 0.8848249619401892 0.32359602447174973 0.0 0.0 0.0 
40.05000000000112 2.561483486657061 4.073204845704245 -1.511721359047184 0.5291024756665144 0.8575903741192306 0.3179886447998212 0.0 0.0 0.0 
40.07500000000112 2.597398842083344 4.093044908644975 -1.4956460665616311 0.5234761232965709 0.8396897554905072 0.31436462382731173 0.0 0.0 0.0 
40.085000000001116 2.6069721951002722 4.100640939034042 -1.4936687439337697 0.5227840603768193 0.8099348525443342 0.30765157757621064 0.0 0.0 0.0 
40.11500000000112 2.6525000728636625 4.123147084242982 -1.4706470113793193 0.5147264539827617 0.7948392390173715 0.3034135857655035 0.0 0.0 0.0 
40.13000000000112 2.6703883610641377 4.13362694511148 -1.4632385840473425 0.5121335044165699 0.7662295686572604 0.2963882843617712 0.0 0.0 0.0 
40.15500000000112 2.69723542203678 4.15134968772715 -1.4541142656903698 0.5089399929916294 0.7494296410207345 0.2903460948129764 0.0 0.0 0.0 
40.165000000001115 2.709093802351574 4.158227681029293 -1.4491338786777188 0.5071968575372016 0.7242445578073292 0.28349862674933796 0.0 0.0 0.0 
40.195000000001116 2.7492548507262264 4.178073489645152 -1.428818638918926 0.5000865236216241 0.7090047471177072 0.27829229951993917 0.0 0.0 0.0 
40.210000000001116 2.7501063735524642 4.187727774658472 -1.437621401106008 0.5031674903871027 0.686544048038966 0.27042906394984206 0.0 0.0 0.0 
40.22500000000112 2.7712377993209993 4.196875148264926 -1.4256373489439267 0.4989730721303743 0.6642140605268791 0.26042009327945287 0.0 0.0 0.0 
40.25500000000112 2.80340402664995 4.215695862191637 -1.4122918355416876 0.49430214243959064 0.6533731216642819 0.25326971573789575 0.0 0.0 0.0 
40.27000000000112 2.8202363113326614 4.224794708353579 -1.4045583970209172 0.491595438957321 0.6373407197015926 0.2472440838823201 0.0 0.0 0.0 
40.28000000000112 2.832738910772169 4.231075839681149 -1.39833692890898 0.48941792511814297 0.628197430954775 0.23899531016837308 0.0 0.0 0.0 
40.31000000000112 2.8665979739331693 4.247856968926689 -1.3812589949935195 0.48344064824773175 0.613338125311849 0.23218912383966195 0.0 0.0 0.0 
40.335000000001116 2.8899076481786445 4.2623000787492105 -1.372392430570566 0.480337350699698 0.6007324165502502 0.22326318665040581 0.0 0.0 0.0 
40.345000000001114 2.901681294755289 4.267043458151321 -1.3653621633960316 0.477876757188611 0.5656044678406145 0.21373127141396 0.0 0.0 0.0 
40.375000000001116 2.932523378015808 4.284087488286283 -1.3515641102704747 0.47304743859466614 0.562574698352327 0.2074002129222912 0.0 0.0 0.0 
40.390000000001116 2.9507668702784553 4.292357862120731 -1.341590991842276 0.46955684714479656 0.5584703581606132 0.1977697238414371 0.0 0.0 0.0 
40.40500000000112 2.9685037966891663 4.300517670917984 -1.3320138742288181 0.4662048559800863 0.5542959664880074 0.19016512458872886 0.0 0.0 0.0 
40.43500000000112 3.004641884999124 4.317214185842115 -1.3125723008429908 0.4594003052950468 0.5541211322715797 0.18574113191539385 0.0 0.0 0.0 
40.460000000001116 3.0377396246589843 4.331737050481326 -1.293997425822342 0.4528990990378196 0.5594833417436378 0.1821191854459553 0.0 0.0 0.0 
40.47500000000112 3.055476290239537 4.340442532053863 -1.2849662418143257 0.44973818463501397 0.5664154135452842 0.17505855586055147 0.0 0.0 0.0 
40.485000000001115 3.066463810412103 4.345792184094327 -1.2793283736822239 0.4477649307887783 0.563192173701784 0.17079220733030767 0.0 0.0 0.0 
40.515000000001116 3.101610685932135 4.362035681373184 -1.2604249954410491 0.4411487484043672 0.5584643551419037 0.16781142245154002 0.0 0.0 0.0 
40.525000000001114 3.1112331934529744 4.367508768903424 -1.25627557545045 0.43969645140765745 0.5519148503699626 0.158392939114338 0.0 0.0 0.0 
40.555000000001115 -3.127275915492537 4.384349667210568 -1.2284402755235186 0.4299540964332315 0.5531677483454218 0.1554233558051842 0.0 0.0 0.0 
40.56500000000111 -3.1159193225393222 4.389560941165079 -1.2222949565248147 0.4278032347836851 0.5478165817970653 0.15220442135209192 0.0 0.0 0.0 
40.580000000001114 -3.095404420253148 4.397844689005126 -1.2100638020786878 0.4235223307275407 0.5476351679032091 0.14820895296203762 0.0 0.0 0.0 
40.610000000001115 -3.058770644984911 4.413126370079608 -1.1887117078849325 0.41604909775972637 0.539862954804113 0.14499403184358645 0.0 0.0 0.0 
40.625000000001116 -3.041912163356254 4.421040796661887 -1.1797676528385548 0.4129186784934942 0.5326832763920933 0.14087419228228693 0.0 0.0 0.0 
40.65500000000112 -3.0090946325270704 4.43606945489978 -1.1619787802472636 0.4066925730865423 0.5251724296686471 0.13616737893822284 0.0 0.0 0.0 
40.665000000001115 -2.9972432102173987 4.441090964365938 -1.1551488674037511 0.40430210359131286 0.5136944859489421 0.12553264888242024 0.0 0.0 0.0 
40.680000000001115 -2.9792926852754356 4.4486807845334795 -1.1447881626293288 0.4006758569202651 0.509819206155947 0.12049463655756237 0.0 0.0 0.0 
40.710000000001116 -2.9482374939397933 4.4638619853729455 -1.1289141721331521 0.39511996024660323 0.5084677865070693 0.11749585587722555 0.0 0.0 0.0 
40.735000000001115 -2.921189127953432 4.475313174933286 -1.113316995707132 0.3896609484974962 0.4977671298456115 0.11114993299791393 0.0 0.0 0.0 
40.74500000000111 -2.9123360200085027 4.480053279236373 -1.1092039920652894 0.38822139722285126 0.48486402658917954 0.10188145298040742 0.0 0.0 0.0 
40.775000000001114 -2.8860938654152895 4.492922515791021 -1.0958310740267239 0.3835408759093533 0.4722453450370467 0.09821012855288934 0.0 0.0 0.0 
40.790000000001115 -2.8682628662943226 4.499378034618084 -1.0844555937328195 0.3795594578064868 0.4561308644933486 0.08998462624291412 0.0 0.0 0.0 
40.820000000001116 -2.8474416303194756 4.512921785516773 -1.0771781086566623 0.3770123380298318 0.4527473678173613 0.08276692206456934 0.0 0.0 0.0 
40.835000000001116 -2.8334635154934307 4.518873858518034 -1.0691520668318777 0.3742032233911572 0.4393719958623903 0.07608959059835724 0.0 0.0 0.0 
40.860000000001115 -2.8200949688649026 4.529378613358686 -1.066288275044002 0.37320089626540065 0.4330600508997182 0.07058409287282015 0.0 0.0 0.0 
40.875000000001116 -2.8073980407911736 4.535842072340819 -1.0600548059524062 0.37101918208334217 0.42943981459930936 0.05854129681666656 0.0 0.0 0.0 
40.890000000001116 -2.7901948749503815 4.54200879348747 -1.0490183612582662 0.36715642644039315 0.42463386614186144 0.04791061247158117 0.0 0.0 0.0 
40.900000000001114 -2.784257151396146 4.545902305864556 -1.046974150081116 0.3664409525283906 0.4153084347715605 0.04005485694403758 0.0 0.0 0.0 
40.930000000001115 -2.7536230690140027 4.557566702393506 -1.028004464227922 0.3598015624797727 0.40900283897088857 0.03601984272106797 0.0 0.0 0.0 
40.955000000001114 -2.7318845941456806 4.567302451906398 -1.0160017388724931 0.35560060860537257 0.40275040385807387 0.030009689377804242 0.0 0.0 0.0 
40.96500000000111 -2.7238634541975433 4.571315946674269 -1.011994093692226 0.35419793279227907 0.39773831207214305 0.018898500881167332 0.0 0.0 0.0 
40.99500000000111 -2.6949259827478866 4.582753347651 -0.9944940232192998 0.3480729081267549 0.3938933745487164 0.01295491918846044 0.0 0.0 0.0 
41.010000000001114 -2.690130658048138 4.588347485264846 -0.9952928361333981 0.3483524926466893 0.3873246367878458 0.004453726148498214 0.0 0.0 0.0 
41.040000000001115 -2.6633052087588047 4.599597184597188 -0.9797170861764073 0.34487554069627296 0.38383334674528374 -0.0010945356004850876 0.0 0.0 0.0 
41.055000000001115 -2.6505254235013567 4.605303882994765 -0.972643999316535 0.35414420617851045 0.3810352919208911 -0.007660432102704841 0.0 0.0 0.0 
41.06500000000111 -2.642609926135969 4.608970519431962 -0.9683951383883445 0.3648948419313338 0.37685541578359794 -0.014654609161786934 0.0 0.0 0.0 
41.095000000001114 -2.6182412782069364 4.620639483070822 -0.9556954540981728 0.369786258684635 0.3788862278058816 -0.019818922982839937 0.0 0.0 0.0 
41.10500000000111 -2.610031274934226 4.624632114390243 -0.9514780821448827 0.38829601480042725 0.38485551280370445 -0.030560618654224048 0.0 0.0 0.0 
41.135000000001114 -2.5812877881998317 4.635193747692266 -0.9332962287125124 0.3841347570046967 0.3788151991535567 -0.0322849146517857 0.0 0.0 0.0 
41.150000000001114 -2.566694236104445 4.640853462984397 -0.9243623919092556 0.3890277322338923 0.3748568880103853 -0.037177816649538176 0.0 0.0 0.0 
41.17500000000111 -2.551421228777768 4.64990968933161 -0.9181456109297912 0.3958687136618353 0.37158536812822174 -0.04266809662229276 0.0 0.0 0.0 
41.19000000000111 -2.530967921923262 4.655165547751707 -0.9029481624953828 0.3978028931242502 0.36564402847964894 -0.04758205102288874 0.0 0.0 0.0 
41.210000000001116 -2.5174941538165716 4.66153398086174 -0.8958428274987256 0.3963031442065108 0.35473355651881844 -0.04963758762762254 0.0 0.0 0.0 
41.235000000001115 -2.495427324938832 4.67012268494861 -0.8823647027078554 0.3964659012504628 0.349828180212888 -0.05330170167281086 0.0 0.0 0.0 
41.260000000001114 -2.4730729189066705 4.6789984465127965 -0.8688860582398803 0.40132094052215483 0.34939776605714945 -0.059196581175364124 0.0 0.0 0.0 
41.27000000000111 -2.4653550340810035 4.681961161718916 -0.8641308886203332 0.399874280127278 0.3383142006492302 -0.06127280933824279 0.0 0.0 0.0 
41.28500000000111 -2.4536087287713024 4.6860610802062315 -0.8564845017979472 0.3983463902539246 0.3229192889059238 -0.06495056525340932 0.0 0.0 0.0 
41.31500000000111 -2.4249333503381703 4.694804878197756 -0.8365529213563399 0.3967454995175959 0.3142202889440854 -0.07038833169665923 0.0 0.0 0.0 
41.330000000001114 -2.4114305964684206 4.699410130144937 -0.8276554194337713 0.4002510747852002 0.30749868674293784 -0.07650728262231972 0.0 0.0 0.0 
41.35500000000111 -2.3877525061670024 4.70700175400552 -0.8115689529929364 0.39532098109887287 0.30550238514871264 -0.07749484891783352 0.0 0.0 0.0 
41.37000000000111 -2.375317281629782 4.710989178948042 -0.8031211533982372 0.389151173288883 0.2964619201597154 -0.07755204298068179 0.0 0.0 0.0 
41.39500000000111 -2.3577731729098486 4.717178666608948 -0.79176653233921 0.38747948785429565 0.2849223869852137 -0.08241229114409594 0.0 0.0 0.0 
41.41000000000111 -2.349586102086485 4.7215056267076925 -0.7879064216145917 0.3946485643645745 0.2798217169782755 -0.09039290253994041 0.0 0.0 0.0 
41.44000000000111 -2.3224818035717267 4.729988414344435 -0.7692849107365749 0.395729644617547 0.2796451594996353 -0.09623131890250104 0.0 0.0 0.0 
41.45000000000111 -2.3034690429139997 4.732441330644114 -0.7527250663785274 0.3930107167029683 0.27252834385761154 -0.10114656967857115 0.0 0.0 0.0 
41.470000000001114 -2.2914137174662543 4.736818995596143 -0.7450474058828114 0.3872389359519488 0.2605887934998701 -0.10326234285643641 0.0 0.0 0.0 
41.48000000000111 -2.2802756534709303 4.7386370472980355 -0.7357273935893796 0.3751709380852849 0.23741168181304612 -0.10545139774013423 0.0 0.0 0.0 
41.510000000001114 -2.252268637434448 4.745467798028101 -0.7145511282829631 0.36862476651271103 0.23310635824542536 -0.10818901441243914 0.0 0.0 0.0 
41.53500000000111 -2.226393810242436 4.75108703666342 -0.6942955397262693 0.3674538210649812 0.2298553211917659 -0.11519770165760077 0.0 0.0 0.0 
41.55000000000111 -2.213343403940435 4.754787343808838 -0.6849454405696864 0.37731301597834266 0.23162470059901927 -0.12638025937863462 0.0 0.0 0.0 
41.57500000000111 -2.197440930065695 4.760099381726466 -0.6743550046125746 0.3752922927840463 0.22806934822292527 -0.1299231937657749 0.0 0.0 0.0 
41.58500000000111 -2.188675320284782 4.76257571065712 -0.6680657237623162 0.3817925882430312 0.2293422308191121 -0.1372747195202156 0.0 0.0 0.0 
41.61500000000111 -2.1572578413368864 4.768095216755571 -0.6421677509128703 0.36912370449323284 0.22028544423789959 -0.13943706440308107 0.0 0.0 0.0 
41.63000000000111 -2.1474420770459615 4.770477029415993 -0.6347337992823681 0.357925562188105 0.20235275681378947 -0.14275547713622075 0.0 0.0 0.0 
41.64500000000111 -2.131737946338451 4.773479474800283 -0.6220321139591469 0.35477631907517865 0.19648469830111512 -0.14842266628610154 0.0 0.0 0.0 
41.66000000000111 -2.1153504973398802 4.777199689789606 -0.6093648799499007 0.3634862178398492 0.20514436155092183 -0.1557891095560606 0.0 0.0 0.0 
41.69000000000111 -2.0838852462665223 4.782763192765344 -0.5834631318522803 0.3563607387748412 0.20246604748962302 -0.1598887913506975 0.0 0.0 0.0 
41.71500000000111 -2.0653904193131667 4.788210788927746 -0.5704159010613257 0.36099676368204203 0.20461997378417612 -0.1677746388040778 0.0 0.0 0.0 
41.72500000000111 -2.0598776959466556 4.7897198104487115 -0.5664121992157813 0.3643360071717868 0.1953710216527031 -0.18087978064923646 0.0 0.0 0.0 
41.75500000000111 -2.032395580923268 4.794626308066958 -0.5438365818106394 0.352306934265048 0.18799464601793542 -0.18330550393720255 0.0 0.0 0.0 
41.77000000000111 -2.0160759063068916 4.797172307833144 -0.530062906960449 0.3425791305767806 0.1798340197837777 -0.18581805095262 0.0 0.0 0.0 
41.79500000000111 -1.9937712474366596 4.801066230628372 -0.5116521708854451 0.333508322815099 0.17347725175741496 -0.18940500775178132 0.0 0.0 0.0 
41.81000000000111 -1.9810439851247408 4.802802725670673 -0.500661403615827 0.3204634586273825 0.15858592080097283 -0.19484969681770534 0.0 0.0 0.0 
41.84000000000111 -1.95770273404525 4.806601264079736 -0.48111869094539994 0.30732375252849864 0.1498600922927929 -0.1972509450449608 0.0 0.0 0.0 
41.85500000000111 -1.944868219545785 4.80850595723201 -0.4701888695982088 0.29553022477504176 0.13994765491175032 -0.1991080628610039 0.0 0.0 0.0 
41.87000000000111 -1.9330987484731714 4.810491845233187 -0.4604052865267727 0.29054472634751316 0.13541923050024446 -0.2033132718317695 0.0 0.0 0.0 
41.88000000000111 -1.9235617330100057 4.810927274312064 -0.4513037001424838 0.26890398667737425 0.11475950259448003 -0.20569879880931796 0.0 0.0 0.0 
41.91000000000111 -1.9064153025409054 4.813173808905245 -0.4364038042665639 0.25471915656759714 0.10460162259257039 -0.2074289963434819 0.0 0.0 0.0 
41.93500000000111 -1.8860045312154754 4.8150674674573155 -0.4178866914932051 0.24023817306238654 0.0950711178486527 -0.21031921841690335 0.0 0.0 0.0 
41.96000000000111 -1.8704263969467012 4.816106145756969 -0.4033472355240839 0.2228809991496134 0.08134953302645609 -0.21370734743717787 0.0 0.0 0.0 
41.97500000000111 -1.8545684174852888 4.816728917768319 -0.3881120280740209 0.20367508838940168 0.06636570906063145 -0.21747926536309928 0.0 0.0 0.0 
41.99000000000111 -1.8435082269969716 4.8167547797286465 -0.37707769954603165 0.18223847918069808 0.04874318269061941 -0.21939253234435474 0.0 0.0 0.0 
42.02000000000111 -1.8321828716451756 4.81610576148749 -0.36510332595307915 0.16104710785499124 0.03182640795450059 -0.22235611876861297 0.0 0.0 0.0 
42.02000000000111 -1.8321828716451756 4.81610576148749 -0.36510332595307915 0.16104710785499124 0.03182640795450059 -0.22235611876861297 0.0 0.0 0.0 
42.05000000000111 -1.812418781749394 4.815432538014035 -0.34466601258384255 0.13729436611602835 0.015719977540212596 -0.22550600287373218 0.0 0.0 0.0 
42.06000000000111 -1.8049311374364787 4.815379112078686 -0.33712494233557866 0.11458205824288546 -0.0031617787034639334 -0.22958202870478095 0.0 0.0 0.0 
42.09000000000111 -1.7957363363783208 4.81430520541007 -0.32685623460880464 0.10169975629294473 -0.011674298950405044 -0.23145817047379275 0.0 0.0 0.0 
42.11500000000111 -1.7834857199502558 4.8113815861299285 -0.3116819989005979 0.06983923617725796 -0.03608161443173811 -0.23144612011328267 0.0 0.0 0.0 
42.12500000000111 -1.7819291653410763 4.810549863335954 -0.3092937214974434 0.03841916798307994 -0.06407550642005932 -0.23188611288853234 0.0 0.0 0.0 
42.15500000000111 -1.7631013799004516 4.8075279878557735 -0.2874440605766386 0.0189770995129923 -0.07432059330336915 -0.23368661695160248 0.0 0.0 0.0 
42.16500000000111 -1.7604921900075903 4.80634239654303 -0.28364927937103435 -0.004828069505148955 -0.09257631358910054 -0.23926279464704217 0.0 0.0 0.0 
42.18000000000111 -1.757513618374575 4.804420435123597 -0.2787487463185858 -0.01985889249727725 -0.10345765950727737 -0.2414821846845384 0.0 0.0 0.0 
42.21500000000111 -1.7518532757643355 4.799542378739603 -0.2682103473243522 -0.03454032686333164 -0.1121412127388362 -0.24364028192021514 0.0 0.0 0.0 
42.22500000000111 -1.7500052963323884 4.797874664608229 -0.2646946537610315 -0.06214624710903771 -0.13239754030346676 -0.24875016330268698 0.0 0.0 0.0 
42.25500000000111 -1.7448514636455006 4.792369411613981 -0.25403556807989514 -0.08294245996426078 -0.14479000913262013 -0.25253727401605436 0.0 0.0 0.0 
42.26500000000111 -1.7431011808330916 4.790616780461825 -0.25053265411533054 -0.10966242534984544 -0.16220697857689345 -0.2588613529607342 0.0 0.0 0.0 
42.28000000000111 -1.7423381984503687 4.787502487647903 -0.2466553789186854 -0.12650932156570266 -0.17491544057427405 -0.25889555850220947 0.0 0.0 0.0 
42.31000000000111 -1.7450084787284401 4.7816730584699645 -0.2434962300188186 -0.13701326697337934 -0.18076586568617287 -0.26157846079591957 0.0 0.0 0.0 
42.33500000000111 -1.7375407729950585 4.776491780162889 -0.23084724597836104 -0.1509615681218736 -0.18825283648765517 -0.261936212272936 0.0 0.0 0.0 
42.36000000000111 -1.7360490403082123 4.77138333587814 -0.22424706900676572 -0.1604622430544535 -0.19377484447282542 -0.26236714438094044 0.0 0.0 0.0 
42.37500000000111 -1.739507725318151 4.766982552460584 -0.22330497059914922 -0.18710786137055135 -0.21673002696326282 -0.260412816887402 0.0 0.0 0.0 
42.38500000000111 -1.7437429599221406 4.764125968006714 -0.22468362074926773 -0.2195802495146031 -0.24110394574912924 -0.26316848867488735 0.0 0.0 0.0 
42.40000000000111 -1.7469172756158282 4.759909259374423 -0.2236412278106652 -0.2371651771393139 -0.25412137022600634 -0.2641053364118853 0.0 0.0 0.0 
42.43500000000111 -1.7532371324830094 4.74947798179614 -0.2195298070995637 -0.25406593456658194 -0.2647018005599796 -0.26597683140882894 0.0 0.0 0.0 
42.45000000000111 -1.7570859130954195 4.744930225242191 -0.2188308311580247 -0.27581688454935965 -0.27996241983562187 -0.2678229332484727 0.0 0.0 0.0 
42.47500000000111 -1.7598205000231115 4.738293949796494 -0.2149291426400195 -0.28033100900170643 -0.27979366332758515 -0.2703787366680453 0.0 0.0 0.0 
42.49000000000111 -1.7607948881809439 4.733181139685922 -0.210790720687279 -0.2956526398783364 -0.29207330159034506 -0.26911736846598894 0.0 0.0 0.0 
42.50000000000111 -1.768146844902576 4.730347505409133 -0.21530904313212318 -0.2998903914728539 -0.2958814379850008 -0.26983821277428083 0.0 0.0 0.0 
42.53000000000111 -1.7794107168709332 4.720160210268628 -0.21638561995997563 -0.31302753562694896 -0.30511367607790646 -0.2710970781484716 0.0 0.0 0.0 
42.55500000000111 -1.7908892866665513 4.711401677498551 -0.21910565698551565 -0.3256363725672886 -0.3176235745374843 -0.2695036520041745 0.0 0.0 0.0 
42.57000000000111 -1.7957932949100275 4.707124575685679 -0.21973256341612046 -0.32334805739045147 -0.31735274897411686 -0.26834657184364263 0.0 0.0 0.0 
42.58000000000111 -1.7986245648334576 4.703596170280118 -0.21903542793398945 -0.32968702380999376 -0.3244161396701015 -0.2665013037123917 0.0 0.0 0.0 
42.61500000000111 -1.8126917571012018 4.691275781446249 -0.22078223136786512 -0.3391752014935623 -0.33061459983586455 -0.26800439704556395 0.0 0.0 0.0 
42.63000000000111 -1.8191008592430031 4.685723966638915 -0.22163951870233234 -0.3588214427633169 -0.3429897230684434 -0.2707079895368095 0.0 0.0 0.0 
42.65500000000111 -1.8325021634239667 4.677355922399145 -0.22667277864352542 -0.35995734094633464 -0.34356154735593625 -0.2720518543972775 0.0 0.0 0.0 
42.66500000000111 -1.8399516567103198 4.673797075819619 -0.23056342535035235 -0.36598229787523257 -0.3464894193692017 -0.27428886853294715 0.0 0.0 0.0 
42.70000000000111 -1.8670182398120272 4.6597098371001815 -0.24354276973262223 -0.3734681684209912 -0.3580831020476772 -0.2725553805119142 0.0 0.0 0.0 
42.73000000000111 -1.8853496092237123 4.648223428881355 -0.25038773092548094 -0.38063615785500965 -0.3671961332053764 -0.27133268139651995 0.0 0.0 0.0 
42.73000000000111 -1.8853496092237123 4.648223428881355 -0.25038773092548094 -0.38063615785500965 -0.3671961332053764 -0.27133268139651995 0.0 0.0 0.0 
42.760000000001114 -1.905528597481149 4.63749272788426 -0.2598360181858226 -0.37566841340787915 -0.3680278398868794 -0.2697593214897322 0.0 0.0 0.0 
42.775000000001114 -1.913949563460344 4.631843143581163 -0.2626073998619205 -0.3738192248810708 -0.3702747729439065 -0.26761713931653636 0.0 0.0 0.0 
42.78500000000111 -1.925156086172135 4.627061572063347 -0.2690323510558965 -0.3975470134059894 -0.3931405005331813 -0.26611044858100413 0.0 0.0 0.0 
42.830000000001114 -1.9630864905311023 4.6105442000132175 -0.2904453833647338 -0.38319142160470565 -0.38939480842207147 -0.26492135744777096 0.0 0.0 0.0 
42.830000000001114 -1.9630864905311023 4.6105442000132175 -0.2904453833647338 -0.38319142160470565 -0.38939480842207147 -0.26492135744777096 0.0 0.0 0.0 
42.845000000001114 -1.9703906366836834 4.6054914866780745 -0.2926968161821719 -0.3581570939848717 -0.37535477415019664 -0.26108688415580067 0.0 0.0 0.0 
42.875000000001116 -1.9966582109748692 4.594588331601097 -0.3080612353963801 -0.3464790706991546 -0.3708181739707571 -0.26066597673199216 0.0 0.0 0.0 
42.890000000001116 -2.010506115455231 4.588168442037041 -0.3154892503126856 -0.35415358506883793 -0.3796513597478618 -0.2603591543000704 0.0 0.0 0.0 
42.915000000001115 -2.0238764963861664 4.578581461015405 -0.31927265022198537 -0.3529432367388219 -0.382029728892721 -0.25880166149516143 0.0 0.0 0.0 
42.94000000000111 -2.046838147924145 4.570191308106899 -0.3338441488514583 -0.33002396923585803 -0.37334840401716557 -0.25466454191519816 0.0 0.0 0.0 
42.955000000001114 -2.0592087013443017 4.564891540533607 -0.340914934698322 -0.3157181790919943 -0.36491537981838323 -0.2536515810188382 0.0 0.0 0.0 
42.970000000001114 -2.0686769133051963 4.5596928392994105 -0.345184445425021 -0.3016047458225813 -0.35865149224667486 -0.2505954920520372 0.0 0.0 0.0 
43.000000000001116 -2.0914065002653586 4.5502617395600256 -0.35848293264579745 -0.28303289743797766 -0.348737075312348 -0.24922874309232124 0.0 0.0 0.0 
43.010000000001114 -2.0985709928115908 4.546334267338495 -0.36171995297049975 -0.2744578509482294 -0.3486517966796985 -0.24474814267677705 0.0 0.0 0.0 
43.025000000001114 -2.110173430769773 4.544471067479616 -0.3714591910698033 -0.22035596252795223 -0.30318580808934154 -0.24587596124730274 0.0 0.0 0.0 
43.040000000001115 -2.117607024445 4.539662664285586 -0.37408438155100043 -0.20852208333768607 -0.29295066352206867 -0.24653894756245784 0.0 0.0 0.0 
43.070000000001116 -2.1393882842271794 4.530415217874905 -0.38661819492249805 -0.20607961897382499 -0.294500351815145 -0.24664637456867253 0.0 0.0 0.0 
43.095000000001114 -2.1546551409189347 4.5241370354595265 -0.39560686919887544 -0.19218464362802104 -0.28627984498753617 -0.24574009293362592 0.0 0.0 0.0 
43.110000000001115 -2.1618631280450518 4.52049958021242 -0.39917740107788546 -0.17352643225056896 -0.27326931668790533 -0.2438857570396359 0.0 0.0 0.0 
43.14500000000111 -2.184003960305615 4.514874660774612 -0.4156933139006407 -0.14118985812567506 -0.24878973474422758 -0.2451720143771359 0.0 0.0 0.0 
43.16000000000111 -2.1982133439304787 4.512423424874362 -0.42745146162525494 -0.09061031915600898 -0.21422299318997645 -0.23858448792945855 0.0 0.0 0.0 
43.17500000000111 -2.20086774410143 4.508844579478187 -0.42652701640003077 -0.08276160580477113 -0.20870081059721196 -0.23656593529779094 0.0 0.0 0.0 
43.205000000001114 -2.2132230435498315 4.507503588268002 -0.43754132463824735 -0.03830126513364096 -0.17465535700286847 -0.2332139743508398 0.0 0.0 0.0 
43.220000000001114 -2.2223093460007015 4.505569044382393 -0.444693083203509 -0.0006134280932239555 -0.14480649024093029 -0.2295888735821399 0.0 0.0 0.0 
43.235000000001115 -2.2303536101855244 4.504384458362868 -0.45155276136880573 0.02988850983661087 -0.12244580503525133 -0.22268637168696476 0.0 0.0 0.0 
43.24500000000111 -2.231651073118227 4.503390491160369 -0.4518562570990099 0.048936987353088615 -0.10763220445413853 -0.21589026591627153 0.0 0.0 0.0 
43.275000000001114 -2.235951363207375 4.503285610536585 -0.4560516665643739 0.07452756573165681 -0.08505092253745554 -0.2128650095661772 0.0 0.0 0.0 
43.30000000000111 -2.2432989278383832 4.503522270649934 -0.46363589130873084 0.10628890400935295 -0.057714158469738666 -0.2063863859520003 0.0 0.0 0.0 
43.31500000000111 -2.245989209104434 4.50370957334595 -0.4665134752707978 0.1351561965000903 -0.02971616976592475 -0.2013626814513302 0.0 0.0 0.0 
43.34000000000111 -2.2475313782569173 4.505611799360822 -0.4699578704381526 0.16151251854287002 -0.0032089797181187665 -0.19710222573625086 0.0 0.0 0.0 
43.35500000000111 -2.2534870989391558 4.506551699058198 -0.47685349081776707 0.1879404551931415 0.02349352623847351 -0.19056162575258323 0.0 0.0 0.0 
43.38000000000111 -2.2547552429033484 4.512189364746328 -0.48375930047008975 0.2302999619202359 0.0692476840801576 -0.18737613122905275 0.0 0.0 0.0 
43.41000000000111 -2.251937478364024 4.519094464139598 -0.4878466353240354 0.2688494525171816 0.11336830958108873 -0.1841167650185856 0.0 0.0 0.0 
43.42000000000111 -2.2449261897234805 4.521659477503485 -0.48340036004737996 0.32231458654736245 0.18239221515175635 -0.17862424899138357 0.0 0.0 0.0 
43.43500000000111 -2.244182981862611 4.525731118660502 -0.48672879334352714 0.3500557178145048 0.21434476816000242 -0.1783770095361474 0.0 0.0 0.0 
43.45000000000111 -2.241105823762824 4.533396984236662 -0.4913175008198998 0.4084874593914549 0.2840947851707429 -0.17714070994608372 0.0 0.0 0.0 
43.48000000000111 -2.230475289373273 4.543192180389651 -0.490482162583338 0.42046020037127324 0.30323285527921806 -0.17456666964768694 0.0 0.0 0.0 
43.48000000000111 -2.230475289373273 4.543192180389651 -0.490482162583338 0.42046020037127324 0.30323285527921806 -0.17456666964768694 0.0 0.0 0.0 
43.510000000001114 -2.218951694067246 4.558111300588427 -0.49387768747608707 0.456178100257296 0.3483215296347258 -0.17306149484245725 0.0 0.0 0.0 
43.53500000000111 -2.203459009039548 4.5686008287329765 -0.4888745305929376 0.47772047450413113 0.37911878664559623 -0.17207562984807048 0.0 0.0 0.0 
43.55000000000111 -2.1920252055647067 4.5772837320386195 -0.48612363042373996 0.5207822384028604 0.43509337738568415 -0.1714667231680839 0.0 0.0 0.0 
43.57500000000111 -2.174023991212109 4.592675318260223 -0.483514002292746 0.5585167957291713 0.48181820507940853 -0.17190508380007335 0.0 0.0 0.0 
43.58500000000111 -2.16997000974802 4.599476805485443 -0.486261508053877 0.6154503185179963 0.5573157858049383 -0.16998605696747343 0.0 0.0 0.0 
43.60500000000111 -2.1598676804597265 4.61195359389793 -0.48863596717806956 0.6369492337961609 0.5822058309405801 -0.17027196141893766 0.0 0.0 0.0 
43.62000000000111 -2.139736644951331 4.623271136927336 -0.47982247469908046 0.6650033592455982 0.6271349659434691 -0.16863772759709347 0.0 0.0 0.0 
43.650000000001114 -2.1111519091055224 4.647258760620167 -0.47522536254610337 0.6982923941502988 0.6688521269357046 -0.16922085244007556 0.0 0.0 0.0 
43.66000000000111 -2.0987694987264924 4.6595585158089685 -0.47514270735587516 0.7 0.8203379374049732 -0.17291331055767234 0.0 0.0 0.0 
43.69000000000111 -2.0683391913943483 4.685210038222983 -0.4703639224377447 0.7 0.8426421005973693 -0.17286630743191203 0.0 0.0 0.0 
43.71500000000111 -2.037905824113618 4.710791512046943 -0.46551202898097443 0.7 0.8873134244393334 -0.17406343391175674 0.0 0.0 0.0 
43.74000000000111 -2.0052256659916456 4.737805887481579 -0.45984624629363857 0.7 0.9399619724731241 -0.1759073279852251 0.0 0.0 0.0 
43.75500000000111 -1.9915366506381345 4.7554281069727455 -0.46377945043129376 0.7 1.0140632791450936 -0.17454762298697607 0.0 0.0 0.0 
43.76500000000111 -1.9763624228162517 4.771793922679576 -0.4649710383162411 0.7 1.173746701084013 -0.17228309317814627 0.0 0.0 0.0 
43.79500000000111 -1.9227794455399234 4.804032258448292 -0.4436263968086296 0.7 1.1697731722654983 -0.1718458022918728 0.0 0.0 0.0 
43.81500000000111 -1.9008140913943279 4.82645883281042 -0.4440876170251622 0.7 1.1581601815968448 -0.17400493630264047 0.0 0.0 0.0 
43.830000000001114 -1.8818994537660636 4.84531763043225 -0.4440317770187274 0.7 1.1735426064818189 -0.17496501076152954 0.0 0.0 0.0 
43.85500000000111 -1.8531689619953926 4.875739795914006 -0.4457234507298127 0.7 1.1851116791881118 -0.17716888324417096 0.0 0.0 0.0 
43.87000000000111 -1.8283995231909398 4.8965933763374405 -0.44180759234879385 0.7 1.2324826406916294 -0.17980563672214242 0.0 0.0 0.0 
43.89500000000111 -1.7955921998865534 4.918779671407961 -0.4311865641149284 0.7 1.1712117255356902 -0.1833832125896561 0.0 0.0 0.0 
43.91000000000111 -1.7719979772854058 4.941585604529271 -0.43039827463509006 0.7 1.2110306951946024 -0.1837237077159799 0.0 0.0 0.0 
43.93500000000111 -1.7340987765428089 4.976731490102894 -0.42764495946611714 0.7 1.2577057955571547 -0.18719074691563617 0.0 0.0 0.0 
43.95000000000111 -1.718553660899365 5.000713783085115 -0.4360821368048935 0.7 1.3503133569829189 -0.19365668368733688 0.0 0.0 0.0 
43.97500000000111 -1.6762336407560108 5.032167700941959 -0.4252160345183835 0.7 1.348459909233105 -0.19559203753214005 0.0 0.0 0.0 
43.98500000000111 -1.660459749041466 5.046567344302674 -0.42384178616455337 0.7 1.3655878858071406 -0.20474940406688627 0.0 0.0 0.0 
44.00500000000111 -1.6344173319938755 5.086064028392138 -0.4372960532064276 0.7 1.4915508717937778 -0.20630415234872373 0.0 0.0 0.0 
44.03500000000111 -1.588472503607594 5.195629377191431 -0.5009165736194392 0.7 1.9544804601580479 -0.20983803228025794 0.0 0.0 0.0 
44.06000000000111 -1.5543044687107537 5.281595185689169 -0.5527143472203369 0.7 2.423064656384006 -0.21681250330101776 0.0 0.0 0.0 
44.06000000000111 -1.5543044687107537 5.281595185689169 -0.5527143472203369 0.7 2.423064656384006 -0.21681250330101776 0.0 0.0 0.0 
44.09000000000111 -1.5125001783420315 1.2631001032146614 -2.775600281556693 0.7 17.33717534635689 -0.20257409333746826 0.0 0.0 0.0 
44.11500000000111 -1.4779026251280591 1.8070389533846865 2.9982437286668406 0.7 23.646124205557744 -0.10772399429989342 0.0 0.0 0.0 
44.14000000000111 -1.4385828027550684 1.898961029807295 2.945641474617223 -0.6682932103515684 21.510809902863734 -0.003587323565104855 0.0 0.0 0.0 
44.15500000000111 -1.4191029249728937 1.9415072312494632 2.922575150957229 -0.7 16.652690322728283 0.1058980846809273 0.0 0.0 0.0 
44.18000000000111 -1.3788616376548917 1.9767628405336364 2.927560828991058 -0.7 12.684342263782955 0.1647897574346543 0.0 0.0 0.0 
44.18000000000111 -1.3788616376548917 1.9767628405336364 2.927560828991058 -0.7 12.684342263782955 0.1647897574346543 0.0 0.0 0.0 
44.21000000000111 -1.3459788620681254 2.013962719343922 2.9232437257675388 -0.7 9.366507730810621 0.21019245480619614 0.0 0.0 0.0 
44.22500000000111 -1.3331093650932742 2.0323346710740675 2.9177412710122446 -0.7 5.710521371230162 0.25616653927813127 0.0 0.0 0.0 
44.25500000000111 -1.3201111841332265 2.0587878322369506 2.9042862908094094 -0.7 4.179731694518963 0.2777595403080981 0.0 0.0 0.0 
44.27000000000111 -1.3128053990282398 2.073663933807991 2.8967159743433553 -0.7 2.608035643177638 0.2998025738000408 0.0 0.0 0.0 
44.28000000000111 -1.3137850433828417 2.0855258269619927 2.883874436834752 -0.7 1.6069546785064484 0.3183772537675429 0.0 0.0 0.0 
44.31000000000111 -1.3117381802120451 2.1155426600689053 2.855904466898636 -0.7 1.3832176489762231 0.32706956467358084 0.0 0.0 0.0 
44.33500000000111 -1.323598259792285 2.138175159344288 2.8214118880430132 -0.7 1.2052227774696656 0.33552431590918436 0.0 0.0 0.0 
