36.885000000001256 0.786005288112736 0.7863591688547541 -0.00035388074201814224 0.0001238582597063498 0.0 0.0 0.0 0.0 0.0 
36.885000000001256 0.786005288112736 0.7863591688547541 -0.00035388074201814224 0.0001238582597063498 0.0 0.0 0.0 0.0 0.0 
36.90500000000126 0.787866631113127 0.7863410120317501 0.0015256190813769388 -0.0005339666784819285 -0.00018383783291536679 0.0020251664846535227 0.0 0.0 0.0 
36.93500000000126 0.7907037621181879 0.7863015949158036 0.004402167202384288 -0.0015437911193108965 -0.0004497501673600856 -0.0014346492012875154 0.0 0.0 0.0 
36.96000000000126 0.7941096405736873 0.7862204033977237 0.00788923717596357 -0.0027920467083171556 -0.001112853232320836 -0.005891258161277417 0.0 0.0 0.0 
36.97500000000126 0.7891643672184084 0.7863130121901176 0.002851355028290814 -0.0009960082783577518 2.840378262422799e-05 -0.014726698590565046 0.0 0.0 0.0 
37.00000000000126 0.7891572604867257 0.7863138225134019 0.00284343797332387 -0.0009729063387541759 0.0002363537834577964 -0.02007174267192955 0.0 0.0 0.0 
37.025000000001256 0.7898103798449562 0.7861599445438742 0.003650435301082 -0.0014051308916960292 -0.000995014535614086 -0.027258991565118136 0.0 0.0 0.0 
37.04000000000126 0.7870526765310002 0.786281975469076 0.0007707010619242283 -0.00022949597647705365 0.00023307853720676893 -0.036741697490685545 0.0 0.0 0.0 
37.065000000001255 0.7876749126562163 0.7862576691518043 0.0014172435044119691 -0.0004530257303698855 0.00021189785623844314 -0.04318569708668133 0.0 0.0 0.0 
37.065000000001255 0.7876749126562163 0.7862576691518043 0.0014172435044119691 -0.0004530257303698855 0.00021189785623844314 -0.04318569708668133 0.0 0.0 0.0 
37.09500000000126 0.7845046019267176 0.786192876970199 -0.0016882750434814575 0.0005312228880021445 -0.00027369798214659945 -0.04638858912275081 0.0 0.0 0.0 
37.11000000000126 0.7861919565842745 0.7860401877226385 0.00015176886163603687 -0.0006577794786390578 -0.00257336446505215 -0.04999336308706014 0.0 0.0 0.0 
37.12500000000126 0.7876038544356512 0.7861744119407821 0.0014294424948690931 -0.0007191627247949647 -0.0009358803270197156 -0.04975582774215459 0.0 0.0 0.0 
37.15500000000126 0.7856582998110059 0.7859718777357111 -0.0003135779247052106 -0.0003267809170556616 -0.0018658009691497523 -0.049779908903922254 0.0 0.0 0.0 
37.16500000000126 0.7870397559966699 0.7862356860933682 0.0008040699033016185 0.00033689471405102904 0.0030102399869270163 -0.043703250556671194 0.0 0.0 0.0 
37.19500000000126 0.7861310437326698 0.7863786907915552 -0.00024764705888535854 0.0008916832569549604 0.0038576155654077033 -0.044399976292035834 0.0 0.0 0.0 
37.205000000001256 0.7859830507080714 0.7861924473601856 -0.0002093966521141688 8.80727509956732e-05 7.401226564834841e-05 -0.042499921497935744 0.0 0.0 0.0 
37.23500000000126 0.7880860894800514 0.7864341811405614 0.001651908339490027 -0.0003263554296802386 0.0013092144666653283 -0.04092310825564866 0.0 0.0 0.0 
37.260000000001256 0.7855620537329171 0.7866333819883621 -0.001071328255444981 0.0009533224494414814 0.0031060038033207437 -0.039618367458546376 0.0 0.0 0.0 
37.285000000001254 0.7815395195221145 0.7868810737738801 -0.0053415542517655235 0.0027657543909756924 0.005026870270183 -0.03793276018457492 0.0 0.0 0.0 
37.315000000001255 0.7846609890428846 0.7865798268310992 -0.0019188377882145558 0.0011214762009046642 0.0024597305985549047 -0.03891474211745812 0.0 0.0 0.0 
37.330000000001256 0.7896406904290056 0.7868723562237423 0.0027683342052633453 -0.00019179263932612566 0.004357662451693523 -0.03794364627731317 0.0 0.0 0.0 
37.330000000001256 0.7896406904290056 0.7868723562237423 0.0027683342052633453 -0.00019179263932612566 0.004357662451693523 -0.03794364627731317 0.0 0.0 0.0 
37.36000000000126 0.7916468291504262 0.7868906044221657 0.0047562247282604275 -0.0009882738185023098 0.0038854733373711444 -0.037039482745053344 0.0 0.0 0.0 
37.37500000000126 0.7918834494805528 0.7868866794046979 0.004996770075854862 -0.0013048650587808384 0.0027600028365739886 -0.03422787630633797 0.0 0.0 0.0 
37.400000000001256 0.7886195504004305 0.7871193598032196 0.0015001905972109597 7.510697416681733e-05 0.0038815405942985524 -0.032898413719028324 0.0 0.0 0.0 
37.41500000000126 0.787356758616488 0.7869401800418718 0.00041657857461618875 7.440959847085168e-05 0.0012420437986110627 -0.03772301609837937 0.0 0.0 0.0 
37.425000000001255 0.783484741591833 0.7870923910803556 -0.0036076494885225463 0.0017007405115886357 0.0028751317876455525 -0.03241762154066703 0.0 0.0 0.0 
37.455000000001256 0.7885604486505604 0.787171442435635 0.0013890062149254367 -4.2420461890563385e-05 0.002991183954344569 -0.03156308815435865 0.0 0.0 0.0 
37.480000000001255 0.7894509417609251 0.7873111159279202 0.0021398258330048714 -0.00027836377652144367 0.0035589514276123564 -0.028132555009923163 0.0 0.0 0.0 
37.480000000001255 0.7894509417609251 0.7873111159279202 0.0021398258330048714 -0.00027836377652144367 0.0035589514276123564 -0.028132555009923163 0.0 0.0 0.0 
37.51500000000126 0.7883075929740334 0.7875572273174096 0.000750365656623786 0.00025461226703140695 0.004384872274611902 -0.0250979069534579 0.0 0.0 0.0 
37.54000000000126 0.788209508370639 0.7876336094729959 0.0005758988976430901 0.00024008569412079187 0.004465408577956265 -0.021043572846867496 0.0 0.0 0.0 
37.55500000000126 0.7938830181499852 0.7875398729494923 0.006343145200492839 -0.0020469307047484868 0.002336323993224969 -0.01577037496349304 0.0 0.0 0.0 
37.565000000001255 0.7868057349503714 0.7876531587658712 -0.0008474238154997371 0.00039816029779570405 0.0031911840359462283 -0.0067714453070055625 0.0 0.0 0.0 
37.59500000000126 0.7857872753945147 0.7878490425954588 -0.002061767200944198 0.0007690784948929761 0.0039533835060245 -0.002554234091583822 0.0 0.0 0.0 
37.605000000001255 0.787451109942864 0.7878756368755417 -0.0004245269326776935 0.0001485844264371927 0.004383053536827438 0.0019317376056671382 0.0 0.0 0.0 
37.645000000001254 0.7875644498118738 0.7880095203901155 -0.00044507057824172414 0.00015577470238460343 0.004205764284229051 0.004028905787069836 0.0 0.0 0.0 
37.645000000001254 0.7875644498118738 0.7880095203901155 -0.00044507057824172414 0.00015577470238460343 0.004205764284229051 0.004028905787069836 0.0 0.0 0.0 
37.675000000001255 0.7895863251721584 0.7879525441604878 0.0016337810116706653 -0.0005718233540847328 0.0028980008014701667 0.005152005184993947 0.0 0.0 0.0 
37.68500000000125 0.7863530679842541 0.7880949590830578 -0.0017418910988037384 0.0006096618845813084 0.004008262460613518 0.010259648209194932 0.0 0.0 0.0 
37.72000000000126 0.7908793764164032 0.7881422936174263 0.0027370827989768864 -0.0009579789796419102 0.0035664117331541097 0.010946286285325376 0.0 0.0 0.0 
37.730000000001255 0.7911956399985347 0.7882118242317934 0.002983815766741338 -0.0010443355183594682 0.0037843988404260972 0.009505957393575314 0.0 0.0 0.0 
37.760000000001256 0.7926663331636272 0.7882803721051044 0.004385961058522847 -0.0015350863704829965 0.0035027365867390764 0.008301842323225516 0.0 0.0 0.0 
37.785000000001254 0.7885636617127079 0.7881656073603133 0.0003980543523945945 -0.00013931902333810808 0.0017615945970278742 0.0038678534556881453 0.0 0.0 0.0 
37.785000000001254 0.7885636617127079 0.7881656073603133 0.0003980543523945945 -0.00013931902333810808 0.0017615945970278742 0.0038678534556881453 0.0 0.0 0.0 
37.815000000001255 0.7891066175833027 0.7880966458023217 0.001009971780980945 -0.0003534901233433307 0.0005004682981142772 0.002169968761499576 0.0 0.0 0.0 
37.82500000000125 0.7856283600486771 0.7879838004379679 -0.0023554403892908082 0.0008244041362517828 -0.003030467276683453 0.0061736449970825474 0.0 0.0 0.0 
37.86500000000125 0.788352069822387 0.7881396596370384 0.00021241018534867706 -7.434356487203697e-05 -0.001894787460705289 0.002818924010318745 0.0 0.0 0.0 
37.88000000000125 0.7936414149182472 0.7881414435589258 0.005499971359321454 -0.001925255433242329 -0.0005708950028776262 -9.893292912127724e-05 0.0 0.0 0.0 
37.895000000001254 0.7863461859420543 0.7880930503330082 -0.0017468643909539505 0.0006032755095120309 -0.0007081198461890885 -0.0024418956178618675 0.0 0.0 0.0 
37.910000000001254 0.7878949769467392 0.7881017731501264 -0.00020679620338726057 6.775463147525958e-05 -0.0004884780613416949 -0.0020140888897401794 0.0 0.0 0.0 
37.925000000001255 0.7913035479426945 0.7880622519858436 0.0032412959568509647 -0.001139119147960867 -0.000856655331822788 -0.0011587775798017784 0.0 0.0 0.0 
37.955000000001256 0.7885278289125268 0.7879411025281722 0.0005867263843546411 -0.00021348185337499544 -0.0015566282785704625 -0.0011109142949377775 0.0 0.0 0.0 
37.965000000001254 0.7870452495788032 0.7880304187761271 -0.000985169197323943 0.0003443541315867729 -6.798248024619358e-05 -0.0014242952350622367 0.0 0.0 0.0 
37.995000000001255 0.7853738598726204 0.7880470764007516 -0.002673216528131128 0.0009362403448584226 0.00020832805621595022 -0.00062765165599421 0.0 0.0 0.0 
38.00500000000125 0.7853400893126807 0.7881468275977226 -0.0028067382850418543 0.000982358399764649 0.002436855175335754 0.0010118426033185399 0.0 0.0 0.0 
38.035000000001254 0.7897770220497843 0.7883245240870711 0.001452497962713184 -0.0005083742869496144 0.0033675531232772575 0.0005087393376748251 0.0 0.0 0.0 
38.06000000000125 0.7930299747761921 0.7881880026698216 0.004841972106370496 -0.0016942016047247525 0.0019176434911951173 -5.421464585386466e-05 0.0 0.0 0.0 
38.07500000000125 0.7986010374077215 0.7881891065962006 0.01041193081152092 -0.0036441757840323216 0.000813227584169402 0.0018103875242242865 0.0 0.0 0.0 
38.10000000000125 0.7916463631813764 0.788146568636539 0.003499794544837398 -0.0012249280906930892 0.00010354003799092275 0.00027457026923285435 0.0 0.0 0.0 
38.10000000000125 0.7916463631813764 0.788146568636539 0.003499794544837398 -0.0012249280906930892 0.00010354003799092275 0.00027457026923285435 0.0 0.0 0.0 
38.145000000001254 0.790129679724722 0.788068359886323 0.0020613198383990783 -0.0007278672523120596 -0.00038863313051791667 -0.0035067305588660225 0.0 0.0 0.0 
38.160000000001254 0.7836779983273107 0.7884001236136026 -0.0047221252862919005 0.0017805004695865296 0.0037222282462647757 -0.00730268474824427 0.0 0.0 0.0 
38.175000000001255 0.7934465011256285 0.7881260825590056 0.005320418566622909 -0.0018377326110588614 0.0005124583558147665 -0.010136324325191539 0.0 0.0 0.0 
38.20000000000125 0.7859909228671893 0.7883883236275743 -0.002397400760384971 0.0009394331245087492 0.0019502649590510724 -0.01094699683538563 0.0 0.0 0.0 
38.22500000000125 0.7901841799276362 0.7883259083041754 0.001858271623460861 -0.0005665536692292166 0.0014847086827906423 -0.012014879238514251 0.0 0.0 0.0 
38.22500000000125 0.7901841799276362 0.7883259083041754 0.001858271623460861 -0.0005665536692292166 0.0014847086827906423 -0.012014879238514251 0.0 0.0 0.0 
38.25500000000125 0.7883458786366122 0.7883047329711418 4.11456654704212e-05 4.390566239675019e-05 0.0009237626985750309 -0.013429497894131903 0.0 0.0 0.0 
38.26500000000125 0.7853413198196658 0.788291986280041 -0.0029506664603752286 0.0010301002535511926 -3.0478223353770607e-05 -0.018380808233145137 0.0 0.0 0.0 
38.28000000000125 0.7854396948686688 0.7885996038387588 -0.0031599089700899974 0.0014901704730578115 0.003936092073642508 -0.02076810598344971 0.0 0.0 0.0 
38.31000000000125 0.7884809669280158 0.7884893239670668 -8.357039050999049e-06 0.000264295400456367 0.0029945880522297187 -0.018570411108864416 0.0 0.0 0.0 
38.340000000001254 0.7851303145490706 0.7886274752217409 -0.003497160672670363 0.0014656001525395587 0.0030358999742262677 -0.016931704444332448 0.0 0.0 0.0 
38.36500000000125 0.7856865798905368 0.788611217200188 -0.0029246373096512013 0.0011768026666990775 0.0023044364825517928 -0.01414289622323996 0.0 0.0 0.0 
38.38000000000125 0.7863026357091498 0.7887912212284003 -0.0024885855192504636 0.0011399745362630533 0.0038990629653145497 -0.014677263727213893 0.0 0.0 0.0 
38.395000000001254 0.7875554510147978 0.7887998528061697 -0.001244401791371863 0.0006703856622885378 0.0037084035257608484 -0.01347399991449598 0.0 0.0 0.0 
38.42000000000125 0.7881037470327087 0.7890953754263176 -0.0009916283936088899 0.0006423625372491363 0.005316580346713262 -0.011817410545754617 0.0 0.0 0.0 
38.44500000000125 0.7845522748162904 0.7892751096791275 -0.004722834862837089 0.001881619970641685 0.006182293762602646 -0.007868310365599731 0.0 0.0 0.0 
38.44500000000125 0.7845522748162904 0.7892751096791275 -0.004722834862837089 0.001881619970641685 0.006182293762602646 -0.007868310365599731 0.0 0.0 0.0 
38.47500000000125 0.7884742837243797 0.7896232447263027 -0.0011489610019230767 0.0006782884745522354 0.007498522767697162 -0.007835646147696244 0.0 0.0 0.0 
38.48500000000125 0.7900814758914595 0.7897206526907551 0.00036082320070440765 0.00034993752020632575 0.009147061009523054 -0.011077285288267406 0.0 0.0 0.0 
38.50500000000125 0.7915475267741686 0.7898875337875395 0.0016599929866291108 -0.00014073216513237925 0.009233793669112776 -0.010144637026023456 0.0 0.0 0.0 
38.535000000001254 0.7942769408194694 0.7899647732621424 0.004312167557326996 -0.0011006363124291116 0.007902807991037696 -0.011001269667174301 0.0 0.0 0.0 
38.54500000000125 0.7914980126998633 0.7900790287533754 0.0014189839464878728 -0.00010212268414102634 0.007408293567468417 -0.011330650690187365 0.0 0.0 0.0 
38.57500000000125 0.7895415401000663 0.7902743473196939 -0.0007328072196276514 0.0005450562644508186 0.007176650904995872 -0.008555337076199997 0.0 0.0 0.0 
38.60000000000125 0.7919997633097404 0.7904102006461129 0.0015895626636275306 -0.0003295964650626401 0.0067397047542510375 -0.007158292835658329 0.0 0.0 0.0 
38.62500000000125 0.7963808891962874 0.7906492899169701 0.005731599279317212 -0.0017221907090847156 0.007179361424858631 -0.008412679656207614 0.0 0.0 0.0 
38.645000000001254 0.7895685249026422 0.7907914116039855 -0.0012228867013432954 0.0006977456933170983 0.007330767995928084 -0.00782871584174824 0.0 0.0 0.0 
38.68000000000126 0.7877711922218227 0.7911151101062451 -0.0033439178844224537 0.0014893166003794429 0.007745286232825636 -0.008761549770443237 0.0 0.0 0.0 
38.69500000000126 0.7861635903093076 0.7908916458247811 -0.004728055515473506 0.001791290274170502 0.0034526787597911847 -0.0084098034468792 0.0 0.0 0.0 
38.72500000000126 0.7915269201544675 0.7911436400937887 0.0003832800606787812 4.027932211588453e-05 0.003805215746437728 -0.009752982008508836 0.0 0.0 0.0 
38.74000000000126 0.7891404118199892 0.7912340179645967 -0.0020936061446075183 0.0009013352851170696 0.004468045690613527 -0.008027362933641223 0.0 0.0 0.0 
38.75500000000126 0.7888465172365823 0.7914753866333933 -0.002628869396811062 0.0012535751246826364 0.0070222495251311395 -0.010103776774862846 0.0 0.0 0.0 
38.77000000000126 0.7949371484053166 0.7915626621454914 0.0033744862598251713 -0.0009355858937169014 0.007551110069557699 -0.006916956719667529 0.0 0.0 0.0 
38.78000000000126 0.7913552731999666 0.7914626411538155 -0.00010736795384891362 0.00019536257465050896 0.004236555671067246 -0.007924130337560993 0.0 0.0 0.0 
38.79500000000126 0.7917059542575913 0.791440991948946 0.0002649623086452557 6.129522426070715e-06 0.0024179537449090793 -0.008699665782334564 0.0 0.0 0.0 
38.81000000000126 0.7838876853547746 0.7915818111329495 -0.007694125778174854 0.0028302118144293373 0.0032792500129490924 -0.008906278292493299 0.0 0.0 0.0 
38.84000000000126 0.787736196459958 0.791786842322459 -0.004050645862501034 0.001583878711407931 0.004129433475057638 -0.008560890955456606 0.0 0.0 0.0 
38.85000000000126 0.7895329798368579 0.7917745475593402 -0.002241567722482296 0.0008730729920556503 0.003815795735067057 -0.004936049111079217 0.0 0.0 0.0 
38.88000000000126 0.7884098848178538 0.7920812741652449 -0.0036713893473910852 0.001444629541685648 0.005081876549790023 -0.0066838800352022115 0.0 0.0 0.0 
38.90000000000126 0.792254793381057 0.792160317116812 9.447626424496924e-05 0.00026714515955059403 0.005427590602754863 -0.011768548295254493 0.0 0.0 0.0 
38.915000000001264 0.7923409697203503 0.7921049269700664 0.00023604275028388244 0.00015861366465360128 0.003720174525992592 -0.013796460215091948 0.0 0.0 0.0 
38.94000000000126 0.7972684165048591 0.792247806678427 0.005020609826432154 -0.0014652016795398915 0.003814268804267201 -0.016288878636767135 0.0 0.0 0.0 
38.95500000000126 0.7927088461969083 0.7921620733193995 0.0005467728775088165 1.8342351846733465e-05 0.001931918223161188 -0.023096090038259416 0.0 0.0 0.0 
38.96500000000126 0.7946794638504612 0.7922018346915948 0.0024776291588664012 -0.0007028395030929952 0.0014917559937473132 -0.02343813559593546 0.0 0.0 0.0 
39.00500000000126 0.7907387907132372 0.7924676807437719 -0.0017288900305347799 0.0009047050483308417 0.0025022337755611314 -0.02547456057231786 0.0 0.0 0.0 
39.00500000000126 0.7907387907132372 0.7924676807437719 -0.0017288900305347799 0.0009047050483308417 0.0025022337755611314 -0.02547456057231786 0.0 0.0 0.0 
39.04500000000126 0.7939266119992676 0.7926018141919695 0.001324797807298106 -0.00011474157794695794 0.002980251546508639 -0.024911338191823864 0.0 0.0 0.0 
39.06000000000126 0.7951507704223486 0.7924898545636837 0.002660915858664903 -0.000768934598814983 0.0012508966283792825 -0.02762034984289583 0.0 0.0 0.0 
39.07500000000126 0.7891517636207775 0.7926078381563697 -0.0034560745355921574 0.001459157181617985 0.0020672386996602025 -0.025682434336481923 0.0 0.0 0.0 
39.10500000000126 0.7913773045443386 0.7927314382517373 -0.0013541337073986748 0.0007868783875366247 0.0026063952449911143 -0.025545315691623494 0.0 0.0 0.0 
39.10500000000126 0.7913773045443386 0.7927314382517373 -0.0013541337073986748 0.0007868783875366247 0.0026063952449911143 -0.025545315691623494 0.0 0.0 0.0 
39.13500000000126 0.7890511664220663 0.792876964316055 -0.003825797893988736 0.00172536475352095 0.003223995996987885 -0.025496011978701164 0.0 0.0 0.0 
39.16000000000126 0.7849316995015102 0.7927028516879492 -0.007771152186438979 0.002856393010636501 0.0013850135929151385 -0.020967571370134788 0.0 0.0 0.0 
39.17500000000126 0.7881496035819188 0.792764147941844 -0.0046145443599252545 0.0016970534088141592 0.0010048941392097343 -0.017353978456213878 0.0 0.0 0.0 
39.18500000000126 0.7886499992555633 0.7927744944613514 -0.004124495205788059 0.0015110411761881878 0.0008384408939242596 -0.017120899865166236 0.0 0.0 0.0 
39.21500000000126 0.7822847110805775 0.7927500531753909 -0.010465342094813423 0.0036998450341669555 0.0004868938971048323 -0.016157699577162878 0.0 0.0 0.0 
39.25000000000126 0.7958580413530822 0.7927688282654068 0.003089213087675402 -0.001050650552468269 0.0004057740752863118 -0.016031365193166745 0.0 0.0 0.0 
39.26500000000126 0.7949166781349024 0.7927447738920401 0.002171904242862288 -0.0007641143928353922 -5.8386289644247504e-05 -0.014386603348901156 0.0 0.0 0.0 
39.28000000000126 0.7921645719099581 0.7928111345368793 -0.0006465626269211988 0.0002666319098816194 0.0007088971289474477 -0.012106005953785918 0.0 0.0 0.0 
39.28000000000126 0.7921645719099581 0.7928111345368793 -0.0006465626269211988 0.0002666319098816194 0.0007088971289474477 -0.012106005953785918 0.0 0.0 0.0 
39.32500000000126 0.7859409952058041 0.7929058667587353 -0.00696487155293124 0.0025049911980756763 0.0010690082033954335 -0.01339204231568859 0.0 0.0 0.0 
39.32500000000126 0.7859409952058041 0.7929058667587353 -0.00696487155293124 0.0025049911980756763 0.0010690082033954335 -0.01339204231568859 0.0 0.0 0.0 
39.35500000000126 0.7832024409158398 0.7929752653313072 -0.009772824415467452 0.003516181739202916 0.001484374807099033 -0.013716383423076238 0.0 0.0 0.0 
39.36500000000126 0.7849311500961661 0.7930504610152194 -0.008119310919053269 0.003074552887068098 0.0030834467007425734 -0.016063404696024595 0.0 0.0 0.0 
39.39500000000126 0.7825238695266149 0.7931416704566788 -0.010617800930063925 0.0039559456782451725 0.003235952222968994 -0.015761439917048623 0.0 0.0 0.0 
39.40500000000126 0.7853786010594022 0.7932657813104461 -0.007887180251043957 0.0031684301064634785 0.00523231544802556 -0.016587466081316254 0.0 0.0 0.0 
39.43500000000126 0.7862864020650968 0.7933542307338451 -0.007067828668748333 0.0028952734221053865 0.0049711051362697975 -0.018041854365237947 0.0 0.0 0.0 
39.46000000000126 0.7840137945028655 0.7935034603795673 -0.009489665876701858 0.003742783100336288 0.005078397133357614 -0.017655094977208536 0.0 0.0 0.0 
39.48500000000126 0.7858333709454689 0.7936323066085749 -0.007798935663105966 0.003232826722143159 0.005126131997933116 -0.020885858604539464 0.0 0.0 0.0 
39.50500000000126 0.7801992550612655 0.7934338862451353 -0.013234631183869805 0.004816831901629975 0.0020971338341938 -0.01873996280916161 0.0 0.0 0.0 
39.52000000000126 0.7817057146356636 0.7935105650400635 -0.011804850404399825 0.004277372700740354 0.001485932038257057 -0.02085875574986092 0.0 0.0 0.0 
39.53500000000126 0.7851173586460026 0.7937107360452049 -0.008593377399202295 0.0033822084710400193 0.0037024508266480477 -0.02152262591495762 0.0 0.0 0.0 
39.54500000000126 0.784582667934353 0.7935830192533893 -0.009000351319036204 0.003297767613202808 0.0013721849002164325 -0.02289323810652831 0.0 0.0 0.0 
39.57500000000126 0.7899655500617403 0.7937701896464879 -0.0038046395847476377 0.0015505725922872022 0.0021227491304231278 -0.021945522023782436 0.0 0.0 0.0 
39.59000000000126 0.7895076562465582 0.7939481251194734 -0.004440468872915271 0.0020632634777116503 0.004549112676091311 -0.023811020537948542 0.0 0.0 0.0 
39.61500000000126 0.7872637845827278 0.7942004576243655 -0.006936673041637698 0.003066069179642213 0.0061121956323477115 -0.022216956778384173 0.0 0.0 0.0 
39.62500000000126 0.7928976567653254 0.7942401061761766 -0.0013424494108511542 0.001168835379345692 0.006859440676639216 -0.02168088458179904 0.0 0.0 0.0 
39.65500000000126 0.7890447653949755 0.7944439220232307 -0.005399156628255186 0.0026037680965336897 0.006921508115867172 -0.021950181115089416 0.0 0.0 0.0 
39.68000000000126 0.7901968573191368 0.7944572894587202 -0.004260432139583381 0.002008434957043788 0.0056507094303088826 -0.01947726472259618 0.0 0.0 0.0 
39.68000000000126 0.7901968573191368 0.7944572894587202 -0.004260432139583381 0.002008434957043788 0.0056507094303088826 -0.01947726472259618 0.0 0.0 0.0 
39.72500000000126 0.7880199480902002 0.7948202221207306 -0.006800274030530407 0.002833821024448444 0.005926072970617032 -0.01629025810617939 0.0 0.0 0.0 
39.74000000000126 0.787740845878251 0.7947689011610153 -0.0070280552827642895 0.002689186990069094 0.004283102650741281 -0.011393989298353679 0.0 0.0 0.0 
39.75500000000126 0.7891807606391924 0.794846569072278 -0.005665808433085617 0.002119462146041744 0.003967292644251346 -0.007316699519360702 0.0 0.0 0.0 
39.76500000000126 0.7890144500704727 0.794963461260979 -0.0059490111905063925 0.002157201164755302 0.005387683914542855 -0.0029637038557471466 0.0 0.0 0.0 
39.79500000000126 0.7917519052154133 0.795183907948122 -0.0034320027327087166 0.0012281937721692056 0.005927915846483278 -0.0009688316146565941 0.0 0.0 0.0 
39.80500000000126 0.7882095814936937 0.7953335456742467 -0.007123964180553055 0.002493387463193569 0.00824793731983255 0.00371914044714522 0.0 0.0 0.0 
39.84500000000126 0.789434162314223 0.7956250814456254 -0.00619091913140235 0.0021668216959908225 0.008229081479093004 0.004305264048198642 0.0 0.0 0.0 
39.84500000000126 0.789434162314223 0.7956250814456254 -0.00619091913140235 0.0021668216959908225 0.008229081479093004 0.004305264048198642 0.0 0.0 0.0 
39.87500000000126 0.7874755173117728 0.7957121761788064 -0.00823665886703362 0.0028828306034617665 0.0071429767394501666 0.0040451785496676915 0.0 0.0 0.0 
39.885000000001256 0.7874096173113625 0.7959663807539105 -0.008556763442547966 0.0029948672048917876 0.00985852654434312 0.0015978797773162018 0.0 0.0 0.0 
39.92000000000126 0.7908941124195431 0.7961727551394229 -0.005278642719879767 0.0019158826018196113 0.00929089923985822 -0.0015654222961801038 0.0 0.0 0.0 
39.93500000000126 0.7870683874377276 0.7962152016173047 -0.00914681417957719 0.003396293229942643 0.007581869322776568 -0.005469606807552932 0.0 0.0 0.0 
39.94500000000126 0.7960725817580047 0.7961763883855199 -0.00010380662751519054 0.0001723142383943017 0.004485100516395297 -0.006450763597273066 0.0 0.0 0.0 
39.97500000000126 0.7901157363518251 0.7964413261610241 -0.0063255898091990614 0.0023655323241678137 0.005052940125169598 -0.006382460263637513 0.0 0.0 0.0 
40.01000000000126 0.7938560989027519 0.7968275616909511 -0.002971462788199264 0.001346144392470294 0.006411600871532096 -0.010158860170589082 0.0 0.0 0.0 
40.02000000000126 0.7863734397979213 0.7967785504029242 -0.010405110605002932 0.0040535249481325475 0.005559255177714919 -0.01575812797736486 0.0 0.0 0.0 
40.02000000000126 0.7863734397979213 0.7967785504029242 -0.010405110605002932 0.0040535249481325475 0.005559255177714919 -0.01575812797736486 0.0 0.0 0.0 
40.040000000001264 0.7901926244514342 0.7966565445338339 -0.00646392008239971 0.0024876964503410047 0.0030692792934991033 -0.015619747078206112 0.0 0.0 0.0 
40.070000000001265 0.7945937012457222 0.7966887808623339 -0.002095079616611706 0.000886379135538354 0.002163200317289576 -0.015058586104507783 0.0 0.0 0.0 
40.08000000000126 0.7965803699817046 0.7967644051830841 -0.00018403520137955098 0.0002177900412052461 0.0024342780773221194 -0.013405846236108977 0.0 0.0 0.0 
40.100000000001266 0.7993537589290886 0.7966136131433649 0.00274014578572368 -0.0009304226320116941 0.0004555678757120394 -0.013370449870943314 0.0 0.0 0.0 
40.13000000000127 0.7886426805673163 0.7970359255919659 -0.008393245024649554 0.003107956208323531 0.002814884518278783 -0.012873847334433095 0.0 0.0 0.0 
40.155000000001266 0.7826752177163606 0.7967794484716852 -0.014104230755324632 0.004993325482500331 0.0010238376703053382 -0.011813025864289776 0.0 0.0 0.0 
40.165000000001264 0.7860993645136639 0.7968563998402737 -0.010757035326609765 0.0038297945937492547 0.0010202965772065909 -0.01351968797846309 0.0 0.0 0.0 
40.195000000001265 0.7901683225759802 0.7969215462240206 -0.0067532236480403185 0.0024392498513658347 0.0012530675503929956 -0.012840246886998611 0.0 0.0 0.0 
40.20500000000126 0.788110691705709 0.7969077327164955 -0.008797041010786488 0.003132561560054069 0.0009308375022229569 -0.012250968491438329 0.0 0.0 0.0 
40.235000000001264 0.7863387734292518 0.7969532843236014 -0.010614510894349505 0.0037645486282067496 0.001017324726130287 -0.010346246701844624 0.0 0.0 0.0 
40.24500000000126 0.7894528023140809 0.7969997654078479 -0.007546963093767012 0.0027024229967747403 0.0018310455807781525 -0.007086511941534313 0.0 0.0 0.0 
40.27500000000126 0.7896752670714351 0.7968498604877325 -0.007174593416297448 0.00253528108678244 0.0005304508260689463 -0.009696044279228445 0.0 0.0 0.0 
40.31000000000126 0.7887658643313136 0.7967671763495225 -0.008001312018208973 0.002785349014202926 -0.00039257790582510196 -0.00818929047355303 0.0 0.0 0.0 
40.32500000000126 0.794474275200119 0.796930175647408 -0.002455900447288939 0.0009040503819952151 0.0012359051949637828 -0.007658307143959824 0.0 0.0 0.0 
40.34000000000126 0.7882843896291356 0.796583115464461 -0.008298725835325427 0.002806752782945853 -0.003207061938811836 -0.006488424295071009 0.0 0.0 0.0 
40.35500000000126 0.7859018264998999 0.7965190997883088 -0.01061727328840889 0.003572719651759078 -0.004765841082223681 -0.006398638334197845 0.0 0.0 0.0 
40.375000000001265 0.7886009338057457 0.7965114046812474 -0.007910470875501674 0.002649256653632105 -0.004232319240231501 -0.0060028529309783555 0.0 0.0 0.0 
40.40000000000126 0.7928738990859922 0.7968419308150868 -0.0039680317290946565 0.0013625946074545833 -0.0005689006242230198 -0.009804837615944657 0.0 0.0 0.0 
40.42500000000126 0.7895087428046511 0.7972718372366178 -0.007763094431966655 0.002897243476496148 0.004136727897925721 -0.00926626220783414 0.0 0.0 0.0 
40.44000000000126 0.7934216033064904 0.7973906761805867 -0.003969072874096313 0.0017996458045649152 0.007275787288758634 -0.012003389135177216 0.0 0.0 0.0 
40.46500000000126 0.7903628033064892 0.7979403661050227 -0.007577562798533499 0.003250640103925306 0.010824668030153512 -0.011763775322419814 0.0 0.0 0.0 
40.48000000000126 0.7917471156692046 0.7985948159735758 -0.006847700304371207 0.0038823104308438232 0.01925697335330084 -0.016414228813434864 0.0 0.0 0.0 
40.49500000000126 0.7921632336604626 0.7990844730799735 -0.0069212394195109495 0.004759769518984606 0.024518579545878067 -0.020282801125104534 0.0 0.0 0.0 
40.51000000000126 0.7891270505599831 0.7995209022823525 -0.010393851722369396 0.0064749021347047225 0.027036997293208107 -0.02232601907949079 0.0 0.0 0.0 
40.52500000000126 0.7882657131676054 0.800089258710032 -0.011823545542426595 0.0074963712158132665 0.029996638483573895 -0.023819195733810097 0.0 0.0 0.0 
40.56500000000126 0.7924352413559849 0.8017470045364314 -0.009311763180446575 0.007273156622794021 0.03265039173432958 -0.026157449088104294 0.0 0.0 0.0 
40.58000000000126 0.791193792502803 0.8025721538209609 -0.011378361318157948 0.009337583107374037 0.03931889703821817 -0.028978306028277497 0.0 0.0 0.0 
40.595000000001264 0.7897461763108299 0.8034419939211285 -0.013695817610298588 0.01208202885173069 0.04511688459466767 -0.03437168011632859 0.0 0.0 0.0 
40.62000000000126 0.78929655439984 0.804970986700278 -0.015674432300437968 0.014021118747596442 0.049417891716854956 -0.036747253538643526 0.0 0.0 0.0 
40.63500000000126 0.7913463294937858 0.805784537048985 -0.0144382075551992 0.014208408692270521 0.0525621227758391 -0.03705862524824945 0.0 0.0 0.0 
40.64500000000126 0.7895153402964832 0.8064904936293377 -0.016975153332854487 0.01775554779659551 0.05764060850889108 -0.043609341207120886 0.0 0.0 0.0 
40.67500000000126 0.7971437867914501 0.8087014187605402 -0.011557631969090099 0.016812853016837142 0.061404210566206256 -0.0442400940161651 0.0 0.0 0.0 
40.68500000000126 0.7931603130897817 0.8094126308347368 -0.016252317744955058 0.019545912187469143 0.06678737129604546 -0.04414645587204602 0.0 0.0 0.0 
40.70500000000126 0.7879317043125366 0.8110603209182035 -0.023128616605666896 0.02367722461578227 0.07075999376408122 -0.04685364425454879 0.0 0.0 0.0 
40.735000000001264 0.7909055962972186 0.8135336879185179 -0.022628091621299307 0.024861385352590033 0.07392746781003046 -0.048758410265187825 0.0 0.0 0.0 
40.74500000000126 0.7944163821701393 0.8144975839812326 -0.020081201811093297 0.02629529374295081 0.08135053354517457 -0.0503909996088798 0.0 0.0 0.0 
40.77500000000126 0.787656986726878 0.8176429030833373 -0.029985916356459308 0.03162777003825554 0.08685644690310974 -0.05176724541687702 0.0 0.0 0.0 
40.78500000000126 0.7869975172543501 0.8185639140817804 -0.03156639682743034 0.034045321031303526 0.09291510549603427 -0.05266093359352812 0.0 0.0 0.0 
40.81500000000126 0.7940689175696367 0.8216308756584471 -0.027561958088810345 0.03334463243428029 0.09541270201703948 -0.052845337133781235 0.0 0.0 0.0 
40.82500000000126 0.7922434204290734 0.8227962639088888 -0.03055284347981546 0.03794628138837264 0.1019573107728539 -0.05687149944121572 0.0 0.0 0.0 
40.85500000000126 0.7924630070541009 0.8262513025377902 -0.033788295483689335 0.03829628836318648 0.10529238080264611 -0.05348912004497016 0.0 0.0 0.0 
40.86500000000126 0.7951828113550352 0.8273667217660372 -0.03218391041100199 0.03600208012407635 0.10958448911415347 -0.0480299986857659 0.0 0.0 0.0 
40.90000000000126 0.7973612996176191 0.831806910436912 -0.03444561081929287 0.03588120421677595 0.11345425388266166 -0.044680564350959406 0.0 0.0 0.0 
40.91000000000126 0.7994910113000006 0.8332232536499913 -0.033732242349990726 0.034919108793043815 0.12325783098494374 -0.039897036010585744 0.0 0.0 0.0 
40.92500000000126 0.7966058245352 0.8351357697628826 -0.038529945227682605 0.03686986411979341 0.12609414245015166 -0.039457825743088266 0.0 0.0 0.0 
40.95500000000126 0.7984226676654655 0.8391470938121917 -0.04072442614672611 0.03635945311693144 0.1280655080459437 -0.03672639022191604 0.0 0.0 0.0 
40.98000000000126 0.7985097432337646 0.8429700653022947 -0.04446032206853012 0.0379565578441689 0.13381391744774845 -0.03560906379789604 0.0 0.0 0.0 
40.99500000000126 0.8011572863204436 0.8452328403865459 -0.04407555406610231 0.038580290454512556 0.14016221920871194 -0.03514749091186362 0.0 0.0 0.0 
41.00500000000126 0.8087903198527383 0.8469100342081979 -0.03811971435545958 0.03439593966513444 0.14862308663144425 -0.03014055893880128 0.0 0.0 0.0 
41.03500000000126 0.8075472675843547 0.8515027505589776 -0.04395548297462293 0.035876864657011974 0.15038088442146386 -0.028993677146308988 0.0 0.0 0.0 
41.04500000000126 0.8078986293949729 0.8531023733615306 -0.045203743966557686 0.03504704855006364 0.15391631857226554 -0.026576665980285456 0.0 0.0 0.0 
41.07500000000126 0.803911919336227 0.8579906645575459 -0.05407874522131895 0.040307406172522486 0.1561007192446897 -0.02914082194442747 0.0 0.0 0.0 
41.08500000000126 0.808882449027457 0.8597378870311803 -0.050855438003723274 0.044055031884610636 0.16185392229896836 -0.03451447993689318 0.0 0.0 0.0 
41.10500000000126 0.8105575741639643 0.8631770508637047 -0.05261947669974032 0.04877861078482196 0.16477020879969034 -0.03920585040516381 0.0 0.0 0.0 
41.13500000000126 0.8133785597325812 0.868609013966105 -0.055230454233523796 0.05322347282082846 0.1686581102365999 -0.04275653851999957 0.0 0.0 0.0 
41.16000000000126 0.815491984068179 0.8731464374211629 -0.057654453352983914 0.05935885343520919 0.17266928112125834 -0.04827799415682375 0.0 0.0 0.0 
41.17500000000126 0.8204693936061654 0.8759989560553667 -0.055529562449201264 0.06585248389268292 0.1782350519103017 -0.05540990112461191 0.0 0.0 0.0 
41.18500000000126 0.8165081184180211 0.8778300129210065 -0.06132189450298542 0.0759958825717888 0.18174682392320582 -0.06384052501281395 0.0 0.0 0.0 
41.21500000000126 0.8193198102183892 0.8836812023347673 -0.06436139211637815 0.08047946244422642 0.1847927242996086 -0.06672568036862198 0.0 0.0 0.0 
41.24000000000126 0.8264215607952478 0.888623671936153 -0.062202111140905236 0.08579088118570288 0.18851186323679844 -0.07225702741229335 0.0 0.0 0.0 
41.25000000000126 0.8292013203438143 0.8906430565252166 -0.06144173618140225 0.09545351364610792 0.1940433476811425 -0.0810839947442558 0.0 0.0 0.0 
41.28000000000126 0.83112799322736 0.8969831581027782 -0.0658551648754182 0.1027873923353275 0.19810301343905495 -0.08564003962649722 0.0 0.0 0.0 
41.28000000000126 0.83112799322736 0.8969831581027782 -0.0658551648754182 0.1027873923353275 0.19810301343905495 -0.08564003962649722 0.0 0.0 0.0 
41.31000000000126 0.8330760169941586 0.9033149739700094 -0.07023895697585081 0.10723390461079849 0.2019549592132241 -0.08707468154247514 0.0 0.0 0.0 
41.32500000000126 0.8382142775354421 0.9066113359435946 -0.06839705840815247 0.11509082147766203 0.2078903938093164 -0.09328959603712485 0.0 0.0 0.0 
41.35500000000126 0.8432282527314859 0.9132655316950115 -0.07003727896352552 0.1221952015748572 0.21160614486765064 -0.09821754949982187 0.0 0.0 0.0 
41.38000000000126 0.8441619116739338 0.9189275137053334 -0.07476560203139959 0.13163481880624517 0.21596677244973767 -0.10390374772473915 0.0 0.0 0.0 
41.39500000000126 0.8515194591200765 0.922452414875545 -0.07093295575546843 0.1366675795098104 0.22201814989915364 -0.10718027796874201 0.0 0.0 0.0 
41.42000000000126 0.8527566657316711 0.928513034771448 -0.0757563690397769 0.14612853076994284 0.22724882070846134 -0.11199065827147792 0.0 0.0 0.0 
41.44500000000126 0.8622861656142886 0.9345848550631846 -0.07229868944889595 0.15133226984641454 0.23199495679788254 -0.11558186737167722 0.0 0.0 0.0 
41.46000000000126 0.8677839827987942 0.938140411791488 -0.07035642899269379 0.15774369272118893 0.2354088374901548 -0.12031485127313597 0.0 0.0 0.0 
41.47500000000126 0.8694213192580308 0.9417066069055582 -0.0722852876475274 0.16557291568705118 0.23691488084775542 -0.12597491923742307 0.0 0.0 0.0 
41.48500000000126 0.8720398026306648 0.9442146190770975 -0.07217481644643264 0.17095857862943437 0.24041023112327786 -0.12894395195797909 0.0 0.0 0.0 
41.50500000000126 0.8819432616453359 0.949492253312526 -0.06754899166719008 0.17455907475982813 0.2456918776836918 -0.13069208845935137 0.0 0.0 0.0 
41.53500000000126 0.888527419326356 0.9568992981736782 -0.06837187884732221 0.17901169084366117 0.24700195732187089 -0.13358627300527998 0.0 0.0 0.0 
41.54500000000126 0.89546251851116 0.9595645714171475 -0.06410205290598747 0.19438469782641665 0.25214474141610177 -0.1450947936065617 0.0 0.0 0.0 
41.57500000000126 0.9047369062523292 0.9676392692974973 -0.06290236304516816 0.19930011804736222 0.2561082060345355 -0.14728173882051385 0.0 0.0 0.0 
41.58500000000126 0.9068948711976936 0.9705231279426113 -0.06362825674491768 0.22566405310746016 0.2662412760173399 -0.16254186627120293 0.0 0.0 0.0 
41.61500000000126 0.9199333093913226 0.9786865435784889 -0.05875323418716638 0.2311706087440273 0.2684522243892665 -0.1669198128687624 0.0 0.0 0.0 
41.62500000000126 0.9237295656087312 0.9814364381210985 -0.05770687251236728 0.23965952890652167 0.2717824490858184 -0.17180678514243877 0.0 0.0 0.0 
41.65500000000126 0.9310243108330262 0.9897989162306624 -0.05877460539763624 0.24419558364871777 0.27352902804239626 -0.17394744237193605 0.0 0.0 0.0 
41.67000000000126 0.9382030483126798 0.9940306681971491 -0.05582761988446938 0.24965902251668798 0.27632473168010907 -0.17718850105981454 0.0 0.0 0.0 
41.68000000000126 0.9416755394685546 0.9969539844162192 -0.05527844494766454 0.25255874533593814 0.28083467747667956 -0.17668552817582417 0.0 0.0 0.0 
41.71500000000126 0.9589052941931082 1.0067845862555354 -0.04787929206242714 0.2499260465234909 0.28123249695896446 -0.17640306835012295 0.0 0.0 0.0 
41.73000000000126 0.9617372672519742 1.0111553631603039 -0.049418095908329684 0.252776849509904 0.28356919879039144 -0.17668434247508033 0.0 0.0 0.0 
41.75500000000126 0.9764482527754852 1.0183743391246676 -0.04192608634918238 0.2494324143498865 0.2850442527290909 -0.17523093559253705 0.0 0.0 0.0 
41.76500000000126 0.9864568811155856 1.0212805394501678 -0.03482365833458223 0.24665942960561624 0.28728885768398343 -0.17364919389119973 0.0 0.0 0.0 
41.79500000000126 0.9902485403273095 1.0302706682891554 -0.0400221279618459 0.2521533374907641 0.29002256466575876 -0.17470804418898922 0.0 0.0 0.0 
41.80500000000126 0.992592366398081 1.033191319511295 -0.04059895311321393 0.25665570605967564 0.29291702165524325 -0.1761054050283981 0.0 0.0 0.0 
41.83500000000126 1.009848576967933 1.0420478040094856 -0.032199227041552536 0.25743500169096856 0.29367445287928173 -0.17834574755107893 0.0 0.0 0.0 
41.84500000000126 1.013027603457015 1.0450993603415668 -0.03207175688455188 0.2676603769017887 0.29668676073170075 -0.1838999957609598 0.0 0.0 0.0 
41.87500000000126 1.0326861492427473 1.053803731036891 -0.021117581794143803 0.267414905521569 0.2956659349187526 -0.18711726985308588 0.0 0.0 0.0 
41.885000000001256 1.0392842474906514 1.056871152569692 -0.017586905079040704 0.2685198728828976 0.29698246971168524 -0.18796471306011478 0.0 0.0 0.0 
41.90500000000126 1.0506808362203957 1.062830950561548 -0.01215011434115243 0.26836009313003617 0.29738560015003357 -0.18895701869279388 0.0 0.0 0.0 
41.93500000000126 1.0621745001355019 1.0719366570291717 -0.009762156893669882 0.27639550154031356 0.2987098327478429 -0.19443814036702609 0.0 0.0 0.0 
41.94500000000126 1.0672071440398272 1.0750391632258527 -0.007832019186025496 0.29962748596604066 0.30224858318172027 -0.20899119788319112 0.0 0.0 0.0 
41.97500000000126 1.0843530742996366 1.0841791572330022 0.0001739170666343881 0.3042197776321702 0.3030950286377611 -0.21359823624971772 0.0 0.0 0.0 
41.98500000000126 1.0867193807319844 1.0872211084937826 -0.000501727761798243 0.31399438605760377 0.304085947620789 -0.2195759258170939 0.0 0.0 0.0 
42.01500000000126 1.102479890683225 1.0965462035273255 0.005933687155899481 0.3178011927616707 0.3055528523681129 -0.22274099177382561 0.0 0.0 0.0 
42.04000000000126 1.1223354476876617 1.1041645869659662 0.018170860721695492 0.3179997781080992 0.3059197920398424 -0.22559075370557835 0.0 0.0 0.0 
42.07000000000126 1.1386611998300609 1.1136324318201152 0.02502876800994569 0.32807687016875764 0.30797148629286014 -0.23270801685754006 0.0 0.0 0.0 
42.07000000000126 1.1386611998300609 1.1136324318201152 0.02502876800994569 0.32807687016875764 0.30797148629286014 -0.23270801685754006 0.0 0.0 0.0 
42.11500000000126 1.1678310679775668 1.1279530305523497 0.039878037425217006 0.3340587119865964 0.3104637129546343 -0.23850118289009892 0.0 0.0 0.0 
42.11500000000126 1.1678310679775668 1.1279530305523497 0.039878037425217006 0.3340587119865964 0.3104637129546343 -0.23850118289009892 0.0 0.0 0.0 
42.13000000000126 1.1791752634840098 1.1326132527492436 0.04656201073476618 0.3505496705911437 0.3127695064349458 -0.2495525250008455 0.0 0.0 0.0 
42.14500000000126 1.190130112914304 1.1372923680201454 0.0528377448941586 0.35928042329631266 0.3132992400668367 -0.25655143281226955 0.0 0.0 0.0 
42.18500000000126 1.2198681920122416 1.1501156066698122 0.06975258534242945 0.36353500098617675 0.31483388127611 -0.26217703659261166 0.0 0.0 0.0 
42.18500000000126 1.2198681920122416 1.1501156066698122 0.06975258534242945 0.36353500098617675 0.31483388127611 -0.26217703659261166 0.0 0.0 0.0 
42.21500000000126 1.2401783608604755 1.1597109565028774 0.08046740435759814 0.3750808981563651 0.31646760364529253 -0.27110737068810065 0.0 0.0 0.0 
42.22500000000126 1.2498773002682195 1.162839841224373 0.08703745904384652 0.39103174420231024 0.31722543256745167 -0.2827003989844097 0.0 0.0 0.0 
42.25500000000126 1.2793302868692027 1.1722350651538926 0.10709522171531005 0.39137530785167074 0.31648145841311626 -0.28831552609371186 0.0 0.0 0.0 
42.26500000000126 1.284073897995956 1.1754188927394473 0.10865500525650873 0.401654016071856 0.3161913151468974 -0.29586401330187956 0.0 0.0 0.0 
42.28000000000126 1.2947505665873953 1.180230713962807 0.1145198526245883 0.40882885006098757 0.31706364811965004 -0.3012421525241467 0.0 0.0 0.0 
42.31500000000126 1.3276560481235529 1.1912162128793666 0.13643983524418624 0.4073344734474682 0.31653030913161984 -0.30590221445979854 0.0 0.0 0.0 
42.32500000000126 1.332761933297109 1.1943693707302057 0.13839256256690335 0.4130640538161179 0.3157196953583936 -0.31100941584561315 0.0 0.0 0.0 
42.35500000000126 1.3568437347941438 1.203908901788611 0.15293483300553268 0.41693372319131583 0.31609655480375376 -0.3166692754016081 0.0 0.0 0.0 
42.36500000000126 1.3670310826767607 1.207110726479531 0.15992035619722955 0.43498586244843523 0.31726595239380173 -0.32924789252376835 0.0 0.0 0.0 
42.39500000000126 1.3919456628975397 1.216687779389401 0.17525788350813865 0.4373036061898811 0.31778261843267347 -0.33385853503834195 0.0 0.0 0.0 
42.42000000000126 1.4152187869004742 1.2245734651937683 0.1906453217067059 0.44204017344839464 0.31749324298754517 -0.3409461308754093 0.0 0.0 0.0 
42.43500000000126 1.424356913284319 1.2293238206998163 0.19503309258450274 0.44218995185140825 0.3171847671606279 -0.3424083394306465 0.0 0.0 0.0 
42.44500000000126 1.4299937676197205 1.232507644274858 0.1974861233448626 0.4518310666784007 0.31728730829874346 -0.3493385333971662 0.0 0.0 0.0 
42.47500000000126 1.459305339945962 1.2418397150800589 0.21746562486590304 0.44934879827397356 0.31603844586811153 -0.3537556187047506 0.0 0.0 0.0 
42.50500000000126 1.485491597527121 1.2508434202678744 0.23464817725924658 0.4410190731179482 0.3124378897123061 -0.3562552732670674 0.0 0.0 0.0 
42.51500000000126 1.4939781511908414 1.2539254271121119 0.24005272407872957 0.4382284067090234 0.30831235092999 -0.36040188751887015 0.0 0.0 0.0 
42.53000000000126 1.5041903796626952 1.2586806889987514 0.2455096906639438 0.43848997629176567 0.30924315168186683 -0.36081114672552617 0.0 0.0 0.0 
42.56000000000126 1.5334323451835377 1.2679561446822722 0.2654762005012654 0.43484437148772803 0.3093715229437728 -0.36296030825370373 0.0 0.0 0.0 
42.57500000000126 1.5468706166572124 1.2723488551348612 0.2745217615223512 0.42362565857068923 0.3061030452710597 -0.36123857783744323 0.0 0.0 0.0 
42.58500000000126 1.5587376048649253 1.275406771086446 0.28333083377847923 0.41925419396355706 0.3045569048792822 -0.362172463891584 0.0 0.0 0.0 
42.61500000000126 1.5836501975798307 1.2843016294986407 0.29934856808119004 0.41302121058633223 0.30276852343403426 -0.3638712727169866 0.0 0.0 0.0 
42.62500000000126 1.5917293535030568 1.2872742480427584 0.3044551054602984 0.41219559077450635 0.3000304667954715 -0.36787390097360245 0.0 0.0 0.0 
42.65500000000126 1.6159763586435543 1.2958097427908661 0.32016661585268813 0.40596460850810634 0.29661279944139163 -0.3715876173376826 0.0 0.0 0.0 
42.68000000000126 1.640960868633147 1.3031068187557602 0.33785404987738676 0.3994376135986691 0.29441440962062365 -0.37411915598603523 0.0 0.0 0.0 
42.69500000000126 1.660324773049483 1.3072833342913817 0.35304143875810134 0.3951569229328832 0.2900700965353644 -0.3804813466651578 0.0 0.0 0.0 
42.71000000000126 1.6658208869126 1.3114583306131768 0.35436255629942326 0.3946035212533344 0.28637919762289493 -0.3853174320212803 0.0 0.0 0.0 
42.72500000000126 1.6797555029471738 1.3156817678431858 0.364073735103988 0.3968058082805273 0.2842873157883551 -0.39234477029225395 0.0 0.0 0.0 
42.75500000000126 1.709993426689746 1.3238151024543745 0.3861783242353716 0.39098656445492663 0.2813027458392615 -0.3979576904466403 0.0 0.0 0.0 
42.78000000000126 1.7339444431802653 1.330467548461504 0.40347689471876125 0.3873996582217208 0.2771403535730433 -0.4058290663212405 0.0 0.0 0.0 
42.79000000000126 1.7426923239637961 1.3332315257525256 0.40946079821127057 0.3950149266562252 0.27384216296637215 -0.41826097706795506 0.0 0.0 0.0 
42.80500000000126 1.7587036245239969 1.336985676068717 0.42171794845527977 0.3878262261754049 0.26840501912858744 -0.4244359765756556 0.0 0.0 0.0 
42.83500000000126 1.7858174673416807 1.3449386062125588 0.4408788611291219 0.3830598263100613 0.2669129132205123 -0.4283550536274708 0.0 0.0 0.0 
42.84500000000126 1.796184188915438 1.3475149793267138 0.44866920958872414 0.3844467981765517 0.26368051774343076 -0.43692544664131117 0.0 0.0 0.0 
42.87500000000126 1.816307413642935 1.355090411886705 0.4612170017562298 0.37885293119758257 0.26109344946971913 -0.4402751344798069 0.0 0.0 0.0 
42.90500000000126 1.8519838919717722 1.3627103912204526 0.4892735007513196 0.37228190664771305 0.25887429830209807 -0.4467194223635062 0.0 0.0 0.0 
42.90500000000126 1.8519838919717722 1.3627103912204526 0.4892735007513196 0.37228190664771305 0.25887429830209807 -0.4467194223635062 0.0 0.0 0.0 
42.93500000000126 1.8743679069207149 1.3700032954387777 0.5043646114819371 0.3631798222831487 0.25500806314141167 -0.4503048570752142 0.0 0.0 0.0 
42.96000000000126 1.8955742903139197 1.37622263356161 0.5193516567523098 0.3565515476395166 0.2523421257868884 -0.45389629032675133 0.0 0.0 0.0 
42.97500000000126 1.9102179433013526 1.37982267401292 0.5303952692884326 0.3511098206147899 0.24849931465815658 -0.45956560227369775 0.0 0.0 0.0 
43.00000000000126 1.9285588685309012 1.3853805925392892 0.543178275991612 0.33876968849406275 0.2424998732836074 -0.4640336577795844 0.0 0.0 0.0 
43.010000000001256 1.9455483040562591 1.3876947365453454 0.5578535675109138 0.3244839722383255 0.23571798752681836 -0.4691259718104959 0.0 0.0 0.0 
43.025000000001256 1.9501026547443634 1.391065164603582 0.5590374901407813 0.3168591795165814 0.23211819354454577 -0.4697921194108845 0.0 0.0 0.0 
43.05500000000126 1.9768027032965212 1.3976341987777487 0.5791685045187724 0.30468888010520506 0.22891077118757985 -0.47161166870542515 0.0 0.0 0.0 
43.065000000001255 1.9857794674209777 1.3999980103617953 0.5857814570591824 0.3045117962476668 0.22751278881009795 -0.4765084540851743 0.0 0.0 0.0 
43.080000000001256 2.001374632408363 1.4032248257891136 0.5981498066192497 0.29392024204588496 0.2247215308987227 -0.4764976991271816 0.0 0.0 0.0 
43.11000000000126 2.0194846948309624 1.4095879819900734 0.609896712840889 0.28058512471270364 0.22174454748911326 -0.4740445896552649 0.0 0.0 0.0 
43.12500000000126 2.0332526931649766 1.4130467072639468 0.6202059859010298 0.27530145906490944 0.22173299285704212 -0.4724616274563929 0.0 0.0 0.0 
43.15500000000126 2.0523012881236005 1.4192767746979853 0.6330245134256152 0.26244433045196514 0.21888326934514896 -0.4704760802111376 0.0 0.0 0.0 
43.16500000000126 2.0613214919919707 1.4214627106170012 0.6398587813749694 0.24994539300829646 0.21623848557579198 -0.4662857713410411 0.0 0.0 0.0 
43.19500000000126 2.081965305436251 1.4275216971337843 0.6544436083024665 0.23796764975935808 0.21308166887156835 -0.46633095042401185 0.0 0.0 0.0 
43.22000000000126 2.0883828063556953 1.4318528136144846 0.6565299927412107 0.2142923385720772 0.2038687499551167 -0.46345821017174366 0.0 0.0 0.0 
43.23500000000126 2.0937484622195215 1.43496226358959 0.6587861986299315 0.2082949681290545 0.19991805613274938 -0.4670744946109877 0.0 0.0 0.0 
43.245000000001255 2.1022246579061172 1.4366811629687581 0.6655434949373591 0.18603412401467323 0.19244973487213193 -0.4632039539882145 0.0 0.0 0.0 
43.275000000001256 2.1161274962058356 1.4419477362622637 0.6741797599435719 0.17506792078557176 0.18827497756457387 -0.4644981008942015 0.0 0.0 0.0 
43.29500000000126 2.12673955279147 1.4456717201680909 0.6810678326233792 0.1712168643510754 0.1859603355259376 -0.46863185717128 0.0 0.0 0.0 
43.30500000000126 2.1332181589444135 1.4470675784797207 0.6861505804646928 0.15021593599240315 0.1751691399590707 -0.4741540506874542 0.0 0.0 0.0 
43.33500000000126 2.1459180402989495 1.451529699061705 0.6943883412372445 0.13711593736065958 0.16872859082609365 -0.47936969893417775 0.0 0.0 0.0 
43.36000000000126 2.15825537111945 1.4549817507289065 0.7032736203905434 0.12049292128097389 0.16018475035287053 -0.4869891260334226 0.0 0.0 0.0 
43.37500000000126 2.1586553877721784 1.457172073828971 0.7014833139432073 0.11336837047228213 0.1530091806853696 -0.49904880654296063 0.0 0.0 0.0 
43.400000000001256 2.18048835921932 1.460217478633002 0.720270880586318 0.09362133031064745 0.1453902346145827 -0.5059254867504176 0.0 0.0 0.0 
43.41500000000126 2.1848192601204706 1.4617215576959601 0.7230977024245104 0.06611027536357911 0.13241256081103955 -0.5128948255603888 0.0 0.0 0.0 
43.425000000001255 2.1861536580583296 1.462850413833435 0.7233032442248946 0.04856037355507142 0.12256973454231303 -0.5237426854336595 0.0 0.0 0.0 
43.465000000001254 2.206650344711064 1.466907784285858 0.7397425604252059 0.03329903220004787 0.1175454374763141 -0.5289198266600617 0.0 0.0 0.0 
43.465000000001254 2.206650344711064 1.466907784285858 0.7397425604252059 0.03329903220004787 0.1175454374763141 -0.5289198266600617 0.0 0.0 0.0 
43.480000000001255 2.213323606714576 1.4683117579310492 0.7450118487835267 0.015437327103233756 0.10864319763086697 -0.5408911438862033 0.0 0.0 0.0 
43.51500000000126 2.2280386160364616 1.4713774472757546 0.756661168760707 0.00037866291927657336 0.10322604093930342 -0.5466418587507034 0.0 0.0 0.0 
43.525000000001256 2.234106303731561 1.4717568838564739 0.7623494198750871 -0.04788629628142571 0.0842709437614651 -0.5527661816036451 0.0 0.0 0.0 
43.55500000000126 2.2356081429850723 1.4743158726979244 0.7612922702871479 -0.05046597412444842 0.08256794669746055 -0.5565662961183226 0.0 0.0 0.0 
43.565000000001255 2.236454503295143 1.47439041175541 0.762064091539733 -0.09399016332910562 0.06581188356972352 -0.5584332880408179 0.0 0.0 0.0 
43.59500000000126 2.238215180124838 1.4760454698748142 0.7621697102500238 -0.10364658629649035 0.0619670497541187 -0.5600533479752002 0.0 0.0 0.0 
43.605000000001255 2.2419356150670167 1.4759456891145408 0.7659899259524758 -0.1516223880943228 0.04390897509571186 -0.5643884961828901 0.0 0.0 0.0 
43.635000000001256 2.2527075402375 1.477061703174526 0.7756458370629742 -0.163475522637819 0.04072964668233994 -0.5641795592503306 0.0 0.0 0.0 
43.645000000001254 2.251471182335287 1.4769023657892582 0.7745688165460287 -0.20112972139608365 0.02637007064235903 -0.5645452759439648 0.0 0.0 0.0 
43.675000000001255 2.2395918238669883 1.477703491843118 0.7618883320238703 -0.2002244892703609 0.02498980828347042 -0.5656469960258589 0.0 0.0 0.0 
43.68500000000125 2.2381493629751597 1.4775006642824982 0.7606486986926615 -0.22719695307727789 0.014569525912823665 -0.5699756347260925 0.0 0.0 0.0 
43.705000000001256 2.244236983622511 1.4775250975319447 0.7667118860905662 -0.24080479507806782 0.010290515857563456 -0.5695052885606933 0.0 0.0 0.0 
43.73500000000126 2.2362505930540775 1.4778673247498588 0.7583832683042186 -0.2396057341003446 0.00965378642284938 -0.5692488005248603 0.0 0.0 0.0 
43.760000000001256 2.229148075632831 1.4770013442328307 0.7521467314000003 -0.2620443103099089 0.00045331969949277684 -0.5665278391695658 0.0 0.0 0.0 
43.770000000001254 2.22596652112569 1.4769250060189747 0.7490415151067151 -0.28385253792203785 -0.008142179329779191 -0.5667364378270379 0.0 0.0 0.0 
43.785000000001254 2.2266411595235307 1.477023763019397 0.7496173965041337 -0.2806590503501443 -0.006893594147367129 -0.5645994528488374 0.0 0.0 0.0 
43.815000000001255 2.2172674996371295 1.4756650854435363 0.7416024141935933 -0.29818679392187725 -0.014479866460744225 -0.5675664919835461 0.0 0.0 0.0 
43.840000000001254 2.2087559003750354 1.4740608273885951 0.7346950729864403 -0.3301184427042701 -0.027296000597224902 -0.5688244054335005 0.0 0.0 0.0 
43.855000000001255 2.2046398193835794 1.4727222123015051 0.7319176070820743 -0.3794433491132847 -0.04630133177914167 -0.566465883551088 0.0 0.0 0.0 
43.88000000000125 2.19363584282679 1.4704567654894067 0.7231790773373834 -0.41072256227394 -0.058724898881382194 -0.5710357747339931 0.0 0.0 0.0 
43.895000000001254 2.1883017231884123 1.4689921754169133 0.719309547771499 -0.4499511175034958 -0.07286862125060722 -0.5786945735337278 0.0 0.0 0.0 
43.910000000001254 2.1819798874239655 1.4676232336345323 0.7143566537894332 -0.47208360099660285 -0.08087191552619269 -0.5842145195012068 0.0 0.0 0.0 
43.925000000001255 2.173486201752579 1.465887075314179 0.7075991264384001 -0.49760871432305764 -0.09035448647527111 -0.5885777745254367 0.0 0.0 0.0 
43.955000000001256 2.155691096123171 1.460602218823292 0.6950888772998787 -0.5464373619025696 -0.10916472313356218 -0.5908624046957368 0.0 0.0 0.0 
43.980000000001255 2.1329924332228436 1.456175531976506 0.6768169012463376 -0.601529148158589 -0.1297431460649472 -0.5979789213515573 0.0 0.0 0.0 
43.995000000001255 2.1313891764755115 1.4520778314279752 0.6793113450475363 -0.7 -0.1691640712865305 -0.6035934355045325 0.0 0.0 0.0 
44.00500000000125 2.121612735840573 1.45068451537703 0.6709282204635432 -0.7 -0.1810102417019546 -0.6089741901713174 0.0 0.0 0.0 
44.035000000001254 2.0884513677508347 1.4425672008634685 0.6458841668873663 -0.7 -0.20034202957406894 -0.6133616804316333 0.0 0.0 0.0 
44.06000000000125 2.071540737466415 1.436005646189037 0.6355350912773783 -0.7 -0.2199388004457964 -0.6182471363296916 0.0 0.0 0.0 
44.07000000000125 2.0614419233138994 1.4317502718566224 0.629691651457277 -0.7 -0.27639258155868 -0.6260285472107084 0.0 0.0 0.0 
44.08500000000125 2.0396086053137923 1.4263519246350498 0.6132566806787425 -0.7 -0.3046856171420381 -0.6352292137728671 0.0 0.0 0.0 
44.120000000001255 2.0083340511737546 1.4126736969581677 0.5956603542155869 -0.7 -0.3257930869144276 -0.6426243629624547 0.0 0.0 0.0 
44.135000000001256 1.9855441778796723 1.4051404231276758 0.5804037547519965 -0.7 -0.3764175392735729 -0.6516739344258557 0.0 0.0 0.0 
44.145000000001254 1.9726680354177142 1.3992409433319855 0.5734270920857287 -0.7 -0.4426282986913983 -0.6607040434829345 0.0 0.0 0.0 
44.175000000001255 1.9342267979684216 1.3799954655737867 0.5542313323946348 -0.7 -0.48957929464885486 -0.6649766668668837 0.0 0.0 0.0 
44.18500000000125 1.917618912171692 1.37392983393711 0.543689078234582 -0.7 -0.5558765569565893 -0.6774027680115714 0.0 0.0 0.0 
44.215000000001254 1.8773584941560368 1.3501224429843592 0.5272360511716776 -0.7 -0.6106964170533017 -0.6796336781150918 0.0 0.0 0.0 
44.24000000000125 1.8408733807661846 1.3256012319283184 0.5152721488378662 -0.7 -0.7055518113690582 -0.6838637530012193 0.0 0.0 0.0 
44.25500000000125 1.8099495686267166 1.3100661993138427 0.4998833693128739 -0.7 -0.8202234378297598 -0.6911307214128027 0.0 0.0 0.0 
44.26500000000125 1.7991227384260253 1.296497856214514 0.5026248822115114 -0.7 -0.9809193899372497 -0.6957799734256904 0.0 0.0 0.0 
44.29500000000125 1.7507618173880772 1.2534888968669093 0.4972729205211679 -0.7 -1.088797197575445 -0.6961149988954562 0.0 0.0 0.0 
44.32500000000125 1.7053078592846262 1.1997453816868757 0.5055624775977505 -0.7 -1.263717529342184 -0.6980378693124628 0.0 0.0 0.0 
44.340000000001254 1.6827085587969002 1.1643290448341683 0.5183795139627319 -0.7 -1.5917620778808002 -0.6919290716793649 0.0 0.0 0.0 
44.36500000000125 1.6442303159843257 1.0946393604032385 0.5495909555810872 -0.7 -1.893456786560266 -0.6893222578165437 0.0 0.0 0.0 
44.38000000000125 1.6180558093672108 1.043787806583084 0.5742680027841269 -0.7 -2.3486321794797558 -0.6819215622258995 0.0 0.0 0.0 
44.395000000001254 1.5983066608081735 0.9803348530314127 0.6179718077767609 -0.7 -2.86733959244078 -0.6755440892440643 0.0 0.0 0.0 
44.40500000000125 1.5828844216338358 0.931243656532011 0.6516407651018248 -0.7 -3.5161635427157223 -0.6631649373561855 0.0 0.0 0.0 
44.43500000000125 1.5332069438275686 0.7426642893459647 0.7905426544816039 -0.7 -4.1424742354742605 -0.6442542440643783 0.0 0.0 0.0 
44.44500000000125 1.5218825206471152 0.6604695015060364 0.8614130191410787 -0.7 -5.536444610228109 -0.5950366241848561 0.0 0.0 0.0 
44.46000000000125 1.5018443194434978 0.5052202897721034 0.9966240296713944 -0.7 -6.79229629397356 -0.5580308912901086 0.0 0.0 0.0 
44.495000000001255 1.4490739314833454 0.046931968783897125 1.4021419626994482 -0.7 -8.23119378058953 -0.4863659847956395 0.0 0.0 0.0 
44.510000000001256 1.4273612557777486 6.110176061794257 1.600370501163078 -0.7 -10.549205240607769 -0.3289805959282911 0.0 0.0 0.0 
44.535000000001254 1.388440759432167 5.784075234775241 1.8875508318365126 -0.7 -11.475126958232227 -0.1829123295781687 0.0 0.0 0.0 
44.54500000000125 1.3735948160309697 5.677512513927821 1.9792676092827346 -0.6927436632489571 -12.009537145304469 0.050640575618429634 0.0 0.0 0.0 
44.57500000000125 1.330769116334997 5.41613456001653 2.1978198634980535 -0.7 -11.395793422811238 0.168149812342823 0.0 0.0 0.0 
44.60000000000125 1.3064870082004965 5.275264620659209 2.3144076947208734 -0.7 -10.006402792221257 0.30433954419598785 0.0 0.0 0.0 
44.61500000000125 1.2831033809166068 5.206902779350468 2.359385908745725 -0.7 -8.202506641542042 0.45063696849909907 0.0 0.0 0.0 
44.62500000000125 1.2669341059643848 5.168281814119982 2.3818375990239886 -0.7 -6.50505571417638 0.5670982566641933 0.0 0.0 0.0 
44.65500000000125 1.2273884830911332 5.079438948478185 2.431134841792535 -0.7 -5.616311639961778 0.611078509859734 0.0 0.0 0.0 
44.66500000000125 1.2141996387369574 5.054536599529543 2.4428483463870005 -0.7 -4.176745851729667 0.6772902082231345 0.0 0.0 0.0 
44.69500000000125 1.1656218939232046 4.99158847568184 2.457218725420951 -0.7 -3.610698435746353 0.6970832972268084 0.0 0.0 0.0 
44.715000000001254 1.1428123373878663 4.957876334734163 2.4681213098332897 -0.7 -2.9640234146004962 0.719957171124533 0.0 0.0 0.0 
44.74000000000125 1.1087083640571613 4.922256758019646 2.4696369132171014 -0.7 -2.495831889414165 0.7355037264726936 0.0 0.0 0.0 
44.75500000000125 1.0898714785808385 4.9042683397009466 2.4687884460594782 -0.7 -1.9972230184954773 0.7467790823076716 0.0 0.0 0.0 
44.770000000001254 1.0698690677971796 4.887451398603751 2.4656029763730145 -0.7 -1.6689848786093686 0.754285550559086 0.0 0.0 0.0 
44.79500000000125 1.0330817429116679 4.863027635402974 2.4532394146882806 -0.7 -1.4692727002279478 0.7580068171351221 0.0 0.0 0.0 
44.82000000000125 1.000006704107745 4.840501434136332 2.4426905771509992 -0.7 -1.293794274731217 0.7594902188032285 0.0 0.0 0.0 
44.84500000000125 0.9644174366479505 4.820720961019922 2.426881782807615 -0.7 -1.1389405426283148 0.7610486858054308 0.0 0.0 0.0 
44.86000000000125 0.9439087756792931 4.809983797465558 2.417110285393321 -0.7 -0.9751847007947805 0.7657191789336563 0.0 0.0 0.0 
44.87500000000125 0.9166607738272066 4.799532952435818 2.4003131285709745 -0.7 -0.8692600646306794 0.7657838303039703 0.0 0.0 0.0 
44.88500000000125 0.8938664271977608 4.793036991598541 2.384014742778806 -0.7 -0.7767148048383875 0.7649299334565682 0.0 0.0 0.0 
44.90500000000125 0.874475350643729 4.780375970862333 2.3772846869609823 -0.7 -0.7336254212691207 0.7657743453313052 0.0 0.0 0.0 
44.93500000000125 0.8268827787881725 4.76349070875579 2.3465773772119687 -0.7 -0.6903521003281474 0.765977885639509 0.0 0.0 0.0 
44.94500000000125 0.8044347623617618 4.75863116965795 2.328988899883398 -0.7 -0.6096909279890302 0.7626418562197621 0.0 0.0 0.0 
44.97500000000125 0.7617167080944517 4.745224349483053 2.2996776657909854 -0.7 -0.568591216374281 0.7622874561273094 0.0 0.0 0.0 
44.98500000000125 0.7419377990816515 4.739962559333533 2.285160546927705 -0.7 -0.5227047572958964 0.759373089606181 0.0 0.0 0.0 
45.01500000000125 0.6895792250523383 4.727206824972806 2.2455577072591186 -0.7 -0.49833136625464025 0.7577059563581388 0.0 0.0 0.0 
45.02500000000125 0.676863415660463 4.723296341134967 2.2367523817050827 -0.7 -0.4544877099343925 0.7559045614730922 0.0 0.0 0.0 
45.05500000000125 0.6313487556301796 4.713215204407809 2.201318858401957 -0.7 -0.42608071956870264 0.7488614172217459 0.0 0.0 0.0 
45.06500000000125 0.6129243210533604 4.709108372591773 2.1870012556411735 -0.7 -0.3971833743739116 0.7441430978977817 0.0 0.0 0.0 
45.08000000000125 0.5947106238275849 4.704226870563165 2.1736690604440065 -0.7 -0.37682638716845274 0.7373296497649573 0.0 0.0 0.0 
45.11500000000125 0.5360094515429541 4.692656273462062 2.126538485260478 -0.7 -0.3648240747247912 0.7295136511641886 0.0 0.0 0.0 
45.12500000000125 0.5191430800279445 4.690428676126901 2.11189971108063 -0.7 -0.32334859733031707 0.7108464144021555 0.0 0.0 0.0 
45.15500000000125 0.47196021062496063 4.681679132315113 2.073466385489434 -0.7 -0.31274781646322297 0.7019588210318238 0.0 0.0 0.0 
45.16500000000125 0.45804310629569167 4.678952481776521 2.062275931698757 -0.7 -0.2950108483990286 0.6868480207072896 0.0 0.0 0.0 
45.19500000000125 0.41192135300331356 4.671935109173188 2.0231715510097112 -0.7 -0.28084993905757816 0.6767487530354356 0.0 0.0 0.0 
45.22000000000125 0.3755909525335608 4.66461284602055 1.994163413692597 -0.6979571947924089 -0.27814774784384666 0.6644270868690302 0.0 0.0 0.0 
45.23500000000125 0.34844803225238985 4.661333722210337 1.970299617221639 -0.6896048660275735 -0.26472864560641446 0.647660418444985 0.0 0.0 0.0 
45.26000000000125 0.3113640483589068 4.655388386279176 1.9391609692593166 -0.6787063392407607 -0.25684274885742664 0.6367223005784137 0.0 0.0 0.0 
45.27500000000125 0.28753418685410265 4.6517463550167015 1.9189731390169875 -0.6716405986559456 -0.2500237079795899 0.624195853653638 0.0 0.0 0.0 
45.30000000000125 0.2542355514332189 4.645875711665602 1.8915451469472027 -0.6620408014315209 -0.24570846233830365 0.6157855031841911 0.0 0.0 0.0 
