20.80000000000045 0.7711041625138833 0.01582659837383058 0.7552775641400526 -0.26113165561799967 0.005466164849277493 -0.12516036690322563 0.0 0.0 0.0 
20.80000000000045 0.7711041625138833 0.01582659837383058 0.7552775641400526 -0.26113165561799967 0.005466164849277493 -0.12516036690322563 0.0 0.0 0.0 
20.82500000000045 0.7743163550702982 0.01630940517435944 0.7580069498959388 -0.25444013860052866 0.009262110471726072 -0.2495248098039261 0.0 0.0 0.0 
20.84000000000045 0.7690995238743434 0.016503470891944115 0.7525960529823993 -0.2416849026823941 0.011920209539912515 -0.38775049961049796 0.0 0.0 0.0 
20.86000000000045 0.7668217693224316 0.01672213875875292 0.7500996305636787 -0.23511650401532405 0.012323435485614242 -0.4733822030005834 0.0 0.0 0.0 
20.87500000000045 0.7592948014101981 0.016950618164098888 0.7423441832460992 -0.22664913619991817 0.013075046236714162 -0.5397861866303293 0.0 0.0 0.0 
20.900000000000453 0.7617040663973228 0.017429987747056105 0.7442740786502667 -0.22150585555391522 0.014446660347057308 -0.5742337533455881 0.0 0.0 0.0 
20.910000000000455 0.7525061310815772 0.01745284264025884 0.7350532884413183 -0.21960538370715466 0.013021306385080398 -0.6154114556147711 0.0 0.0 0.0 
20.940000000000456 0.751651998117316 0.01776566440745302 0.733886333709863 -0.2204152108818332 0.012352315579496223 -0.6277573243736914 0.0 0.0 0.0 
20.965000000000458 0.7445653112057333 0.017905502439754646 0.7266598087659787 -0.22230111422281668 0.010740816073864273 -0.6344820567261731 0.0 0.0 0.0 
20.98000000000046 0.7311853914937132 0.01807356362745908 0.7131118278662542 -0.21916269997514515 0.01002216251882701 -0.6459394944865483 0.0 0.0 0.0 
20.99000000000046 0.7277592767150821 0.018268601344250686 0.7094906753708314 -0.21278520670383255 0.011616099323195902 -0.6509038490867515 0.0 0.0 0.0 
21.02000000000046 0.7269231348110364 0.018522910539291934 0.7084002242717445 -0.2136524417719347 0.011141148237884308 -0.6548016147194022 0.0 0.0 0.0 
21.030000000000463 0.7231893736518672 0.01868176573609652 0.7045076079157707 -0.21104435529768026 0.011670865345084882 -0.6477907132134375 0.0 0.0 0.0 
21.065000000000463 0.7057917827247424 0.01908257956700136 0.6867092031577411 -0.2047901686952948 0.011672292112919824 -0.6481625881830979 0.0 0.0 0.0 
21.080000000000464 0.6984770782166857 0.019261924447041272 0.6792151537696445 -0.20192249139221122 0.011730815900889069 -0.6493682732483064 0.0 0.0 0.0 
21.095000000000464 0.6930229149907747 0.019555796001234433 0.6734671189895403 -0.19483059299632988 0.013340295108427236 -0.6520462256472191 0.0 0.0 0.0 
21.120000000000466 0.6786030666942688 0.019844925980677566 0.6587581407135913 -0.18986760566740765 0.013272958658628056 -0.6523861485543336 0.0 0.0 0.0 
21.130000000000468 0.6776959633349966 0.020085491155107174 0.6576104721798894 -0.18286174803786132 0.015405706122294067 -0.653279870950142 0.0 0.0 0.0 
21.16000000000047 0.6599747904343004 0.02072340074744867 0.6392513896868517 -0.17214001504421672 0.016806992416754124 -0.6531978776190502 0.0 0.0 0.0 
21.17000000000047 0.6570332423019805 0.020999665657476196 0.6360335766445042 -0.160643193351441 0.0202696081926403 -0.6504713633357375 0.0 0.0 0.0 
21.195000000000473 0.6449387101656142 0.021577008083504733 0.6233617020821095 -0.15319412768677526 0.02126046269334364 -0.6503177861003776 0.0 0.0 0.0 
21.210000000000473 0.6366465798925924 0.02211866300837468 0.6145279168842177 -0.13906819935571518 0.024767116294456853 -0.6530327728173846 0.0 0.0 0.0 
21.225000000000474 0.6287055520196158 0.022464473142438195 0.6062410788771776 -0.13466282156487988 0.025480974769023414 -0.6473044396292867 0.0 0.0 0.0 
21.260000000000474 0.6131815227893854 0.02389180413811281 0.5892897186512727 -0.11919824913298221 0.028671753362652007 -0.6459998132588595 0.0 0.0 0.0 
21.285000000000476 0.6009622159586995 0.02495497666496248 0.576007239293737 -0.10217414432551158 0.03282871550859819 -0.6444046361896835 0.0 0.0 0.0 
21.300000000000477 0.5965697018646374 0.025535686105824587 0.5710340157588129 -0.0907986699950544 0.036116279818326526 -0.6425064775358577 0.0 0.0 0.0 
21.32500000000048 0.5887372824052638 0.026935867476302063 0.5618014149289617 -0.07380693466459576 0.040740895178197664 -0.6414358924954192 0.0 0.0 0.0 
21.34000000000048 0.5801075799464682 0.02750415481805649 0.5526034251284118 -0.06607191397744577 0.04249431992889893 -0.6375785022591112 0.0 0.0 0.0 
21.35000000000048 0.5719839117348333 0.02805582631749184 0.5439280854173415 -0.053185935099034576 0.04585618448749161 -0.6365363119236984 0.0 0.0 0.0 
21.375000000000483 0.5734795873545301 0.02973387937729934 0.5437457079772308 -0.03875555584032417 0.05056932252480388 -0.637656134256351 0.0 0.0 0.0 
21.405000000000484 0.5606113381770851 0.031402396970957876 0.5292089412061272 -0.02695879696227388 0.05277963201763165 -0.6379972905884498 0.0 0.0 0.0 
21.415000000000486 0.5602251148222395 0.03215807216384361 0.5280670426583959 -0.007287867348602428 0.059400035054735914 -0.6359176617586695 0.0 0.0 0.0 
21.430000000000486 0.5569154270511016 0.033229906528218646 0.523685520522883 0.006243317644228974 0.06317640648769725 -0.6383114458298674 0.0 0.0 0.0 
21.445000000000487 0.5532402517709242 0.034391697826511934 0.5188485539444122 0.022034122796998817 0.06720971905936814 -0.6446354799904672 0.0 0.0 0.0 
21.480000000000487 0.5409280981153285 0.03688310134393001 0.5040449967713985 0.03166167257834232 0.06853719003759225 -0.6459528290149418 0.0 0.0 0.0 
21.50500000000049 0.5415286637221524 0.038751856087740344 0.502776807634412 0.03830816580394497 0.07035750643912007 -0.6479976619863926 0.0 0.0 0.0 
21.52000000000049 0.5355360856010799 0.040229078338779325 0.4953070072623006 0.06231720933862081 0.07697035462666076 -0.6514656886298551 0.0 0.0 0.0 
21.545000000000492 0.535397596038072 0.042223787583334414 0.4931738084547376 0.06877149668938906 0.07874123464169538 -0.6522369469073455 0.0 0.0 0.0 
21.560000000000493 0.5412349326956538 0.043598523674450815 0.497636409021203 0.07795248279350409 0.08224789053106939 -0.6522193426429272 0.0 0.0 0.0 
21.570000000000494 0.5376570941827867 0.044424165249514744 0.493232928933272 0.08495382313601099 0.08390307970337305 -0.6531988270410338 0.0 0.0 0.0 
21.600000000000495 0.5418508046434942 0.04726235401062704 0.49458845063286716 0.0926807498713294 0.08623737844248791 -0.6557523470560704 0.0 0.0 0.0 
21.625000000000497 0.5356035191352193 0.049901017880630026 0.4857025012545893 0.11222610343778286 0.09099483709720511 -0.6598971047569315 0.0 0.0 0.0 
21.640000000000498 0.5406847738220134 0.05124113033105316 0.48944364349096026 0.1185945614918178 0.09305845273748613 -0.662817987056511 0.0 0.0 0.0 
21.6550000000005 0.5367310424961129 0.05279725354782924 0.48393378894828365 0.12800334744576705 0.09584602321580654 -0.6601460888417502 0.0 0.0 0.0 
21.6700000000005 0.5487571674756476 0.0543138422914337 0.4944433251842139 0.12950747382873548 0.09775439162295702 -0.6585384883176068 0.0 0.0 0.0 
21.6850000000005 0.54137074479903 0.05609025251814193 0.4852804922808881 0.14794181157583788 0.1025179468230315 -0.6595419853921503 0.0 0.0 0.0 
21.710000000000502 0.5538845499147796 0.05875314437367905 0.4951314055411006 0.15035787436370032 0.10419207189002991 -0.6609190459137685 0.0 0.0 0.0 
21.740000000000503 0.5520624053012394 0.062207947511953424 0.489854457789286 0.16079577641685425 0.10683511754295583 -0.661677474606659 0.0 0.0 0.0 
21.755000000000503 0.5666976512177931 0.06358088316484566 0.5031167680529475 0.150085180250598 0.10533468017457186 -0.6588443545980761 0.0 0.0 0.0 
21.765000000000505 0.560651386159063 0.06493914902768959 0.49571223713137336 0.17101870063158298 0.11082846770590224 -0.6613977451955582 0.0 0.0 0.0 
21.795000000000506 0.5702325712212634 0.06829485749395955 0.5019377137273038 0.17093144696654286 0.1115906920521877 -0.6608681423094305 0.0 0.0 0.0 
21.805000000000508 0.5645001916756076 0.06947738911414066 0.49502280256146697 0.18040602444303935 0.11363156081453742 -0.6622074023374354 0.0 0.0 0.0 
21.84500000000051 0.577153271598664 0.0741859499679555 0.5029673216307086 0.17982539241062953 0.11461259977218236 -0.6606231361379321 0.0 0.0 0.0 
21.86500000000051 0.5853849020027788 0.0767669627794407 0.5086179392233381 0.1893156681503414 0.1181298316039789 -0.6616087766925577 0.0 0.0 0.0 
21.87500000000051 0.5862453859410133 0.07794807175484914 0.5082973141861642 0.19505403180374087 0.12025392271442678 -0.6598768979136547 0.0 0.0 0.0 
21.890000000000512 0.58736815415527 0.07970544878177918 0.5076627053734908 0.19315650286346342 0.12005545160225038 -0.6572112866587456 0.0 0.0 0.0 
21.920000000000513 0.5931730717342881 0.08324312142776313 0.509929950306525 0.19000570787928867 0.11959349425746875 -0.6555561720291421 0.0 0.0 0.0 
21.945000000000515 0.6007544829302571 0.0866330263900227 0.5141214565402344 0.19809974458796614 0.12266635134847578 -0.6557178991929155 0.0 0.0 0.0 
21.960000000000516 0.6134179921621261 0.08874435916935644 0.5246736329927697 0.21152219240767386 0.1278786398381299 -0.6574683829142378 0.0 0.0 0.0 
21.975000000000517 0.6202475913874983 0.09034655098755935 0.5299010403999389 0.19962186772234825 0.12518952208476736 -0.6544753284723859 0.0 0.0 0.0 
21.985000000000518 0.6258318514711424 0.09159843955284169 0.5342334119183008 0.1927967703523425 0.12396920012897725 -0.651806485304461 0.0 0.0 0.0 
22.01500000000052 0.6422845777697807 0.09551195744228769 0.546772620327493 0.1912192466097836 0.12515863372607663 -0.6503910572380733 0.0 0.0 0.0 
22.055000000000522 0.6577083639458225 0.10052006495425221 0.5571882989915703 0.1879407088053084 0.12543740742320672 -0.6495680371237006 0.0 0.0 0.0 
22.07500000000052 0.6678059051655467 0.10332661356698004 0.5644792915985667 0.1975250811677179 0.12862129521064097 -0.6535644412870625 0.0 0.0 0.0 
22.105000000000523 0.6804396006663924 0.10655940655417581 0.5738801941122166 0.1830765382804363 0.12503891963118932 -0.6533023024370757 0.0 0.0 0.0 
22.105000000000523 0.6804396006663924 0.10655940655417581 0.5738801941122166 0.1830765382804363 0.12503891963118932 -0.6533023024370757 0.0 0.0 0.0 
22.135000000000524 0.6916138117363246 0.11059502794087328 0.5810187837954514 0.18378024945030394 0.12587531415329625 -0.6543740329726679 0.0 0.0 0.0 
22.160000000000526 0.7017570526213915 0.1134783791101521 0.5882786735112394 0.17479536516136981 0.12404431871993497 -0.6529802443754426 0.0 0.0 0.0 
22.170000000000528 0.7113002213079004 0.11475430733693467 0.5965459139709657 0.16931602600599588 0.12337820047501187 -0.6520464552569216 0.0 0.0 0.0 
22.170000000000528 0.7113002213079004 0.11475430733693467 0.5965459139709657 0.16931602600599588 0.12337820047501187 -0.6520464552569216 0.0 0.0 0.0 
22.205000000000528 0.728764946324155 0.11887705474686774 0.6098878915772873 0.16120419370461744 0.12218958181655193 -0.6523956203812394 0.0 0.0 0.0 
22.220000000000528 0.7282411066691707 0.12077470265764458 0.6074664040115262 0.16254366757755356 0.12222547162442347 -0.6530604289875589 0.0 0.0 0.0 
22.23000000000053 0.7355414531580267 0.12190044697750164 0.613641006180525 0.1552508779625674 0.12028742109790139 -0.6545054474407935 0.0 0.0 0.0 
22.26500000000053 0.7440205758922042 0.125707735042727 0.6183128408494771 0.14567081083709432 0.1177895963360164 -0.6540336769199001 0.0 0.0 0.0 
22.28000000000053 0.7598459012269272 0.12772897058997199 0.6321169306369552 0.1467456080436454 0.11946083498801563 -0.6554031469161692 0.0 0.0 0.0 
22.290000000000532 0.766052005726341 0.12888002739268745 0.6371719783336536 0.1449717943174245 0.11933724069627187 -0.6560738230067645 0.0 0.0 0.0 
22.320000000000533 0.7775842808256042 0.13225275105424403 0.6453315297713601 0.13699613717505577 0.11792487174636532 -0.6546940982854249 0.0 0.0 0.0 
22.330000000000535 0.7815841355946297 0.13346184196878869 0.6481222936258411 0.13403345268384018 0.117247451415212 -0.6548729297265569 0.0 0.0 0.0 
22.360000000000536 0.7871891937798943 0.13669465338027098 0.6504945403996233 0.12574807673099078 0.11525801298107828 -0.6524144464543686 0.0 0.0 0.0 
22.375000000000536 0.7976259894686349 0.1385699739946671 0.6590560154739679 0.12378194207977763 0.11603148339410575 -0.649954828339714 0.0 0.0 0.0 
22.40000000000054 0.8045390636973212 0.14128932446992024 0.6632497392274009 0.11708391502820903 0.11470223173631218 -0.647785210326013 0.0 0.0 0.0 
22.41000000000054 0.8112827596142755 0.14288889048936562 0.66839386912491 0.13753559314907135 0.12286099513726642 -0.6433034634112422 0.0 0.0 0.0 
22.44000000000054 0.8128627578466314 0.1455587789658367 0.6673039788807947 0.11724951789086019 0.11682606614774521 -0.6388947080607417 0.0 0.0 0.0 
22.455000000000542 0.822858409955499 0.14758271520415575 0.6752756947513432 0.10958825649788626 0.11684079493147287 -0.6299438331353562 0.0 0.0 0.0 
22.470000000000542 0.8246753649750331 0.14960703976739134 0.6750683252076418 0.1182801204887999 0.12051337101860665 -0.625963973452061 0.0 0.0 0.0 
22.510000000000545 0.8260727442209057 0.1542820853284313 0.6717906588924745 0.11318145358171566 0.12019343938998614 -0.6165737886587794 0.0 0.0 0.0 
22.525000000000546 0.8256508290624477 0.15606501419631189 0.6695858148661358 0.10435717352052074 0.11966572944948047 -0.6022311293262868 0.0 0.0 0.0 
22.540000000000546 0.834247793257496 0.15832289972826788 0.6759248935292281 0.11203130055111696 0.12575524166036256 -0.5898066628741202 0.0 0.0 0.0 
22.550000000000548 0.8374489813940686 0.15983660496864344 0.6776123764254252 0.12792154619660961 0.1337054525074267 -0.5809624433010324 0.0 0.0 0.0 
22.58000000000055 0.8414722547853251 0.1640379719771984 0.6774342828081267 0.13091351401139026 0.13579097194283002 -0.5766301828258704 0.0 0.0 0.0 
22.60500000000055 0.8490387027161859 0.16759053036948696 0.681448172346699 0.13102531339773607 0.1378260666569931 -0.5704571613758036 0.0 0.0 0.0 
22.62000000000055 0.8515380828278738 0.1697393158620648 0.681798766965809 0.1323493792800864 0.13995091922714237 -0.5639955167121692 0.0 0.0 0.0 
22.645000000000554 0.8549474147351577 0.17364198181527826 0.6813054329198794 0.14231954150102674 0.1436081130461544 -0.5641482417287769 0.0 0.0 0.0 
22.660000000000554 0.8561690282056598 0.1757568584006863 0.6804121698049734 0.14439441706239955 0.14492213927440073 -0.5616202477566362 0.0 0.0 0.0 
22.675000000000555 0.8555377789722147 0.17766359439259827 0.6778741845796165 0.13641129969102223 0.14171383489618977 -0.5610156080544844 0.0 0.0 0.0 
22.705000000000556 0.8684259718775935 0.18178337294730748 0.686642598930286 0.13117416015549863 0.14034003253679306 -0.5632203003220168 0.0 0.0 0.0 
22.715000000000558 0.8699857744383908 0.18376165911211684 0.6862241153262739 0.1617656415129746 0.1507347451443234 -0.5673543769805167 0.0 0.0 0.0 
22.74500000000056 0.8777932038510764 0.1872611174585997 0.6905320863924767 0.14644370358026274 0.14488043661261565 -0.5699930157118503 0.0 0.0 0.0 
22.76000000000056 0.8775705440046769 0.18984786022825087 0.6877226837764261 0.15585393167373238 0.14692131892716725 -0.5742788245815466 0.0 0.0 0.0 
22.77000000000056 0.8854027926744276 0.1910828522829136 0.6943199403915139 0.1446597374574188 0.14310439130156014 -0.5763858341876503 0.0 0.0 0.0 
22.800000000000562 0.8951370180322792 0.1956059058176352 0.6995311122146439 0.14553008021031008 0.14427148988678182 -0.5756964824956033 0.0 0.0 0.0 
22.825000000000564 0.8999249615129296 0.1992743747767786 0.700650586736151 0.14682150583208284 0.14519476854020294 -0.5745022814782301 0.0 0.0 0.0 
22.840000000000565 0.9047907482108618 0.2019243247950971 0.7028664234157647 0.1658974705935941 0.15203263947921028 -0.5764449733057362 0.0 0.0 0.0 
22.855000000000565 0.9097442451499036 0.20463547702508936 0.7051087681248143 0.18904154523841982 0.15991504104861423 -0.5798685634308921 0.0 0.0 0.0 
22.885000000000566 0.923783884800162 0.2097951794535458 0.7139887053466163 0.19630000532936595 0.16355244986572195 -0.5804580141319005 0.0 0.0 0.0 
22.900000000000567 0.9329003692522152 0.21256910883849736 0.7203312604137179 0.21151590451500785 0.170081757799108 -0.5799862067580158 0.0 0.0 0.0 
22.915000000000568 0.934743709543466 0.2150900369117394 0.7196536726317266 0.2124250721318799 0.17164784648340417 -0.5755274931926316 0.0 0.0 0.0 
22.94000000000057 0.9441734719979464 0.21955903542696148 0.724614436570985 0.21526071768095167 0.1733722906400103 -0.5754137634202441 0.0 0.0 0.0 
22.95500000000057 0.9509916239262577 0.2219747413570379 0.7290168825692198 0.2092759170479513 0.1717458391037278 -0.5753576484420115 0.0 0.0 0.0 
22.980000000000572 0.9695561927371406 0.22745876410412702 0.7420974286330135 0.23200355048418936 0.18109268998280556 -0.5777429891423708 0.0 0.0 0.0 
22.990000000000574 0.9704206195122315 0.2291150254272705 0.741305594084961 0.23613244906271558 0.18502926803223962 -0.5698804075735323 0.0 0.0 0.0 
23.005000000000575 0.9818964083173919 0.23239564094480328 0.7495007673725886 0.25629838680257616 0.19264302731570462 -0.5727975734688234 0.0 0.0 0.0 
23.035000000000576 0.9953327365232708 0.23844100558290324 0.7568917309403675 0.2622216952878791 0.1955906066830717 -0.5734228744377771 0.0 0.0 0.0 
23.045000000000577 1.00091994601553 0.240300737222886 0.760619208792644 0.2626787553929828 0.19631800281528 -0.5732075064553667 0.0 0.0 0.0 
23.080000000000577 1.0206566748814052 0.24749712812483385 0.7731595467565714 0.2628329809555034 0.19826273670073916 -0.5724606835302206 0.0 0.0 0.0 
23.10500000000058 1.0374526251420355 0.2530294315091323 0.7844231936329031 0.27023681470886746 0.20374978473214506 -0.568892320127672 0.0 0.0 0.0 
23.12000000000058 1.0453094957246842 0.25642290711929666 0.7888865886053875 0.2839137067520358 0.2110687607769364 -0.5645271466526727 0.0 0.0 0.0 
23.13000000000058 1.0479321563406037 0.25878709359365715 0.7891450627469465 0.2982594029577627 0.21952309820572385 -0.5567777155604872 0.0 0.0 0.0 
23.160000000000583 1.0700462294379045 0.2656131372710034 0.8044330921669012 0.2928542009364381 0.22199794466521994 -0.5505185942542826 0.0 0.0 0.0 
23.170000000000584 1.0752949780120973 0.26836754324175954 0.8069274347703377 0.3169211995421668 0.23506600494030938 -0.5424875595061668 0.0 0.0 0.0 
23.200000000000585 1.0858739328299658 0.2763317906125105 0.8095421422174554 0.32615391030062396 0.24254150477020195 -0.534669322955062 0.0 0.0 0.0 
23.225000000000588 1.097679972690018 0.2832316017239495 0.8144483709660684 0.3354234532682835 0.2520289264951381 -0.5238172642501974 0.0 0.0 0.0 
23.240000000000588 1.116249115105165 0.2875158382137874 0.8287332768913775 0.340368282151218 0.26361350327900424 -0.50882432789683 0.0 0.0 0.0 
23.25500000000059 1.12267799297516 0.2915719874005041 0.831106005574656 0.3381451463862083 0.2684941173627986 -0.4984714372775905 0.0 0.0 0.0 
23.28500000000059 1.1452738142437002 0.3010137536769555 0.8442600605667447 0.34608169482969303 0.27859417384305 -0.4899773434399247 0.0 0.0 0.0 
23.30000000000059 1.1478421736248388 0.3051354001130869 0.8427067735117519 0.3336776261823099 0.2839316146981563 -0.4710641310057835 0.0 0.0 0.0 
23.310000000000592 1.1538514008722147 0.3088622974241975 0.8449891034480173 0.36117137176053116 0.30432699705976285 -0.4592747095555649 0.0 0.0 0.0 
23.340000000000593 1.1719731815883714 0.317774360087146 0.8541988215012254 0.3462785828972919 0.3049137375181897 -0.4502481452237021 0.0 0.0 0.0 
23.365000000000595 1.1949774915432454 0.3260802731471531 0.8688972183960924 0.33750600302109535 0.31065958824321716 -0.4394356557833655 0.0 0.0 0.0 
23.380000000000596 1.1987470057168208 0.3309946491511468 0.867752356565674 0.3323198950936248 0.3169919640850789 -0.4269074056460756 0.0 0.0 0.0 
23.390000000000597 1.2076339118977906 0.3344414399836475 0.8731924719141431 0.32161261837832195 0.3254719212542236 -0.4100298037223149 0.0 0.0 0.0 
23.4200000000006 1.2217796918971509 0.3449824526956074 0.8767972392015435 0.31498535187486093 0.3315707553538588 -0.399044756712851 0.0 0.0 0.0 
23.4300000000006 1.2328379406975016 0.3486632286108435 0.8841747120866581 0.3110654817279117 0.3444980816236394 -0.38324434822633013 0.0 0.0 0.0 
23.4450000000006 1.247825377020095 0.3544922254706222 0.8933331515494729 0.31781249056543087 0.35603568849960165 -0.37677258863277757 0.0 0.0 0.0 
23.4850000000006 1.2681942111660987 0.36892444402015956 0.8992697671459391 0.301372794449368 0.3583103652654588 -0.3658525720173967 0.0 0.0 0.0 
23.5000000000006 1.277328210455048 0.37485039000988685 0.9024778204451612 0.27482242128641715 0.36758769308497663 -0.3419011384130708 0.0 0.0 0.0 
23.525000000000603 1.2946504544288162 0.3844608159915514 0.9101896384372647 0.2548802333764465 0.37267947068598756 -0.3273856650115911 0.0 0.0 0.0 
23.540000000000603 1.307023495658428 0.39031874350660806 0.9167047521518199 0.23213300761931777 0.37886100386584665 -0.3105499059582817 0.0 0.0 0.0 
23.550000000000605 1.3117580669402555 0.39405466887142393 0.9177033980688316 0.2011934439163267 0.38059900990088275 -0.292031055219061 0.0 0.0 0.0 
23.580000000000606 1.3315012113131819 0.4059647617296792 0.9255364495835027 0.18403806539364453 0.3840960861310402 -0.2813878250503907 0.0 0.0 0.0 
23.595000000000606 1.3358350622805288 0.4122460181830453 0.9235890440974835 0.17113120412416066 0.39322932192918886 -0.2674998942541181 0.0 0.0 0.0 
23.62000000000061 1.3542909227974453 0.42282767023557605 0.9314632525618693 0.15730592314485675 0.4009694481613838 -0.2564625075220849 0.0 0.0 0.0 
23.64500000000061 1.3769114043951864 0.432375373332036 0.9445360310631504 0.1239650270858974 0.39945091817526135 -0.24211567134932177 0.0 0.0 0.0 
23.64500000000061 1.3769114043951864 0.432375373332036 0.9445360310631504 0.1239650270858974 0.39945091817526135 -0.24211567134932177 0.0 0.0 0.0 
23.68000000000061 1.394620542583753 0.4458409499711788 0.9487795926125742 0.09156996580913762 0.3961419754278095 -0.22753653106637575 0.0 0.0 0.0 
23.690000000000612 1.3967501767458275 0.44948068326323154 0.9472694934825959 0.03300903302553421 0.38612448143387 -0.2008796321004513 0.0 0.0 0.0 
23.720000000000613 1.4142538452152864 0.46009225220079575 0.9541615930144907 0.0008265830912687622 0.3785522669610116 -0.18816544417631095 0.0 0.0 0.0 
23.745000000000616 1.4271322931492645 0.46874402103632745 0.9583882721129371 -0.03408814146827416 0.3692260466155603 -0.1736511926590713 0.0 0.0 0.0 
23.760000000000616 1.4326304589947725 0.4727348400625418 0.9598956189322307 -0.08339068872711003 0.34363185960563547 -0.15638505980321465 0.0 0.0 0.0 
23.78500000000062 1.44201185015663 0.48096686795587124 0.9610449822007587 -0.1093775014216535 0.33608048902915627 -0.1437017984947077 0.0 0.0 0.0 
23.80000000000062 1.4446890843962876 0.48454913805885746 0.9601399463374302 -0.14422959851078687 0.31257768705875566 -0.1305679717660262 0.0 0.0 0.0 
23.81000000000062 1.450879730110176 0.48703309032232706 0.9638466397878489 -0.18187474608195692 0.2889163423705401 -0.11449355493112115 0.0 0.0 0.0 
23.84000000000062 1.4496960043630704 0.4950486422031903 0.9546473621598801 -0.19665098006125095 0.2821299059802684 -0.10367609507645158 0.0 0.0 0.0 
23.86000000000062 1.4515798001514912 0.49985183365379054 0.9517279664977008 -0.21563151793684762 0.27055156794450635 -0.09238280534696512 0.0 0.0 0.0 
23.885000000000623 1.4544217429595299 0.5048834805191985 0.9495382624403313 -0.2326070330193265 0.2537192572408907 -0.08363353369669004 0.0 0.0 0.0 
23.885000000000623 1.4544217429595299 0.5048834805191985 0.9495382624403313 -0.2326070330193265 0.2537192572408907 -0.08363353369669004 0.0 0.0 0.0 
23.915000000000624 1.44666120991363 0.5091241609310625 0.9375370489825675 -0.25206931427949425 0.2267225554398217 -0.0713860150658005 0.0 0.0 0.0 
23.940000000000627 1.437429496798411 0.5125652259573166 0.9248642708410943 -0.2714798737249201 0.19888406192212604 -0.05586770435419199 0.0 0.0 0.0 
23.950000000000628 1.4346696264331846 0.5129618214424413 0.9217078049907433 -0.2942631757394259 0.1455882372339135 -0.0414087638690523 0.0 0.0 0.0 
23.98000000000063 1.4299670547073893 0.5158579875631369 0.9141090671442523 -0.29971089246605437 0.1302817448526794 -0.0330336135788137 0.0 0.0 0.0 
24.00500000000063 1.4110626709169851 0.5171436521147907 0.8939190188021944 -0.30332735641992664 0.10875731765401839 -0.018671866920635688 0.0 0.0 0.0 
24.00500000000063 1.4110626709169851 0.5171436521147907 0.8939190188021944 -0.30332735641992664 0.10875731765401839 -0.018671866920635688 0.0 0.0 0.0 
24.035000000000633 1.4056210857037477 0.517782356752531 0.8878387289512166 -0.30730584604098 0.08561926777749726 -0.008542790488143878 0.0 0.0 0.0 
24.060000000000635 1.383812938998979 0.5170741921412091 0.86673874685777 -0.3033585614002195 0.054146120595670075 0.004369090117305628 0.0 0.0 0.0 
24.085000000000637 1.3732557506461478 0.5170419503633611 0.8562138002827867 -0.29967483009897533 0.03339974575197525 0.016999699237138677 0.0 0.0 0.0 
24.115000000000638 1.3523465189889994 0.5155480925710705 0.8367984264179289 -0.29287944924627507 0.01132294181405781 0.024412430810439402 0.0 0.0 0.0 
24.115000000000638 1.3523465189889994 0.5155480925710705 0.8367984264179289 -0.29287944924627507 0.01132294181405781 0.024412430810439402 0.0 0.0 0.0 
24.13000000000064 1.3384810560840168 0.5139111335966975 0.8245699224873193 -0.28859947287056176 -0.026425366439763606 0.040153027925048754 0.0 0.0 0.0 
24.16000000000064 1.3248630034765734 0.512048002645781 0.8128150008307924 -0.2844852502907773 -0.039359795277787706 0.04697539752494638 0.0 0.0 0.0 
24.18500000000064 1.308384615843885 0.5096468628131345 0.7987377530307505 -0.27955821356076266 -0.0555338670466725 0.0556678028612996 0.0 0.0 0.0 
24.200000000000642 1.2948520718414895 0.5089819468816612 0.7858701249598283 -0.2750545437359399 -0.0614190518947582 0.06185236611988214 0.0 0.0 0.0 
24.210000000000644 1.286975911098757 0.5074639250143611 0.779511986084396 -0.27282919512953857 -0.08239203932370961 0.06614268686212361 0.0 0.0 0.0 
24.225000000000644 1.2763130353672578 0.5057941836085038 0.770518851758754 -0.26968159811556386 -0.09247871280457023 0.07077290730623825 0.0 0.0 0.0 
24.240000000000645 1.2632268557767004 0.5037572347926952 0.7594696209840052 -0.2658143673444018 -0.10430180120302177 0.07316568133309904 0.0 0.0 0.0 
24.275000000000645 1.2395238494433987 0.4988101193058979 0.7407137301375007 -0.25924980554812527 -0.11333606216467894 0.07555241601937522 0.0 0.0 0.0 
24.300000000000647 1.2237406290978605 0.4945139782521566 0.7292266508457039 -0.2552293277959964 -0.1290102616288948 0.07846922963228874 0.0 0.0 0.0 
24.31000000000065 1.2178964258014056 0.49297907352270876 0.7249173522786968 -0.25372107329754384 -0.14582111776517026 0.08313525608081514 0.0 0.0 0.0 
24.34000000000065 1.196337730750951 0.4878457072635357 0.7084920234874154 -0.24797220822059535 -0.15263765832754797 0.08218774246445218 0.0 0.0 0.0 
24.35500000000065 1.181720571785088 0.48538669200682083 0.6963338797782672 -0.2437168579223935 -0.15904924552210728 0.08060922025541023 0.0 0.0 0.0 
24.380000000000653 1.1720961386830173 0.4810136575986525 0.6910824810843648 -0.24187886837952766 -0.16342705508585365 0.08157672697030732 0.0 0.0 0.0 
24.405000000000655 1.1599287593872851 0.4767021330934083 0.6832266262938769 -0.23912931920285688 -0.16658071231647653 0.08166975809866571 0.0 0.0 0.0 
24.420000000000655 1.1517529111790197 0.47456177947673633 0.6771911317022834 -0.23701689609579918 -0.16333286075123368 0.07801507820259 0.0 0.0 0.0 
24.430000000000657 1.1490569498837484 0.47429767608796536 0.674759273795783 -0.23616574582852404 -0.13413233742399153 0.07923001862483092 0.0 0.0 0.0 
24.465000000000657 1.1335853355959284 0.4685920440101571 0.6649932915857714 -0.23274765205501996 -0.1374579366010978 0.07940700130458694 0.0 0.0 0.0 
24.480000000000658 1.1226002317429924 0.4673417189709496 0.6552585127720427 -0.22934047947021494 -0.12884941122118324 0.07999575511594975 0.0 0.0 0.0 
24.49000000000066 1.1174814512496793 0.4665974375643552 0.6508840136853242 -0.22780940478986347 -0.11392298554129245 0.08003888217793424 0.0 0.0 0.0 
24.52000000000066 1.108206051836299 0.4630090850510167 0.6451969667852824 -0.22581893837484882 -0.11356987917815882 0.07997623430748357 0.0 0.0 0.0 
24.53500000000066 1.1037819545687435 0.4614375940585413 0.6423443605102022 -0.22482052617857073 -0.11157347769330264 0.08222448221002787 0.0 0.0 0.0 
24.560000000000663 1.1005064240785616 0.4597191803700104 0.6407872437085511 -0.22427553529799288 -0.10253665246800642 0.08293188491038411 0.0 0.0 0.0 
24.585000000000665 1.0925742218916619 0.45787484976447795 0.6346993721271839 -0.22214478024451434 -0.09397841861739487 0.07906750201019211 0.0 0.0 0.0 
24.600000000000666 1.0866292862975917 0.457499594686204 0.6291296916113878 -0.2201953920639857 -0.0756989561710538 0.07659070694134566 0.0 0.0 0.0 
24.625000000000668 1.0835038757257196 0.4574518841398818 0.6260519915858378 -0.2191181970550432 -0.05743865053761458 0.07006968129737062 0.0 0.0 0.0 
24.625000000000668 1.0835038757257196 0.4574518841398818 0.6260519915858378 -0.2191181970550432 -0.05743865053761458 0.07006968129737062 0.0 0.0 0.0 
24.660000000000668 1.0768985871297205 0.45818117669850356 0.618717410431217 -0.21655109365092592 -0.037642315104496143 0.06017856998221553 0.0 0.0 0.0 
24.67000000000067 1.0684986586520124 0.45906270535696087 0.6094359532950515 -0.213302583653268 0.008790579177733134 0.0456526011613478 0.0 0.0 0.0 
24.68500000000067 1.0669592448598426 0.4599931474375264 0.6069660974223162 -0.21243813409781068 0.02893542199546 0.03781728988703165 0.0 0.0 0.0 
24.730000000000672 1.0504694060583362 0.46534390799086306 0.5851254980674732 -0.2047939243236156 0.04918569318218083 0.029415699429583657 0.0 0.0 0.0 
24.730000000000672 1.0504694060583362 0.46534390799086306 0.5851254980674732 -0.2047939243236156 0.04918569318218083 0.029415699429583657 0.0 0.0 0.0 
24.765000000000672 1.0439891219545891 0.47157958977310144 0.5724095321814877 -0.2003433362635207 0.08317937252514676 0.015959017601385572 0.0 0.0 0.0 
24.775000000000674 1.0377388947838497 0.473494518031362 0.5642443767524877 -0.19226720376652948 0.1411036548229342 -0.007868559997182615 0.0 0.0 0.0 
24.805000000000675 1.0264785200105164 0.4810012836512104 0.545477236359306 -0.17929721906965246 0.16904153112029244 -0.014625404547094833 0.0 0.0 0.0 
24.820000000000675 1.0275179841860003 0.48466524515890835 0.5428527390270919 -0.168701710535842 0.20117651658225488 -0.022523617974949603 0.0 0.0 0.0 
24.845000000000677 1.0110529816226055 0.49121446352487225 0.5198385180977332 -0.1515923001742326 0.2193194405999972 -0.029444257661231175 0.0 0.0 0.0 
24.860000000000678 1.010892393353844 0.49587998346595386 0.5150124098878902 -0.13393133153811215 0.2470388306087094 -0.03989639992731957 0.0 0.0 0.0 
24.88500000000068 0.9998682737792864 0.5044728688958902 0.4953954048833963 -0.11071253178279661 0.2716469086795045 -0.04909052494234035 0.0 0.0 0.0 
24.90500000000068 0.9880535670550661 0.5110015665527109 0.4770520005023552 -0.09093543816065494 0.2920464029677363 -0.05539251037880446 0.0 0.0 0.0 
24.92000000000068 0.9841210141899646 0.5170925428870575 0.46702847130290703 -0.06530933359139036 0.32336298291003296 -0.0645810255347434 0.0 0.0 0.0 
24.930000000000682 0.9747724199297603 0.5209475599626399 0.4538248599671204 -0.043676751159102745 0.3501559728000964 -0.06997608043338968 0.0 0.0 0.0 
24.960000000000683 0.9716006996771033 0.5339635428800582 0.43763715679704507 -0.027578744303303843 0.3698088994812287 -0.07225943761410497 0.0 0.0 0.0 
24.985000000000685 0.9612713311749895 0.5453678895351266 0.4159034416398629 0.002828291667226035 0.3944318176275763 -0.08004754094762881 0.0 0.0 0.0 
25.000000000000686 0.9583991444545132 0.5524042999645624 0.4059948444899508 0.03225448135140613 0.42196496992082216 -0.0879132555621224 0.0 0.0 0.0 
25.015000000000686 0.9531644513563635 0.5594532956916388 0.3937111556647247 0.06075445349174005 0.4400072843960892 -0.09601067257712032 0.0 0.0 0.0 
25.025000000000688 0.942873504234127 0.5645895832252946 0.37828392100883235 0.09809347600067514 0.46310233205554613 -0.10589674931446685 0.0 0.0 0.0 
25.060000000000688 0.9328027336400072 0.5835197648756021 0.3492829687644051 0.13107561651253744 0.4808448041959298 -0.11209201476037245 0.0 0.0 0.0 
25.07000000000069 0.9274954524087888 0.5892920183052658 0.33820343410352305 0.18246118087955676 0.5191467056755541 -0.12329248988976171 0.0 0.0 0.0 
25.10000000000069 0.9274788787367214 0.6067654661527485 0.3207134125839729 0.2184139237704966 0.5358273791459546 -0.13129967607467474 0.0 0.0 0.0 
25.110000000000692 0.9217835081006882 0.613812393315642 0.30797111478504624 0.26936159647764746 0.5851603210918551 -0.13713335348910577 0.0 0.0 0.0 
25.140000000000693 0.9208529888961655 0.6329147139946332 0.28793827490153234 0.30901824820287305 0.6005804256334855 -0.14517751775909837 0.0 0.0 0.0 
25.155000000000694 0.9185437243601956 0.6432505974785356 0.27529312688165997 0.35754363961483737 0.6278264797230697 -0.15382222625603703 0.0 0.0 0.0 
25.165000000000695 0.9185029469876916 0.6507601401103214 0.2677428068773703 0.417601160526879 0.6651227529159315 -0.16356319852632703 0.0 0.0 0.0 
25.195000000000697 0.9240990323783034 0.6727698294401909 0.25132920293811245 0.4488341019503884 0.6827615059740172 -0.16728040598515234 0.0 0.0 0.0 
25.2200000000007 0.9295679779083666 0.6932996577277077 0.2362683201806589 0.49716338851134 0.7171967775032353 -0.17202237601899123 0.0 0.0 0.0 
25.2350000000007 0.9328452453976374 0.7072949553396402 0.2255502900579972 0.5680447534859882 0.7782620638825596 -0.1768772890678421 0.0 0.0 0.0 
25.2450000000007 0.9394476162349672 0.716198593332613 0.22324902290235416 0.6 0.8286710389986289 -0.1804599997860479 0.0 0.0 0.0 
25.2800000000007 0.9498494299795317 0.7497322574765127 0.20011717250301897 0.6 0.8592381289975721 -0.18056120902700903 0.0 0.0 0.0 
25.290000000000703 0.9561143170411415 0.7601106336839294 0.19600368335721208 0.6 0.9277674326120939 -0.17768106769436876 0.0 0.0 0.0 
25.305000000000703 0.964019988162593 0.7762029783981951 0.18781700976439797 0.6 0.9709612573796537 -0.17526948484506966 0.0 0.0 0.0 
25.335000000000704 0.9826996120485607 0.8103345579711481 0.17236505407741265 0.6 1.011262830873791 -0.17291121697402592 0.0 0.0 0.0 
25.360000000000706 1.0052945404203142 0.8408353900207437 0.1644591503995705 0.6 1.0681683184019233 -0.17000268601000545 0.0 0.0 0.0 
25.370000000000708 1.012507147485225 0.8534409095659141 0.15906623791931085 0.6 1.1501607796583437 -0.1621599599884393 0.0 0.0 0.0 
25.38500000000071 1.0240031922132666 0.8725015826724093 0.15150160954085734 0.6 1.191107455068584 -0.1568773924456565 0.0 0.0 0.0 
25.41500000000071 1.0572737551418958 0.912331062770116 0.1449426923717798 0.6 1.224950370732505 -0.15416406850822914 0.0 0.0 0.0 
25.440000000000712 1.0853111453983935 0.9468734358226157 0.13843770957577772 0.6 1.2689761207703993 -0.15010389517385356 0.0 0.0 0.0 
25.46000000000071 1.1158776673299415 0.9755281248221631 0.14034954250777842 0.6 1.3187844191678981 -0.14586621153024207 0.0 0.0 0.0 
25.485000000000714 1.151687548630199 1.012777809387232 0.138909739242967 0.6 1.365506627475624 -0.14354515032123413 0.0 0.0 0.0 
25.500000000000714 1.1719812209431337 1.0369640603965515 0.1350171605465822 0.6 1.4390617040594247 -0.1409601970135623 0.0 0.0 0.0 
25.525000000000716 1.2078795159186528 1.0761268778300679 0.13175263808858495 0.6 1.4782207765988062 -0.1414910039451743 0.0 0.0 0.0 
25.540000000000717 1.2336341984182804 1.1004357671391114 0.13319843127916897 0.6 1.5267937740815618 -0.139811035261027 0.0 0.0 0.0 
25.55000000000072 1.2536572508319836 1.11618337192182 0.13747387891016372 0.6 1.558547029287641 -0.14143730141560595 0.0 0.0 0.0 
25.58000000000072 1.3044464742563713 1.165989564664785 0.13845690959158619 0.6 1.58233484343851 -0.13878895228913843 0.0 0.0 0.0 
25.59000000000072 1.320489489311787 1.1819660360811421 0.13852345323064474 0.6 1.6070230251653026 -0.13950946658075933 0.0 0.0 0.0 
25.620000000000722 1.3686068891507999 1.2334972842157703 0.13510960493502955 0.6 1.6319261791355084 -0.1351141099123686 0.0 0.0 0.0 
25.630000000000724 1.3861083919736668 1.2503155876286844 0.1357928043449823 0.6 1.6646313841999836 -0.12710716974604291 0.0 0.0 0.0 
25.665000000000724 1.4420383163268131 1.310509839101713 0.1315284772251002 0.6 1.6786369337168654 -0.12041617060989222 0.0 0.0 0.0 
25.675000000000725 1.457324020026513 1.3276939966716914 0.12963002335482154 0.6 1.701520520982205 -0.11221353952813715 0.0 0.0 0.0 
25.705000000000727 1.501600718428491 1.3797053345546704 0.1218953838738206 0.6 1.7103465745759918 -0.107207757111088 0.0 0.0 0.0 
25.720000000000727 1.5257319530504445 1.4058726179152987 0.1198593351351458 0.6 1.7225994810170644 -0.10149083315793896 0.0 0.0 0.0 
25.735000000000728 1.5468739743200235 1.4308875688980143 0.11598640542200922 0.6 1.715181428576182 -0.09319860950941936 0.0 0.0 0.0 
25.76000000000073 1.575721468669419 1.472585003193643 0.10313646547577604 0.6 1.7042600305660478 -0.08846759296953847 0.0 0.0 0.0 
25.785000000000732 1.6069218844692048 1.5141169902680167 0.09280489420118809 0.6 1.6922527467807578 -0.0850015169516006 0.0 0.0 0.0 
25.800000000000733 1.6196977598253786 1.5382709767743137 0.08142678305106488 0.5909642325541868 1.6695967111508991 -0.07894167884143814 0.0 0.0 0.0 
25.825000000000735 1.6543260144935392 1.5796309247695988 0.07469508972394046 0.5851513900442564 1.662406885437804 -0.0782375826231228 0.0 0.0 0.0 
25.840000000000735 1.672419710038875 1.6038267237190615 0.06859298631981336 0.5861842764213095 1.6487879064906985 -0.0787415086227416 0.0 0.0 0.0 
25.860000000000735 1.6929732110290048 1.6366890507274054 0.05628416030159933 0.6 1.6445496105371966 -0.08068263072419667 0.0 0.0 0.0 
25.885000000000737 1.72265843717709 1.6764503203996715 0.04620811677741865 0.6 1.6325689311279945 -0.0808559953038579 0.0 0.0 0.0 
25.900000000000738 1.7349589296726486 1.7011025931556678 0.033856336516980834 0.6 1.628739145578374 -0.08418734734637268 0.0 0.0 0.0 
25.915000000000738 1.7508834432316287 1.7254040025332744 0.025479440698354283 0.6 1.6258299850676692 -0.0856801379308961 0.0 0.0 0.0 
25.94000000000074 1.779399957173231 1.7658064240929885 0.013593533080242581 0.6 1.623331015092429 -0.08725611604333523 0.0 0.0 0.0 
25.965000000000742 1.8029931026634705 1.8078677940955903 -0.0048746914321198265 0.6 1.6345476431397477 -0.08849628444711888 0.0 0.0 0.0 
25.975000000000744 1.8151683785245898 1.8238700056651038 -0.008701627140514034 0.6 1.6360791046473333 -0.09144903486910992 0.0 0.0 0.0 
26.005000000000745 1.8512698406908288 1.8739118923024458 -0.02264205161161703 0.6 1.642710243126976 -0.0914823600304314 0.0 0.0 0.0 
26.020000000000746 1.8660357843143294 1.900316328559006 -0.034280544244676525 0.6 1.6705331471374965 -0.09191762235039337 0.0 0.0 0.0 
26.035000000000746 1.882177760824491 1.926788033196903 -0.044610272372411996 0.6 1.6980346259169317 -0.09038702975372503 0.0 0.0 0.0 
26.065000000000747 1.9169601751677643 1.978811008214229 -0.06185083304646466 0.6 1.7094972942010804 -0.0880127921505002 0.0 0.0 0.0 
26.080000000000748 1.931736832756253 2.004659022493204 -0.07292218973695097 0.6 1.71920719920342 -0.0859099336473607 0.0 0.0 0.0 
26.09000000000075 1.9453105996788072 2.0218147128801838 -0.07650411320137662 0.6 1.7228763410958274 -0.08470674737608895 0.0 0.0 0.0 
26.12000000000075 1.978285528439217 2.0754560521382714 -0.09717052369905455 0.6 1.7364428938234844 -0.08183397481136581 0.0 0.0 0.0 
26.130000000000752 1.9921244424234634 2.0935039873307058 -0.10137954490724232 0.6 1.7625955420713169 -0.07514863053617823 0.0 0.0 0.0 
26.160000000000753 2.0275818857980723 2.148003773509452 -0.12042188771137985 0.6 1.7761805602067215 -0.07460260579612268 0.0 0.0 0.0 
26.170000000000755 2.0404355408564667 2.1643607380418746 -0.12392519718540784 0.6 1.7600609325042391 -0.07552387150404073 0.0 0.0 0.0 
26.200000000000756 2.0795119685465098 2.219045533040923 -0.13953356449441312 0.6 1.7711455641223595 -0.07541150939901768 0.0 0.0 0.0 
26.210000000000758 2.094232257942362 2.2381669417814765 -0.14393468383911445 0.6 1.8097564175771734 -0.07043006131726699 0.0 0.0 0.0 
26.245000000000758 2.1419233440795855 2.303424012906252 -0.1615006688266667 0.6 1.8241765925740219 -0.06957949337188282 0.0 0.0 0.0 
26.26000000000076 2.1672164733203463 2.3319941786380367 -0.16477770531769043 0.6 1.8506563101421325 -0.06799190429124648 0.0 0.0 0.0 
26.28500000000076 2.204510192324842 2.3797103702744167 -0.17520017794957488 0.6 1.8672056283316076 -0.06629504787730967 0.0 0.0 0.0 
26.30000000000076 2.226267833613587 2.4093481348872996 -0.18308030127371255 0.6 1.8975499254555541 -0.063232362355393 0.0 0.0 0.0 
26.31500000000076 2.244256345727128 2.438025906557863 -0.19376956083073527 0.592299179533124 1.9096251329833898 -0.05843631399373987 0.0 0.0 0.0 
26.325000000000763 2.259259176746562 2.4583260046744355 -0.19906682792787356 0.5647083348897881 1.9394821558305375 -0.054306549689251735 0.0 0.0 0.0 
26.355000000000764 2.305966324327506 2.5180771520567626 -0.2121108277292567 0.5538480054684762 1.9530678472426346 -0.052248320065401546 0.0 0.0 0.0 
26.365000000000766 2.3222333830784625 2.537777793079851 -0.21554441000138835 0.5488534104011928 1.9688386038499563 -0.05116018230077517 0.0 0.0 0.0 
26.395000000000767 2.366887860998806 2.5988486393793284 -0.2319607783805222 0.5119953749163464 1.9839672170497034 -0.046201121862758175 0.0 0.0 0.0 
26.42000000000077 2.4004934240870157 2.6491123476077525 -0.24861892352073678 0.4538432933770916 1.9948415788388467 -0.03912502552499447 0.0 0.0 0.0 
26.44500000000077 2.4321496553541477 2.699158471127391 -0.2670088157732433 0.40203703724051726 1.9995492540742352 -0.03283548019966049 0.0 0.0 0.0 
26.46500000000077 2.4647482585215927 2.7396241081444743 -0.2748758496228816 0.3431044374290057 2.0061351946205614 -0.026185406702044663 0.0 0.0 0.0 
26.48000000000077 2.486729920192224 2.769598519640352 -0.2828685994481277 0.2880468765837354 2.007203702257909 -0.020038766619964336 0.0 0.0 0.0 
26.490000000000773 2.5012237597500957 2.7900203065962255 -0.28879654684612976 0.2480609709583375 2.0147709737475066 -0.015521766279966112 0.0 0.0 0.0 
26.505000000000773 2.5222258089705223 2.819911088324779 -0.2976852793542566 0.1784532416726447 2.0118314713161616 -0.007853899459958139 0.0 0.0 0.0 
26.535000000000775 2.550815354286782 2.878177709672425 -0.3273623553856426 0.17950681110170907 1.9972906927284935 -0.006916815284370056 0.0 0.0 0.0 
26.560000000000777 2.5796272233151543 2.9256069293656592 -0.345979706050505 0.1339581999118402 1.9717377043388185 -0.001388267040194977 0.0 0.0 0.0 
26.575000000000777 2.5902385554515885 2.954291030480152 -0.36405247502856364 0.12741836625999728 1.9468132192760548 0.005167535432550879 0.0 0.0 0.0 
26.60000000000078 2.613181249788261 2.999232159463526 -0.3860509096752649 0.1351178183863427 1.9120828930990623 0.010782199550172927 0.0 0.0 0.0 
26.62500000000078 2.6291412479524725 3.043164316459391 -0.4140230685069186 0.1449080739774215 1.8702306552444374 0.01672508680693921 0.0 0.0 0.0 
26.640000000000782 2.6445664999711846 3.0700509727162175 -0.42548447274503287 0.1489195654607615 1.8333783037728757 0.020234991396417604 0.0 0.0 0.0 
26.655000000000783 2.652111202307875 3.096240783880516 -0.44412958157264093 0.15544535355042433 1.8045338116567406 0.025795423901259162 0.0 0.0 0.0 
26.685000000000784 2.663757173195491 3.1460602861482085 -0.4823031129527173 0.16880608953345105 1.7710346256705976 0.0292774785691656 0.0 0.0 0.0 
26.700000000000784 2.6724195014392853 3.1714540791873476 -0.49903457774806226 0.17466210221182177 1.7349493124790476 0.03412417851791807 0.0 0.0 0.0 
26.710000000000786 2.6719999055930863 3.1873205939074576 -0.5153206883143713 0.18036224091002995 1.6885452889235528 0.0442452608675131 0.0 0.0 0.0 
26.740000000000787 2.6814885043264343 3.235422513773461 -0.5539340094470266 0.19387690330645932 1.6666237546368652 0.04853646175610132 0.0 0.0 0.0 
26.75000000000079 2.6833238957966357 3.250935033452099 -0.5676111376554633 0.19866389817941216 1.6233671754501091 0.05347506911442484 0.0 0.0 0.0 
26.78000000000079 2.6844149295526947 3.2984507783435197 -0.6140358487908251 0.21491254707678875 1.6110048953705414 0.05752194285946027 0.0 0.0 0.0 
26.805000000000792 2.681856759211987 3.3373782014161657 -0.6555214422041789 0.22943250477146257 1.595601023277528 0.06353565830578295 0.0 0.0 0.0 
26.805000000000792 2.681856759211987 3.3373782014161657 -0.6555214422041789 0.22943250477146257 1.595601023277528 0.06353565830578295 0.0 0.0 0.0 
26.835000000000793 2.688484093131916 3.3825193003632887 -0.6940352072313729 0.2429123225309805 1.5733111745334505 0.06903869134970038 0.0 0.0 0.0 
26.845000000000795 2.6870940396243657 3.398245201869083 -0.7111511622447173 0.24890290678565105 1.5529371294474639 0.0765016762992835 0.0 0.0 0.0 
26.880000000000795 2.691640634885935 3.4527334298203924 -0.7610927949344575 0.26638247822706007 1.551959779984496 0.0796084379502726 0.0 0.0 0.0 
26.895000000000795 2.6965213301015925 3.476413319287663 -0.7798919891860705 0.27296219621512463 1.5566765865164987 0.08884567046953613 0.0 0.0 0.0 
26.920000000000798 2.7041128644787227 3.515527875194781 -0.8114150107160585 0.28399525375062046 1.5591335809800968 0.09495144596634864 0.0 0.0 0.0 
26.935000000000798 2.706720307774095 3.540436512672783 -0.8337162048986881 0.2918006717145408 1.5809143714933676 0.10332403704399051 0.0 0.0 0.0 
26.9600000000008 2.7133486131115867 3.580526153471893 -0.8671775403603061 0.30351213912610714 1.5894585152168808 0.11026277820422395 0.0 0.0 0.0 
26.985000000000802 2.7248470153800914 3.6213454408553782 -0.8964984254752868 0.31377444891635037 1.6008139971680264 0.12022768653463534 0.0 0.0 0.0 
27.000000000000803 2.7357821244512435 3.6454155997958555 -0.909633475344612 0.3183717163706142 1.607321363921634 0.13044559047046597 0.0 0.0 0.0 
27.025000000000805 2.7476046812814015 3.687157831937382 -0.9395531506559807 0.32884360272959323 1.621131955139621 0.14125007364637998 0.0 0.0 0.0 
27.040000000000806 2.7588623316026526 3.7125154303191703 -0.9536530987165177 0.3337785845507812 1.642143152117045 0.15311558420499696 0.0 0.0 0.0 
27.060000000000805 2.772129684699372 3.7450749258308353 -0.9729452411314634 0.34053083439601217 1.6440409711832125 0.16180685935808226 0.0 0.0 0.0 
27.085000000000807 2.7878406977331958 3.785453026012535 -0.9976123282793394 0.3491643148977688 1.6386445582043627 0.17376363004939105 0.0 0.0 0.0 
27.100000000000808 2.8049067544626234 3.809209438107826 -1.0043026836452027 0.3515059392758209 1.6248099069108901 0.18984382850899512 0.0 0.0 0.0 
27.12500000000081 2.8204393655015565 3.8482224843434563 -1.0277831188418998 0.3597240915946649 1.6092805860602488 0.20552412563018718 0.0 0.0 0.0 
27.14000000000081 2.83222346734944 3.871483778214298 -1.039260310864858 0.3637411088027003 1.5895993687105354 0.22360740117593342 0.0 0.0 0.0 
27.15500000000081 2.8526114980499924 3.8944900956106117 -1.0418785975606193 0.36465750914621675 1.572337213148584 0.23676811427297037 0.0 0.0 0.0 
27.180000000000813 2.875021312098349 3.931639543109533 -1.0566182310111838 0.36981638085391433 1.551716370992737 0.2468904210091021 0.0 0.0 0.0 
27.190000000000815 2.882266564437759 3.945847076910915 -1.0635805124731559 0.37225317936560454 1.5096018534642972 0.2618065283389867 0.0 0.0 0.0 
27.220000000000816 2.909091332114533 3.9895889837896528 -1.08049765167512 0.37817417808629195 1.4949188023851272 0.2723568975336802 0.0 0.0 0.0 
27.245000000000818 2.933262486336698 4.024532980376689 -1.0912704940399909 0.3819446729139968 1.46991416971537 0.2840178973019741 0.0 0.0 0.0 
27.26000000000082 2.9520797336511277 4.045039740928242 -1.0929600072771146 0.3825360025469901 1.4364913154896284 0.29795358297257046 0.0 0.0 0.0 
27.27500000000082 2.965426661689415 4.064605828799352 -1.099179167109937 0.3847127084884779 1.399633596959661 0.3042700455266572 0.0 0.0 0.0 
27.30500000000082 2.996070575422646 4.104204851875924 -1.1081342764532778 0.3878469967586472 1.3779264694145203 0.3153163970172471 0.0 0.0 0.0 
27.32000000000082 3.009521791786954 4.1229093551579705 -1.1133875633710164 0.3896856471798557 1.3382743415008906 0.325535150818558 0.0 0.0 0.0 
27.345000000000823 3.0307358110098517 4.154719654187403 -1.1239838431775513 0.39339434511214294 1.3177403482690175 0.3324072618681359 0.0 0.0 0.0 
27.345000000000823 3.0307358110098517 4.154719654187403 -1.1239838431775513 0.39339434511214294 1.3177403482690175 0.3324072618681359 0.0 0.0 0.0 
27.385000000000826 3.0668390155382 4.2035623868292085 -1.1367233712910085 0.397853179951853 1.2942820536482647 0.3399073915353156 0.0 0.0 0.0 
27.400000000000826 3.0826642641671618 4.220364332306444 -1.137700068139282 0.39819502384874866 1.2400931773997552 0.35095008877090067 0.0 0.0 0.0 
27.410000000000828 3.0900002601772636 4.231845357633773 -1.1418450974565095 0.3996457841097783 1.1968768692569245 0.35721361701838866 0.0 0.0 0.0 
27.44000000000083 3.1247066380195063 4.265936904049761 -1.141230266030255 0.3994305931105892 1.1802695971359058 0.3599391258208522 0.0 0.0 0.0 
27.45500000000083 3.1319140804617374 4.2823965885621025 -1.1504825081003651 0.4026688778351278 1.1534233449992695 0.3612046773113347 0.0 0.0 0.0 
27.48500000000083 -3.1273681271055804 4.314882686465151 -1.159065506391146 0.40567292723690107 1.1350757828468216 0.3642870990830307 0.0 0.0 0.0 
27.510000000000833 -3.10124411696424 4.3409409242717505 -1.1589997340564047 0.4056499069197416 1.1096344979924375 0.3691345618682568 0.0 0.0 0.0 
27.510000000000833 -3.10124411696424 4.3409409242717505 -1.1589997340564047 0.4056499069197416 1.1096344979924375 0.3691345618682568 0.0 0.0 0.0 
27.540000000000834 -3.071265646955124 4.370810310167786 -1.1588906499433236 0.4056117274801632 1.0801385430568262 0.3709627464771799 0.0 0.0 0.0 
27.550000000000836 -3.0640142266771555 4.381383461240862 -1.1622123807384312 0.4067743332584509 1.048749218213507 0.3687306375504141 0.0 0.0 0.0 
27.580000000000837 -3.04421868111671 4.411719263189795 -1.1727526371269192 0.41046342299442173 1.0379790744255262 0.3706817755729805 0.0 0.0 0.0 
27.60500000000084 -3.0219543460937106 4.434981078491748 -1.1737501174058718 0.4108125410920551 1.0122994536051217 0.3759140644441088 0.0 0.0 0.0 
27.62000000000084 -3.006708242914367 4.450094852920218 -1.1736177886549992 0.4107662260292497 0.9983979602041373 0.37844994864408604 0.0 0.0 0.0 
27.63500000000084 -2.9884700804016204 4.463757205425815 -1.169041978647849 0.40916469252674714 0.9764589303345573 0.3783118140829805 0.0 0.0 0.0 
27.64500000000084 -2.9833684802471074 4.473072582300109 -1.17325575536763 0.41063951437867047 0.9574075438429044 0.3790308603434491 0.0 0.0 0.0 
27.66500000000084 -2.9677436909675476 4.491885346380869 -1.1764437301688302 0.41175530555909057 0.9511302303255539 0.3771711135981476 0.0 0.0 0.0 
27.695000000000842 -2.9404730733854527 4.51803558748486 -1.175323353690727 0.41136317379175447 0.9337745612438987 0.37716722154698173 0.0 0.0 0.0 
27.720000000000844 -2.9187129301324712 4.540210685500748 -1.1757383084536333 0.41150840795877164 0.9180033986440422 0.37617873024475035 0.0 0.0 0.0 
27.745000000000847 -2.8926445101383265 4.561890575057159 -1.1713497780159 0.40997242230556497 0.9029440391390842 0.3750702964192311 0.0 0.0 0.0 
27.745000000000847 -2.8926445101383265 4.561890575057159 -1.1713497780159 0.40997242230556497 0.9029440391390842 0.3750702964192311 0.0 0.0 0.0 
27.775000000000848 -2.865677648412193 4.586883644043933 -1.16937598527654 0.40928159484678894 0.8850048733322617 0.37480262817696014 0.0 0.0 0.0 
27.80000000000085 -2.8474251132448445 4.606991347116921 -1.1712311531821786 0.4099309036137625 0.8621518641857877 0.3717671697363567 0.0 0.0 0.0 
27.81000000000085 -2.8419958210100225 4.614728404176789 -1.1735389180072255 0.4107386213025289 0.8269589289834584 0.36555466279718646 0.0 0.0 0.0 
27.840000000000853 -2.8138044741907193 4.638455633003036 -1.1690748000141689 0.4091761800049591 0.8161099194752337 0.36260797261388894 0.0 0.0 0.0 
27.855000000000853 -2.799938101839215 4.650225094035599 -1.166977888695227 0.40844226104332937 0.8031717339686089 0.359408842475262 0.0 0.0 0.0 
27.870000000000854 -2.7860892145753997 4.661787149361514 -1.1646910567573272 0.4076418698650645 0.7927034036240596 0.3502649113339629 0.0 0.0 0.0 
27.900000000000855 -2.7633179886129975 4.684549601614398 -1.1646822830478092 0.40763879906673317 0.7842441821325371 0.34873828690835545 0.0 0.0 0.0 
27.925000000000857 -2.7445498564779784 4.700911604529113 -1.1622761538275048 0.40679665383962665 0.7548962614584528 0.34334715239606667 0.0 0.0 0.0 
27.940000000000857 -2.7324023623940756 4.710030148121729 -1.1592472033362178 0.4057365211676762 0.7103338636735786 0.33580166825635216 0.0 0.0 0.0 
27.95000000000086 -2.730213128998514 4.716001559280313 -1.163029381099241 0.4070602833847343 0.6671921442461056 0.3311344835260494 0.0 0.0 0.0 
27.98000000000086 -2.6955978667388876 4.732552020140532 -1.144964579699833 0.4007376028949415 0.6394512224671391 0.3224643574580156 0.0 0.0 0.0 
28.025000000000862 -2.663157283646158 4.754952793361218 -1.1349247698277898 0.3972236694397264 0.6051714101852008 0.31754332875484037 0.0 0.0 0.0 
28.025000000000862 -2.663157283646158 4.754952793361218 -1.1349247698277898 0.3972236694397264 0.6051714101852008 0.31754332875484037 0.0 0.0 0.0 
28.04500000000086 -2.6403787879771325 4.764318148065419 -1.1215116288629652 0.3925290701020378 0.5541167187683373 0.3086373555245181 0.0 0.0 0.0 
28.06500000000086 -2.628502221711581 4.772608776410806 -1.1179256909428013 0.3912739918299804 0.510406651061192 0.29908053667332574 0.0 0.0 0.0 
28.08500000000086 -2.6109296947862735 4.780836823743696 -1.1085812113503835 0.3880034239726342 0.47713598798540585 0.28997788668072877 0.0 0.0 0.0 
28.08500000000086 -2.6109296947862735 4.780836823743696 -1.1085812113503835 0.3880034239726342 0.47713598798540585 0.28997788668072877 0.0 0.0 0.0 
28.11500000000086 -2.5762328336468516 4.79220557434556 -1.0852531008128246 0.37983858528448855 0.4505454332606529 0.27975380228726743 0.0 0.0 0.0 
28.140000000000864 -2.5602752501278148 4.801235802970928 -1.078325745919157 0.37741401107170497 0.42280246352576556 0.2711817296386206 0.0 0.0 0.0 
28.150000000000865 -2.5423516675709976 4.804330221068543 -1.0634965814599546 0.3722238035109841 0.3788663102764863 0.2587068408000091 0.0 0.0 0.0 
28.180000000000867 -2.5153392655006397 4.81427535136932 -1.0464293096903727 0.36625025839163045 0.3648452831897678 0.2490194172694165 0.0 0.0 0.0 
28.190000000000868 -2.5086700225598677 4.8171970711298595 -1.0426817865101405 0.36493862527854914 0.33740485641356327 0.2360914518002261 0.0 0.0 0.0 
28.22000000000087 -2.482243697708232 4.824764633635867 -1.0238230241645132 0.3583380584575796 0.3173945102054337 0.2296313785520492 0.0 0.0 0.0 
28.24500000000087 -2.4586051149856125 4.831270265701166 -1.0066900735071922 0.35234152572751726 0.2985539859441966 0.2198407275166227 0.0 0.0 0.0 
28.24500000000087 -2.4586051149856125 4.831270265701166 -1.0066900735071922 0.35234152572751726 0.2985539859441966 0.2198407275166227 0.0 0.0 0.0 
28.28000000000087 -2.4315710088159563 4.837581430946436 -0.9859671325828057 0.345088496403982 0.2705405037173993 0.2094082106366089 0.0 0.0 0.0 
28.305000000000874 -2.4053272999685524 4.842083269836153 -0.9642252626251189 0.33747884191879157 0.2403572369982846 0.19725373077630803 0.0 0.0 0.0 
28.320000000000874 -2.395161686360463 4.843931320569217 -0.9559076997500942 0.3345676949125329 0.20141618443160395 0.17932084264753653 0.0 0.0 0.0 
28.335000000000875 -2.3860194464720945 4.8458404104213795 -0.9486745497138873 0.33203609239986054 0.17462245168697493 0.1667630572963565 0.0 0.0 0.0 
28.360000000000877 -2.3634098336425886 4.848220089253196 -0.9284446157161987 0.32495561550066954 0.1536737412649282 0.1576621944710635 0.0 0.0 0.0 
28.38500000000088 -2.3415009907508044 4.850114361667215 -0.9084300452384326 0.3179505158334514 0.13156143030966058 0.14540316027819902 0.0 0.0 0.0 
28.41000000000088 -2.322904612721301 4.851402086016275 -0.8911213915579896 0.3118924870452964 0.10866183383537324 0.13016375188041202 0.0 0.0 0.0 
28.425000000000882 -2.304939599402701 4.851842387294846 -0.873596679517961 0.3057588378312863 0.08105666652196618 0.1112783047565365 0.0 0.0 0.0 
28.425000000000882 -2.304939599402701 4.851842387294846 -0.873596679517961 0.3057588378312863 0.08105666652196618 0.1112783047565365 0.0 0.0 0.0 
28.460000000000882 -2.276971326932835 4.85251504337658 -0.8463010631298289 0.29620537209544007 0.06495567469031031 0.09860785986443832 0.0 0.0 0.0 
28.485000000000884 -2.2652772504149223 4.8516807284662065 -0.8337726717015421 0.29182043509553973 0.03822542975079168 0.08041343549237549 0.0 0.0 0.0 
28.500000000000885 -2.248019317767626 4.851028421698089 -0.8158624322861296 0.2855518513001454 0.008202140366334182 0.06067747329058011 0.0 0.0 0.0 
28.510000000000886 -2.241559406548613 4.8509178234819705 -0.8092919228509974 0.28325217299784905 -0.009321474492449251 0.043301768967101376 0.0 0.0 0.0 
28.540000000000887 -2.226872014877775 4.848900734657016 -0.7925874423552042 0.2774056048243214 -0.022816189974435068 0.036499287100848286 0.0 0.0 0.0 
28.55000000000089 -2.219044989973565 4.848542459745972 -0.7844021425399514 0.27454074988898297 -0.03769743275314474 0.01633781222413376 0.0 0.0 0.0 
28.58000000000089 -2.195149928977218 4.8450046067603445 -0.7569692285579759 0.2649392299952915 -0.0554447355871379 0.000592274143921493 0.0 0.0 0.0 
28.59000000000089 -2.1873234004761732 4.8434982122298305 -0.7476363055264175 0.2537059545061818 -0.09082734319549357 -0.01866237245815306 0.0 0.0 0.0 
28.605000000000892 -2.176319986288654 4.8419083551138495 -0.7350430342229171 0.24183077979939938 -0.1010333697985017 -0.032503021841080205 0.0 0.0 0.0 
28.645000000000895 -2.1443980207712676 4.835991667680423 -0.6972043812721047 0.220315401172149 -0.11168508868880402 -0.04516142655800927 0.0 0.0 0.0 
28.665000000000894 -2.141349953041952 4.833196093855572 -0.691360739717938 0.2027137169714548 -0.12381833313456586 -0.06746765292354173 0.0 0.0 0.0 
28.680000000000895 -2.1265065921036452 4.831309783528929 -0.6746310684529879 0.1812875233130201 -0.12910405201095773 -0.09036641506125333 0.0 0.0 0.0 
28.690000000000897 -2.1218851796470157 4.829647782655586 -0.6683476551230161 0.16387972478896706 -0.13901439410408448 -0.10720144203448596 0.0 0.0 0.0 
28.720000000000898 -2.0975149178793844 4.824471236594311 -0.6388008472941094 0.13989403711936615 -0.14680495803933624 -0.12128736897806267 0.0 0.0 0.0 
28.7300000000009 -2.0962510612753174 4.8230037280972935 -0.6360694821930242 0.11967345155239142 -0.15386393787221514 -0.14236240236621278 0.0 0.0 0.0 
28.7600000000009 -2.0857155325579395 4.817705175899288 -0.6202354012776414 0.10094996572423282 -0.1591834982561073 -0.15522354268808827 0.0 0.0 0.0 
28.785000000000903 -2.066833642185096 4.812579741083493 -0.5962280760890026 0.07217985911486094 -0.17039586228653725 -0.17044161689339515 0.0 0.0 0.0 
28.800000000000903 -2.056186120025782 4.808351534497105 -0.5813523473433015 0.024412244327219224 -0.19862438928841877 -0.19180978568411725 0.0 0.0 0.0 
28.810000000000905 -2.0515428991659985 4.80624682295727 -0.574604414943682 -0.008548030845214494 -0.2138320532662679 -0.20861428284584227 0.0 0.0 0.0 
28.840000000000906 -2.033775265770359 4.798836908551207 -0.54942686714198 -0.03452293256248132 -0.2220814241718706 -0.21730800620785562 0.0 0.0 0.0 
28.840000000000906 -2.033775265770359 4.798836908551207 -0.54942686714198 -0.03452293256248132 -0.2220814241718706 -0.21730800620785562 0.0 0.0 0.0 
28.885000000000908 -2.019947420147292 4.785155071254497 -0.5219171842222021 -0.08062076172238042 -0.24034182674489055 -0.2330827205975995 0.0 0.0 0.0 
28.900000000000908 -2.0117021938849162 4.7797611767743025 -0.5082780634796329 -0.16150919020212348 -0.2810614976466903 -0.25693363261551916 0.0 0.0 0.0 
28.91500000000091 -2.01599396564394 4.774472319191355 -0.507280977655709 -0.2178498744003107 -0.3078638221908132 -0.27326133848627954 0.0 0.0 0.0 
28.94000000000091 -2.0143716765102235 4.764194025298238 -0.4953803946288753 -0.27393924716208373 -0.33364020063617483 -0.28526231374540184 0.0 0.0 0.0 
28.950000000000912 -2.000633538877526 4.759925864189108 -0.47737409588704693 -0.3600534065336507 -0.37200170866652693 -0.30149389091585194 0.0 0.0 0.0 
28.980000000000913 -2.0052688039136033 4.747214075478001 -0.4692975722120183 -0.40170515539934515 -0.3863440551879146 -0.3116829984325613 0.0 0.0 0.0 
28.995000000000914 -2.0132763636155815 4.740570908994733 -0.470661965430728 -0.45407889919362565 -0.4064692511819228 -0.3239158353516632 0.0 0.0 0.0 
29.020000000000916 -2.017038583065136 4.728692420470853 -0.4625456963564032 -0.5071394431838786 -0.4240277079339104 -0.33570188647225263 0.0 0.0 0.0 
29.035000000000917 -2.022636748607875 4.72176121272487 -0.46121265415315804 -0.5754238059734353 -0.4405857902605323 -0.3558358523195584 0.0 0.0 0.0 
29.050000000000917 -2.0257878577076833 4.713554522078395 -0.4561570726064925 -0.6 -0.46716631136397996 -0.36792737787339796 0.0 0.0 0.0 
29.065000000000918 -2.035802994673865 4.706145287477831 -0.45876297497211027 -0.6 -0.4806304080541758 -0.37607662425904065 0.0 0.0 0.0 
29.09500000000092 -2.0523939624476943 4.6911198206650475 -0.4603284759331556 -0.6 -0.48676109603388296 -0.38546337625163507 0.0 0.0 0.0 
29.12000000000092 -2.0673158832908487 4.676131984486437 -0.4602625605977 -0.6 -0.5118188868703892 -0.39871292306177136 0.0 0.0 0.0 
29.13500000000092 -2.0746565067472704 4.668458842629655 -0.4599300421973389 -0.6 -0.5243962802257621 -0.41249803574119304 0.0 0.0 0.0 
29.160000000000924 -2.0982755778209734 4.65272998035202 -0.46782025099340707 -0.6 -0.5478926148228805 -0.4246583330313781 0.0 0.0 0.0 
29.185000000000926 -2.128347828377308 4.637134331161134 -0.48229685235885533 -0.6 -0.5703767599830415 -0.4370623982015739 0.0 0.0 0.0 
29.185000000000926 -2.128347828377308 4.637134331161134 -0.48229685235885533 -0.6 -0.5703767599830415 -0.4370623982015739 0.0 0.0 0.0 
29.215000000000927 -2.1539886046232906 4.618461122293581 -0.4892644197372853 -0.6 -0.5865875042015735 -0.4476382275254805 0.0 0.0 0.0 
29.24000000000093 -2.1894989083644254 4.60142199183122 -0.5077355930160596 -0.6 -0.611704991497197 -0.45922997278165756 0.0 0.0 0.0 
29.26000000000093 -2.2083255631936662 4.587474699281714 -0.5126149552957937 -0.6 -0.638548617666428 -0.4709039269136436 0.0 0.0 0.0 
29.28500000000093 -2.241129756251972 4.5673179210955475 -0.5252623701679333 -0.6 -0.6790085834298613 -0.48045355447349375 0.0 0.0 0.0 
29.30000000000093 -2.268275957787068 4.557497177005857 -0.5425878276133389 -0.6 -0.6944879565685314 -0.48577702562610503 0.0 0.0 0.0 
29.325000000000934 -2.2991299125952507 4.536755411753647 -0.552700017169311 -0.6 -0.7246719501309598 -0.4905287750307427 0.0 0.0 0.0 
29.335000000000935 -2.3173282773181256 4.5281253144853935 -0.5622682846239329 -0.6 -0.7755119950431231 -0.4975907313329315 0.0 0.0 0.0 
29.365000000000936 -2.3510036005853308 4.503141371734779 -0.5709596651405242 -0.6 -0.79223880080884 -0.49950394558891736 0.0 0.0 0.0 
29.380000000000937 -2.3759360853228864 4.489764105581628 -0.5825148837249277 -0.6 -0.8225232542008446 -0.4998516902216872 0.0 0.0 0.0 
29.39000000000094 -2.393636987446758 4.480692995116911 -0.5911446753840828 -0.6 -0.8533938528622831 -0.5115099938834481 0.0 0.0 0.0 
29.40500000000094 -2.417688566629401 4.466720829593983 -0.6012240890437983 -0.6 -0.8754314029472449 -0.5103670446354456 0.0 0.0 0.0 
29.43500000000094 -2.4586433103201686 4.439402644768586 -0.6148606479091683 -0.6 -0.8858874708722004 -0.508389276253972 0.0 0.0 0.0 
29.44500000000094 -2.484874642890315 4.429949425968957 -0.6316387616796852 -0.6 -0.9074118203549462 -0.5086298537107469 0.0 0.0 0.0 
29.480000000000942 -2.5262371719542402 4.394697835249442 -0.6377497000240959 -0.6 -0.929476877529841 -0.5078111842794217 0.0 0.0 0.0 
29.505000000000944 -2.5560009910529904 4.369151126112896 -0.6419668099863003 -0.6 -0.9575307055496215 -0.5050322901709453 0.0 0.0 0.0 
29.520000000000945 -2.5833393297692417 4.35569994159097 -0.6558539641806256 -0.6 -0.9593655336817835 -0.5021072976567378 0.0 0.0 0.0 
29.545000000000947 -2.6227300362093477 4.329963829879034 -0.6695085589087952 -0.6 -0.9738895392838725 -0.5018638837326322 0.0 0.0 0.0 
29.560000000000947 -2.6381840936379417 4.315002667201189 -0.6700014536595447 -0.6 -0.98597512322084 -0.5034556939963543 0.0 0.0 0.0 
29.58500000000095 -2.6807639152708274 4.2892026215253365 -0.6867812296165781 -0.6 -0.9974890642275697 -0.5055247163514126 0.0 0.0 0.0 
29.60000000000095 -2.6925082730700467 4.274343159160081 -0.6836661250505411 -0.6 -1.001905215909996 -0.5067079269568209 0.0 0.0 0.0 
29.625000000000952 -2.7293719057446983 4.248272772101902 -0.6944593706670137 -0.6 -1.0109910763898164 -0.5070660361968898 0.0 0.0 0.0 
29.640000000000953 -2.757554654143297 4.233147914530289 -0.7075172614939991 -0.6 -1.0150317486295566 -0.5083657347573155 0.0 0.0 0.0 
29.655000000000953 -2.7680939936541464 4.217194737671512 -0.7021034241460722 -0.6 -1.0260780104780602 -0.5107836747116689 0.0 0.0 0.0 
29.685000000000954 -2.804818690961049 4.186691740381734 -0.7083251241631974 -0.6 -1.025863192166836 -0.515314555098253 0.0 0.0 0.0 
29.700000000000955 -2.8255544994108077 4.170850046283492 -0.7132192385147142 -0.6 -1.0318588010010201 -0.5224368705552239 0.0 0.0 0.0 
29.710000000000957 -2.839688506920989 4.1600397470224655 -0.7165429467638678 -0.6 -1.0445364613425894 -0.5241061892808414 0.0 0.0 0.0 
29.740000000000958 -2.8772932564259825 4.1270928267024365 -0.7212007759488328 -0.6 -1.0566878708320118 -0.5276254027365215 0.0 0.0 0.0 
29.76500000000096 -2.9127475427753113 4.0991211971007395 -0.7286834326964646 -0.6 -1.0736897384069128 -0.5332431843698839 0.0 0.0 0.0 
29.78000000000096 -2.9370120493839322 4.080890379145124 -0.7347171213494708 -0.6 -1.1109553836826587 -0.5384411360206296 0.0 0.0 0.0 
29.805000000000963 -2.964397175514832 4.052178639763215 -0.7333905080984611 -0.6 -1.1253157220979126 -0.5410120924426645 0.0 0.0 0.0 
29.830000000000965 -2.999760279949995 4.020675046548341 -0.7372500193187497 -0.6 -1.1569623957841622 -0.5434467120413468 0.0 0.0 0.0 
29.840000000000966 -3.012814683267654 4.008169816696283 -0.737799192784351 -0.6 -1.1998412121172342 -0.5453057530322842 0.0 0.0 0.0 
29.860000000000966 -3.0377565827956015 3.9807676329063124 -0.7353389085223281 -0.6 -1.2408058985073291 -0.5501173159130508 0.0 0.0 0.0 
29.875000000000966 -3.056177874499081 3.9584694029232415 -0.7314619702427363 -0.6 -1.3070912323417094 -0.5503845757170985 0.0 0.0 0.0 
29.905000000000967 -3.089373304441132 3.9137544909217703 -0.7199424881833156 -0.6 -1.3542565705448804 -0.5548803876850439 0.0 0.0 0.0 
29.91500000000097 -3.1046991710090746 3.8933469159232303 -0.7148607797527191 -0.6 -1.5360755531492771 -0.5556323746039917 0.0 0.0 0.0 
29.94500000000097 3.138973815271344 3.833783063773764 -0.6948092485024202 -0.6 -1.6454096697247094 -0.557181585617203 0.0 0.0 0.0 
29.96000000000097 3.1217083989864896 3.7977217909728416 -0.676013391986352 -0.6 -1.8651885349460289 -0.5576793933460924 0.0 0.0 0.0 
29.970000000000972 3.1093820306418456 3.769663324405236 -0.6602812937633904 -0.6 -2.1553964647075423 -0.5546133460881599 0.0 0.0 0.0 
30.000000000000973 3.0755311616427945 3.6621202799795927 -0.5865891183367982 -0.6 -2.4741068633949537 -0.5522832941202039 0.0 0.0 0.0 
30.025000000000976 3.04664787145786 3.533610597462087 -0.48696272600422663 -0.6 -3.129720526672708 -0.5450225159138652 0.0 0.0 0.0 
30.035000000000977 3.030693130121956 3.457191502870582 -0.4264983727486258 -0.6 -4.539246618352981 -0.527964533752143 0.0 0.0 0.0 
30.06500000000098 2.991880327422917 3.11200675739731 -0.12012642997439293 -0.6 -6.092173424325445 -0.5069015417751397 0.0 0.0 0.0 
30.08000000000098 2.9797878284989414 2.8436141623897333 0.1361736661092081 -0.6 -9.421329056115027 -0.45373478413900986 0.0 0.0 0.0 
30.11000000000098 2.9432317567033794 2.105617273847517 0.8376144828558623 -0.6 -12.998523709219679 -0.3602946484079974 0.0 0.0 0.0 
30.12000000000098 2.9372113287160646 1.9010398736186147 1.03617145509745 -0.6 -17.75531916042941 -0.153480957901071 0.0 0.0 0.0 
30.135000000000982 2.9143900186315013 1.6606428632901347 1.2537471553413666 0.6 -18.364513752537555 -0.011065081589622217 0.0 0.0 0.0 
30.150000000000983 2.893264215782071 1.4880801636873295 1.4051840520947416 0.6 -17.159577526399193 0.121640559576698 0.0 0.0 0.0 
30.180000000000984 2.86443366234754 1.2680628523003088 1.5963708100472311 0.6 -14.987633324962264 0.21286972270429916 0.0 0.0 0.0 
30.190000000000985 2.85287191619145 1.218853107531073 1.6340188086603773 0.6 -10.978095545430499 0.3569125909411857 0.0 0.0 0.0 
30.220000000000987 2.830893677773412 1.103547801218491 1.7273458765549212 0.6 -9.129046955654553 0.4049561428064562 0.0 0.0 0.0 
30.24500000000099 2.816608255116917 1.0348277407051025 1.7817805144118144 0.6 -7.1658427992042695 0.450233854717521 0.0 0.0 0.0 
30.265000000000988 2.8138351763761795 0.9873197365314921 1.8265154398446874 0.6 -5.453441602965378 0.48849643319010105 0.0 0.0 0.0 
30.29000000000099 2.8124483084027974 0.9408044949310018 1.8716438134717954 0.6 -4.311492045839061 0.5117469882471671 0.0 0.0 0.0 
30.29000000000099 2.8124483084027974 0.9408044949310018 1.8716438134717954 0.6 -4.311492045839061 0.5117469882471671 0.0 0.0 0.0 
30.30500000000099 2.813238121971651 0.9157140540617336 1.8975240679099175 0.6 -3.20140295657388 0.5370356138120616 0.0 0.0 0.0 
30.335000000000992 2.8312782738152062 0.8709069985227927 1.9603712752924136 0.6 -2.68766550800415 0.549745781900789 0.0 0.0 0.0 
30.360000000000994 2.8430677057134415 0.8394671638179201 2.0036005418955214 0.6 -2.2115892099119527 0.5624975152330232 0.0 0.0 0.0 
30.385000000000996 2.86255153842103 0.8101982877433005 2.0523532506777293 0.6 -1.856807210936292 0.5714782055106037 0.0 0.0 0.0 
30.400000000000997 2.8769082609602994 0.7928749836591138 2.0840332773011854 0.6 -1.5357990980412999 0.5817619471250192 0.0 0.0 0.0 
30.425000000001 2.9055515692131526 0.7678174151786333 2.1377341540345194 0.6 -1.3695031128893724 0.5852097011926061 0.0 0.0 0.0 
30.425000000001 2.9055515692131526 0.7678174151786333 2.1377341540345194 0.6 -1.3695031128893724 0.5852097011926061 0.0 0.0 0.0 
30.460000000001 2.94541453222566 0.7372925675388018 2.208121964686858 -0.6 -1.2328549685108263 0.588277779282666 0.0 0.0 0.0 
30.475000000001 2.9648236338029923 0.7252012824902584 2.239622351312734 -0.6 -1.0499833703021935 0.5913339032877917 0.0 0.0 0.0 
30.500000000001002 2.9976565816444998 0.7063635407207962 2.2912930409237036 -0.6 -0.9567562510737643 0.5915423594682107 0.0 0.0 0.0 
30.515000000001002 3.0161592159776167 0.6955219974761011 2.3206372185015156 -0.6 -0.8623719380903692 0.5929449970001534 0.0 0.0 0.0 
30.540000000001005 3.040132001867095 0.6783200686790224 2.361811933188073 -0.6 -0.8099464910769095 0.5936008569914508 0.0 0.0 0.0 
