16.75499999999986 -0.7957459775939308 0.442750400387682 -1.2384963779816127 0.4546546060046946 0.06912153165852732 -0.06519775772579518 0.0 0.0 0.0 
16.75499999999986 -0.7957459775939308 0.442750400387682 -1.2384963779816127 0.4546546060046946 0.06912153165852732 -0.06519775772579518 0.0 0.0 0.0 
16.764999999999862 -0.7937661020829895 0.4463719690629725 -1.240138071145962 0.5488812308986769 0.15982508216234959 -0.15287045600363391 0.0 0.0 0.0 
16.799999999999862 -0.7870457529471138 0.46020233006072364 -1.2472480830078374 0.6 0.2153183985192938 -0.195257350873158 0.0 0.0 0.0 
16.814999999999863 -0.7786227734310286 0.4669383570886217 -1.2455611305196503 0.6 0.3018218201576995 -0.2549250242171536 0.0 0.0 0.0 
16.839999999999865 -0.7647361929245726 0.4788689621322608 -1.2436051550568334 0.6 0.35304117345660396 -0.2845756757392364 0.0 0.0 0.0 
16.864999999999867 -0.7542607809906112 0.4912748952831123 -1.2455356762737235 0.6 0.39753224872644866 -0.30208210874240793 0.0 0.0 0.0 
16.864999999999867 -0.7542607809906112 0.4912748952831123 -1.2455356762737235 0.6 0.39753224872644866 -0.30208210874240793 0.0 0.0 0.0 
16.894999999999868 -0.7318044979659052 0.5075311832476987 -1.2393356812136038 0.6 0.4379773706779047 -0.3137230995646513 0.0 0.0 0.0 
16.91999999999987 -0.7146334868425364 0.5213500754436038 -1.2359835622861401 0.6 0.47590155917082827 -0.32016653040856763 0.0 0.0 0.0 
16.93499999999987 -0.6959771222985724 0.5299700363632556 -1.225947158661828 0.6 0.5150210775525466 -0.3272118137213318 0.0 0.0 0.0 
16.944999999999872 -0.6836306428153531 0.5361061149297097 -1.2197367577450628 0.6 0.5527353817845355 -0.327663416853729 0.0 0.0 0.0 
16.974999999999874 -0.6479554143196309 0.5543488846008089 -1.2023042989204398 0.6 0.5677480212631408 -0.3276952663329312 0.0 0.0 0.0 
16.989999999999874 -0.6274314519123868 0.5635354172601056 -1.1909668691724924 0.6 0.5858798847424119 -0.32263192818735825 0.0 0.0 0.0 
17.004999999999875 -0.6125572308249384 0.5728178447988957 -1.1853750756238342 0.6 0.5980368685582158 -0.3212961434998161 0.0 0.0 0.0 
17.064999999999877 -0.5272004086164666 0.611839859148628 -1.1390402677650946 0.6 0.6095530730065889 -0.3190492290128299 0.0 0.0 0.0 
17.079999999999878 -0.5081927263057306 0.6216986146751721 -1.1298913409809028 0.6 0.6331463827136246 -0.31405643477084855 0.0 0.0 0.0 
17.079999999999878 -0.5081927263057306 0.6216986146751721 -1.1298913409809028 0.6 0.6331463827136246 -0.31405643477084855 0.0 0.0 0.0 
17.094999999999878 -0.48685695658368927 0.6317912736239953 -1.1186482302076846 0.6 0.6483221122096036 -0.30853067092451736 0.0 0.0 0.0 
17.10999999999988 -0.46017537369097034 0.6418466835234907 -1.102022057214461 0.6 0.6573755763028748 -0.30146291722906515 0.0 0.0 0.0 
17.13999999999988 -0.41368669259001534 0.6626081306810937 -1.076294823271109 0.6 0.6657661268594648 -0.3005638368807811 0.0 0.0 0.0 
17.15499999999988 -0.39278953287268203 0.6732539438591127 -1.0660434767317948 0.6 0.6797432471604117 -0.3018722713265264 0.0 0.0 0.0 
17.179999999999882 -0.35849150629987586 0.6907397782074631 -1.049231284507339 0.6 0.686267345166676 -0.3002997481612652 0.0 0.0 0.0 
17.209999999999884 -0.3120379957209078 0.7125568759108042 -1.024594871631712 0.6 0.6962082336403829 -0.3011513214617329 0.0 0.0 0.0 
17.209999999999884 -0.3120379957209078 0.7125568759108042 -1.024594871631712 0.6 0.6962082336403829 -0.3011513214617329 0.0 0.0 0.0 
17.224999999999884 -0.29355296439724937 0.7239001445713009 -1.0174531089685503 0.6 0.714374430771498 -0.30252450632200084 0.0 0.0 0.0 
17.254999999999885 -0.24820855847450018 0.7469230249504308 -0.995131583424931 0.6 0.7278656884154722 -0.3054919982393913 0.0 0.0 0.0 
17.279999999999887 -0.20903827732789737 0.7660015815975346 -0.975039858925432 0.6 0.7399065218776297 -0.3088497150651855 0.0 0.0 0.0 
17.294999999999888 -0.19020824416576798 0.7779363263273208 -0.9681445704930888 0.6 0.7572650919200211 -0.31355274293031227 0.0 0.0 0.0 
17.31999999999989 -0.15343001498604536 0.7976895162321924 -0.9511195312182378 0.6 0.7670703294983577 -0.31410856054774144 0.0 0.0 0.0 
17.344999999999892 -0.12467828001480043 0.8180940578375517 -0.9427723378523521 0.6 0.7799814591457838 -0.3192992945671694 0.0 0.0 0.0 
17.359999999999893 -0.10519941487807344 0.8301904832482592 -0.9353898981263327 0.6 0.791846317910551 -0.32203364259651424 0.0 0.0 0.0 
17.369999999999894 -0.09306913043227527 0.8384843222045908 -0.9315534526368661 0.6 0.8048313570638658 -0.32893696816999224 0.0 0.0 0.0 
17.399999999999896 -0.05916710469126493 0.8632005041381338 -0.9223676088293987 0.6 0.8099965600911344 -0.332808344837761 0.0 0.0 0.0 
17.414999999999896 -0.03907089144568178 0.8757617037408153 -0.9148325951864971 0.6 0.8186733991403704 -0.33961565018525774 0.0 0.0 0.0 
17.429999999999897 -0.022258910548677766 0.88823893696846 -0.9104978475171378 0.6 0.8239594282000373 -0.34759860362257144 0.0 0.0 0.0 
17.4699999999999 0.015763961904750403 0.9213035033721497 -0.9055395414673993 0.6 0.8250966453296531 -0.35291643166073106 0.0 0.0 0.0 
17.4699999999999 0.015763961904750403 0.9213035033721497 -0.9055395414673993 0.6 0.8250966453296531 -0.35291643166073106 0.0 0.0 0.0 
17.4999999999999 0.04212058767904263 0.9473486179893781 -0.9052280303103355 0.6 0.8342777758922945 -0.3606352105623372 0.0 0.0 0.0 
17.5149999999999 0.059946940536948955 0.960626027254862 -0.9006790867179131 0.6 0.8501361353485285 -0.36886897745486225 0.0 0.0 0.0 
17.539999999999903 0.08730206699289512 0.9826984258042093 -0.8953963588113142 0.6 0.8596482884314551 -0.37613145485978233 0.0 0.0 0.0 
17.554999999999904 0.1024355903987773 0.9961418259038325 -0.8937062355050552 0.6 0.8718511218816342 -0.3822155997554504 0.0 0.0 0.0 
17.564999999999905 0.11335239554016943 1.0053423312774732 -0.8919899357373038 0.6 0.8871485391948186 -0.39074959656580976 0.0 0.0 0.0 
17.599999999999905 0.14158730470638028 1.0381139578617808 -0.8965266531554006 0.6 0.8984303620277154 -0.39537547236367393 0.0 0.0 0.0 
17.614999999999906 0.16015412187712846 1.0523449627773545 -0.8921908409002259 0.6 0.9165798666935571 -0.4015847530532944 0.0 0.0 0.0 
17.624999999999908 0.16561244645011855 1.0619612042343514 -0.8963487577842328 0.6 0.9339366709343974 -0.4101157890126433 0.0 0.0 0.0 
17.65499999999991 0.1948612280277109 1.092355832314554 -0.897494604286843 0.6 0.9517283790391584 -0.41265800154546467 0.0 0.0 0.0 
17.66499999999991 0.20375086780280996 1.1019863960099372 -0.8982355282071273 0.6 0.9701682722202791 -0.41570452095367305 0.0 0.0 0.0 
17.69499999999991 0.2428350028568754 1.1330481884293793 -0.8902131855725038 0.6 0.9852356518226619 -0.41681391683217234 0.0 0.0 0.0 
17.719999999999914 0.2696799869507572 1.160477968777945 -0.8907979818271878 0.6 1.0133761119476015 -0.4164321321173248 0.0 0.0 0.0 
17.734999999999914 0.28831791485448954 1.177089316335685 -0.8887714014811955 0.6 1.0466081232873519 -0.4147161342793167 0.0 0.0 0.0 
17.759999999999916 0.31289515117420214 1.2061770013900952 -0.893281850215893 0.6 1.0763118373205312 -0.4149099384591412 0.0 0.0 0.0 
17.774999999999917 0.33064756534387196 1.2240591116625423 -0.8934115463186704 0.6 1.1147428014328786 -0.41063958521284466 0.0 0.0 0.0 
17.789999999999917 0.3469466060484237 1.241736252473067 -0.8947896464246434 0.6 1.1392741517287797 -0.408516625801285 0.0 0.0 0.0 
17.81999999999992 0.388949585291737 1.2796628078290702 -0.8907132225373331 0.6 1.1682857513889675 -0.40732671840465723 0.0 0.0 0.0 
17.82999999999992 0.39930989704917397 1.2918282352027328 -0.8925183381535589 0.6 1.204385817740953 -0.3983263761719769 0.0 0.0 0.0 
17.85999999999992 0.44040360866220846 1.331121535894207 -0.8907179272319985 0.6 1.2293675593396771 -0.39425075914413105 0.0 0.0 0.0 
17.874999999999922 0.4546077264881383 1.3515522782401814 -0.8969445517520431 0.6 1.2713496039112648 -0.3860269847554791 0.0 0.0 0.0 
17.899999999999924 0.4901656301681047 1.3870695898499494 -0.8969039596818447 0.6 1.3092112742480742 -0.3810051595528487 0.0 0.0 0.0 
17.914999999999925 0.5098191282546725 1.4092327739532469 -0.8994136456985744 0.6 1.362387568735485 -0.37531270957820917 0.0 0.0 0.0 
17.924999999999926 0.525213924456288 1.4238873863698636 -0.8986734619135756 0.6 1.4073887311266513 -0.3673610567767682 0.0 0.0 0.0 
17.954999999999927 0.5595011741516198 1.470262776973766 -0.9107616028221461 0.6 1.4399640168576096 -0.3616198628869648 0.0 0.0 0.0 
17.97999999999993 0.6002505719211868 1.5110914521733774 -0.9108408802521906 0.6 1.4909084012811056 -0.3522070684191408 0.0 0.0 0.0 
17.99499999999993 0.618711175805529 1.5364812195482933 -0.9177700437427643 0.6 1.5574457700632127 -0.34292159606481687 0.0 0.0 0.0 
18.02499999999993 0.6634005519169756 1.5902339577373252 -0.9268334058203497 0.6 1.6149577614296573 -0.3349949409395987 0.0 0.0 0.0 
18.034999999999933 0.6807626657305689 1.608550246424266 -0.9277875806936972 0.6 1.711025792815689 -0.31751776254400993 0.0 0.0 0.0 
18.049999999999933 0.7017778638879149 1.6368371227890912 -0.9350592589011764 0.6 1.7657896203584906 -0.3093547309870483 0.0 0.0 0.0 
18.079999999999934 0.7475292295962336 1.6957588923524687 -0.9482296627562351 0.6 1.8142221957045273 -0.300248258929788 0.0 0.0 0.0 
18.094999999999935 0.7712679891269907 1.7258827620517647 -0.954614772924774 0.6 1.882816150099192 -0.28957157934299005 0.0 0.0 0.0 
18.104999999999936 0.784894559767614 1.7468387804981764 -0.9619442207305624 0.6 1.957029760050451 -0.2784357615570441 0.0 0.0 0.0 
18.134999999999938 0.82735978099351 1.8110275533208138 -0.9836677723273037 0.6 2.001488655863107 -0.2635704789197997 0.0 0.0 0.0 
18.15999999999994 0.8639953329281018 1.866807879964059 -1.0028125470359572 0.6 2.0641464280410706 -0.24858606593407015 0.0 0.0 0.0 
18.17499999999994 0.8868956934972648 1.8996386455751222 -1.0127429520778573 0.6 2.1209620722518148 -0.22864118074844614 0.0 0.0 0.0 
18.184999999999942 0.9087637081004779 1.9228417916149199 -1.014078083514442 0.6 2.1871110584872753 -0.21084922296987002 0.0 0.0 0.0 
18.219999999999942 0.9483068287320863 2.00481216668023 -1.0565053379481437 0.6 2.224195401546102 -0.19753084634815776 0.0 0.0 0.0 
18.234999999999943 0.9734361720556417 2.0404877452749797 -1.067051573219338 0.6 2.2815915092378085 -0.17867794138989745 0.0 0.0 0.0 
18.244999999999944 0.9845327797466787 2.064252079940333 -1.0797193001936545 0.6 2.3268404894556034 -0.15813877677890784 0.0 0.0 0.0 
18.274999999999945 1.0223648574151334 2.1359575991356765 -1.1135927417205431 0.6 2.3442301504146874 -0.14628184916368087 0.0 0.0 0.0 
18.284999999999947 1.0413630402901684 2.1605600181835376 -1.1191969778933692 0.6 2.383503647995183 -0.12384485337316094 0.0 0.0 0.0 
18.314999999999948 1.0837369700216017 2.233731971116492 -1.14999500109489 0.6 2.3987149192462804 -0.11307548018188217 0.0 0.0 0.0 
18.33999999999995 1.115802379884827 2.2946977895406584 -1.1788954096558315 0.6 2.4123199687987644 -0.09507250414352719 0.0 0.0 0.0 
18.35499999999995 1.133343274050849 2.3317369751012555 -1.1983937010504067 0.6 2.4307133926677706 -0.07485199729465827 0.0 0.0 0.0 
18.379999999999953 1.1556461761708512 2.393337535574003 -1.237691359403152 0.6 2.440796876913984 -0.059329108463405236 0.0 0.0 0.0 
18.394999999999953 1.1759002815364337 2.429387898903806 -1.2534876173673721 0.6 2.438299170932017 -0.04211037944448487 0.0 0.0 0.0 
18.424999999999955 1.214439950800933 2.5033028470866476 -1.2888628962857147 0.6 2.443091711022672 -0.025516484340280927 0.0 0.0 0.0 
18.439999999999955 1.228458784183811 2.5385223330691757 -1.3100635488853647 0.5532992048446597 2.4267281870595343 -0.008309670332135834 0.0 0.0 0.0 
18.454999999999956 1.244026622515871 2.5739359196630205 -1.3299092971471496 0.4654682540015023 2.4084491821980167 0.008321373580649528 0.0 0.0 0.0 
18.464999999999957 1.250712084426617 2.5974123357418395 -1.3467002513152224 0.4713450879603278 2.387841549943018 0.03392735738069682 0.0 0.0 0.0 
18.49499999999996 1.288687256383144 2.6687821737920796 -1.3800949174089356 0.48303322109312746 2.3839721066662793 0.042932495309942545 0.0 0.0 0.0 
18.51999999999996 1.3136218044530181 2.725929753614115 -1.4123079491610968 0.49430778220638383 2.3627085437153506 0.052030020063528144 0.0 0.0 0.0 
18.53499999999996 1.3344239412093024 2.759603707138966 -1.4251797659296634 0.4988129180753822 2.32813805654403 0.07100540598273716 0.0 0.0 0.0 
18.559999999999963 1.3684092421266727 2.8159034467805624 -1.4474942046538897 0.5066229716288614 2.306443447769163 0.08588149892831226 0.0 0.0 0.0 
18.589999999999964 1.395983137825716 2.882118743279044 -1.486135605453328 0.5201474619086648 2.2808730516653095 0.10060776687500139 0.0 0.0 0.0 
18.589999999999964 1.395983137825716 2.882118743279044 -1.486135605453328 0.5201474619086648 2.2808730516653095 0.10060776687500139 0.0 0.0 0.0 
18.619999999999965 1.4396386678710715 2.947095481686388 -1.5074568138153166 0.5276098848353608 2.2498541981312274 0.12175715245277566 0.0 0.0 0.0 
18.634999999999966 1.457641197896099 2.9791068029970202 -1.5214656051009212 0.5325129617853224 2.2076451543150486 0.1463629592463847 0.0 0.0 0.0 
18.659999999999968 1.4884118136660422 3.0316060643214318 -1.5431942506553895 0.5401179877293862 2.178180085841313 0.16335007894044465 0.0 0.0 0.0 
18.68499999999997 1.5214743208742167 3.082152744290015 -1.5606784234157984 0.5462374481955294 2.1376135429906316 0.18376275338470616 0.0 0.0 0.0 
18.69999999999997 1.5356784844944513 3.111478146396565 -1.5757996619021137 0.5515298816657398 2.0801874302862204 0.20239535393292485 0.0 0.0 0.0 
18.71499999999997 1.5557015542266568 3.1402954646993786 -1.5845939104727218 0.5546078686654526 2.0306118736481475 0.22253407267724032 0.0 0.0 0.0 
18.729999999999972 1.573909400297257 3.1681010470614703 -1.5941916467642134 0.5579670763674747 1.979791725239603 0.2379654437320451 0.0 0.0 0.0 
18.754999999999974 1.6058789304823624 3.212970848408609 -1.6070919179262466 0.5624821712741863 1.9331054348542231 0.25147479845134346 0.0 0.0 0.0 
18.769999999999975 1.6215610364483235 3.2390432629651404 -1.617482226516817 0.5661187792808859 1.8700915094067734 0.2669573781041675 0.0 0.0 0.0 
18.799999999999976 1.6610466454201942 3.2897040609079173 -1.6286574154877231 0.570030095420703 1.8238275086417046 0.27649010202798907 0.0 0.0 0.0 
18.814999999999976 1.6792712946760848 3.31449488949622 -1.6352235948201352 0.5723282581870472 1.7611889036209625 0.28360848760386337 0.0 0.0 0.0 
18.824999999999978 1.6925585829464531 3.329659665314292 -1.637101082367839 0.5729853788287436 1.6832125939254723 0.3011509939201283 0.0 0.0 0.0 
18.85499999999998 1.734654279954433 3.3773185431502006 -1.6426642631957675 0.5749324921185186 1.6561968578203043 0.30442178828771455 0.0 0.0 0.0 
18.87999999999998 1.764333699508771 3.4135825286155037 -1.6492488291067327 0.5772370901873564 1.6047485641744474 0.31637899326275754 0.0 0.0 0.0 
18.894999999999982 1.7864888534086487 3.434924378005154 -1.6484355245965052 0.5769524336087768 1.5419634319762698 0.32896530140964736 0.0 0.0 0.0 
18.904999999999983 1.7977005009693892 3.449087964342219 -1.6513874633728298 0.5779856121804904 1.488039706591678 0.3270765261952492 0.0 0.0 0.0 
18.934999999999985 1.836776009814767 3.489236962689018 -1.6524609528742509 0.5783613335059877 1.4522800958714623 0.3321549879969697 0.0 0.0 0.0 
18.959999999999987 1.868881399039189 3.521390525293552 -1.652509126254363 0.578378194189027 1.4056564948627586 0.3361596370141041 0.0 0.0 0.0 
18.974999999999987 1.889937942854274 3.53999575585695 -1.6500578130026762 0.5775202345509366 1.3486756017503592 0.3434724043414018 0.0 0.0 0.0 
18.98499999999999 1.903796536624381 3.5529223273625563 -1.6491257907381753 0.5771940267583613 1.3114767851346436 0.34187920012262046 0.0 0.0 0.0 
19.01999999999999 1.9496417711206955 3.593724298978553 -1.6440825278578575 0.5754288847502501 1.2787562456299268 0.3434211523269175 0.0 0.0 0.0 
19.03499999999999 1.967679048893323 3.6109884480623267 -1.6433093991690038 0.5751582897091513 1.2297788710537279 0.3487764485971605 0.0 0.0 0.0 
19.04499999999999 1.982280652883414 3.6223950586332356 -1.6401144057498216 0.5740400420124375 1.1895090300122695 0.3525569657960337 0.0 0.0 0.0 
19.074999999999992 2.0182728950982423 3.654165727128923 -1.635892832030681 0.5725624912107383 1.1590249214756518 0.35246000105169295 0.0 0.0 0.0 
19.099999999999994 2.0478165223005784 3.6804886761988103 -1.6326721538982318 0.5714352538643811 1.1264725309441106 0.35231016378811775 0.0 0.0 0.0 
19.114999999999995 2.0705543636600985 3.6957040490147213 -1.6251496853546228 0.5688023898741179 1.0873575462163991 0.3496323474551357 0.0 0.0 0.0 
19.139999999999997 2.1049841000122234 3.720301432070974 -1.6153173320587508 0.5653610662205627 1.0593070761351284 0.34836827907124057 0.0 0.0 0.0 
19.154999999999998 2.1252244656296755 3.735063366452861 -1.6098389008231857 0.5634436152881149 1.0299413953739216 0.3459867496979226 0.0 0.0 0.0 
19.165 2.1354609168463297 3.7445011865399724 -1.6090402696936428 0.5631640943927749 0.9991694419292736 0.344215859266691 0.0 0.0 0.0 
19.21 2.193846160164671 3.786781901692168 -1.592935741527497 0.5575275095346239 0.9850322890308 0.34227226843783737 0.0 0.0 0.0 
19.225 2.2144912471230533 3.8001382812791475 -1.5856470341560942 0.5549764619546329 0.9530449086709163 0.3373923306641634 0.0 0.0 0.0 
19.235000000000003 2.2279958494510956 3.8089866600716142 -1.5809908106205186 0.5533467837171815 0.9247187113741793 0.33356929434477356 0.0 0.0 0.0 
19.250000000000004 2.2478811337608584 3.8223070760466227 -1.5744259422857643 0.5510490798000175 0.9115763381953362 0.336043571798022 0.0 0.0 0.0 
19.280000000000005 2.285501327825076 3.8481615517466707 -1.5626602239215948 0.5469310783725582 0.8995120567427991 0.33388863348079784 0.0 0.0 0.0 
19.295000000000005 2.307326875497402 3.8609382876091076 -1.5536114121117057 0.5437639942390969 0.8825479091164882 0.32760537077869667 0.0 0.0 0.0 
19.320000000000007 2.33791872000494 3.881983832910583 -1.5440651129056433 0.5404227895169751 0.8712218816681608 0.3238910337388579 0.0 0.0 0.0 
19.335000000000008 2.3547398253089717 3.8938397027019658 -1.539099877392994 0.5386849570875478 0.8491434873088214 0.3197943961555528 0.0 0.0 0.0 
19.36000000000001 2.390365176955853 3.913976581370777 -1.523611404414924 0.5332639915452234 0.8362934197699233 0.3172281917027783 0.0 0.0 0.0 
19.37500000000001 2.4089190833062166 3.926213255910799 -1.5172941726045823 0.5310529604116038 0.8256605328392735 0.31342801567462597 0.0 0.0 0.0 
19.385000000000012 2.429430064489432 3.9341472655997336 -1.5047172011103016 0.5266510203886056 0.8143032986954459 0.307104081394966 0.0 0.0 0.0 
19.420000000000012 2.4691472792991087 3.961951785888962 -1.4928045065898532 0.5224815773064486 0.8092943014320094 0.30416661840357007 0.0 0.0 0.0 
19.435000000000013 2.4952235080081433 3.9729843654578008 -1.4777608574496575 0.5172163001073801 0.7908165123362386 0.29972858824142445 0.0 0.0 0.0 
19.445000000000014 2.5095995816557557 3.980863238176145 -1.4712636565203892 0.5149422797821361 0.7818390443323889 0.2971110618225454 0.0 0.0 0.0 
19.475000000000016 2.5355446243411586 4.003146623865478 -1.467601999524319 0.5136606998335116 0.773024263234349 0.2929649593031863 0.0 0.0 0.0 
19.490000000000016 2.5613238397382836 4.014117812820328 -1.4527939730820445 0.5084778905787155 0.759264958255558 0.28772114882764205 0.0 0.0 0.0 
19.51500000000002 2.5900024827189654 4.0322784117023955 -1.4422759289834302 0.5047965751442005 0.7501173412998902 0.2830445019272651 0.0 0.0 0.0 
19.52500000000002 2.601731947043096 4.0389813657658 -1.4372494187227036 0.5030372965529463 0.7270355141478558 0.2739103996631623 0.0 0.0 0.0 
19.55500000000002 2.637492669891585 4.060423061705784 -1.422930391814199 0.49802563713496956 0.7222148525566396 0.2681800218503584 0.0 0.0 0.0 
19.580000000000023 2.6722242378371135 4.07650325858803 -1.4042790207509164 0.4914976572628207 0.7044660395024935 0.2619764960648314 0.0 0.0 0.0 
19.595000000000024 2.6873363675045563 4.086457330241737 -1.399120962737181 0.48969233695801334 0.6872432739134895 0.25482060142580343 0.0 0.0 0.0 
19.610000000000024 2.7017847898485474 4.096229162799638 -1.3944443729510905 0.48805553053288164 0.6747863638869913 0.24940677853081009 0.0 0.0 0.0 
19.640000000000025 2.7319598525214017 4.1151339377252745 -1.3831740852038727 0.48411092982135545 0.6638652483064083 0.24303077618072536 0.0 0.0 0.0 
19.655000000000026 2.7489880037507306 4.1244264148323335 -1.375438411081603 0.481403443878561 0.6482737015434029 0.23397565558671904 0.0 0.0 0.0 
19.680000000000028 2.7721722586965765 4.139385919466627 -1.3672136607700507 0.4785247812695177 0.6353403987811468 0.22713718646349573 0.0 0.0 0.0 
19.69500000000003 2.7954117335921254 4.149318659598898 -1.3539069260067729 0.4738674241023705 0.6342554196709855 0.2155664704312958 0.0 0.0 0.0 
19.70500000000003 2.8065733804908346 4.155522641985868 -1.3489492614950338 0.4721322415232618 0.6309570312525007 0.20774219601208815 0.0 0.0 0.0 
19.73500000000003 2.837493510178117 4.172685324610308 -1.335191814432191 0.4673171350512668 0.6187037526399674 0.2038421706587558 0.0 0.0 0.0 
19.760000000000034 2.863346900547421 4.187311338054008 -1.323964437506587 0.46338755312730545 0.6074390114879843 0.19834659508053504 0.0 0.0 0.0 
19.775000000000034 2.8764654220092702 4.195313742167883 -1.318848320158613 0.4615969120555145 0.5867857602015196 0.18891339868204368 0.0 0.0 0.0 
19.805000000000035 2.9072571188266223 4.2128916828114065 -1.3056345639847842 0.4569720973946744 0.5834889388474116 0.18462527449169358 0.0 0.0 0.0 
19.820000000000036 2.928507388894825 4.221262463295733 -1.2927550744009078 0.4524642760403177 0.5763433883499753 0.17701235206723404 0.0 0.0 0.0 
19.830000000000037 2.937086542827719 4.227951766469134 -1.2908652236414153 0.4518028282744953 0.5918499479322539 0.17119743885253902 0.0 0.0 0.0 
19.86000000000004 2.9721027161899345 4.245124725245784 -1.2730220090558495 0.4455577031695473 0.5894813833095665 0.16806364236417767 0.0 0.0 0.0 
19.87000000000004 2.979168516959601 4.250341240734685 -1.2711727237750843 0.4449104533212795 0.5735963694445266 0.1620349536750255 0.0 0.0 0.0 
19.88500000000004 2.996877428018241 4.259290451258044 -1.2624130232398034 0.44184455813393114 0.575053968901232 0.15960067160707442 0.0 0.0 0.0 
19.945000000000043 3.0583104394419736 4.2920384198551025 -1.233727980413129 0.4318047931445951 0.5692401651727131 0.15733843296125996 0.0 0.0 0.0 
19.945000000000043 3.0583104394419736 4.2920384198551025 -1.233727980413129 0.4318047931445951 0.5692401651727131 0.15733843296125996 0.0 0.0 0.0 
19.970000000000045 3.0893972389199593 4.305679079606135 -1.2162818406861753 0.42569864424016135 0.5602375542016853 0.15144869208784853 0.0 0.0 0.0 
19.985000000000046 3.0946679211801684 4.313218145396116 -1.2185502242159472 0.4264925784755815 0.5440280212760249 0.14436984158275215 0.0 0.0 0.0 
20.005000000000045 3.1168320908246465 4.322942295010254 -1.2061102041856073 0.42213857146496253 0.528641824028273 0.14006740973098042 0.0 0.0 0.0 
20.020000000000046 3.1355670890451846 4.330608678692314 -1.1950415896471291 0.4182645563764952 0.518882268147092 0.13368798104551252 0.0 0.0 0.0 
20.035000000000046 -3.133799389839342 4.337567550702895 -1.1881816333626505 0.41586357167692767 0.5048011153360896 0.13100718144967352 0.0 0.0 0.0 
20.050000000000047 -3.118838547596283 4.3452663966265925 -1.1809196370432895 0.4133218729651513 0.5022537607251168 0.1255563524668521 0.0 0.0 0.0 
20.080000000000048 -3.0787520364117618 4.359413785059932 -1.1549805142921077 0.4042431800022377 0.49565695871840654 0.12261796789976412 0.0 0.0 0.0 
20.09500000000005 -3.065079689860685 4.3660051125862 -1.147899495267299 0.4017648233435546 0.48027828096849373 0.11734411199813377 0.0 0.0 0.0 
20.10500000000005 -3.055927357468791 4.370516811622648 -1.1432588619118524 0.40014060166914833 0.46740575953139524 0.1092016470470864 0.0 0.0 0.0 
20.13500000000005 -3.027311564682093 4.384455781285193 -1.1285820387877 0.39500371357569497 0.46554615920355796 0.10403311555785394 0.0 0.0 0.0 
20.160000000000053 -3.006785608356246 4.395448690649088 -1.119048991825748 0.3916671471390118 0.4596405928933758 0.0970880208154217 0.0 0.0 0.0 
20.175000000000054 -2.989448908530375 4.401775473501642 -1.1080390748524307 0.3878136761983507 0.4489975516605578 0.08862061186945532 0.0 0.0 0.0 
20.185000000000056 -2.972209730141902 4.406369396419448 -1.0953938193817638 0.3833878367836173 0.4462732065754597 0.08150779676236712 0.0 0.0 0.0 
20.205000000000055 -2.9562356541587422 4.415240516900561 -1.0882908638797169 0.3809018023579009 0.4453109199210803 0.07604947285340517 0.0 0.0 0.0 
20.235000000000056 -2.9292045475600097 4.428413548235844 -1.0744327886162672 0.3760514760156935 0.44385935900825135 0.0709461192385636 0.0 0.0 0.0 
20.245000000000058 -2.917098359817841 4.432732854279523 -1.0666459069177776 0.37332606742122215 0.4401264946651758 0.06131006298612143 0.0 0.0 0.0 
20.27500000000006 -2.890829022209852 4.44584455262921 -1.0534882676594757 0.36872089368081645 0.4391284462012675 0.05716993430116401 0.0 0.0 0.0 
20.30000000000006 -2.866780003326196 4.456106702537126 -1.0397013986837358 0.3638954895393075 0.43296605850722614 0.05107364762513235 0.0 0.0 0.0 
20.31500000000006 -2.8557033538530443 4.4623785820152655 -1.034896628688724 0.3622138200410534 0.4268539341519776 0.04525522095055885 0.0 0.0 0.0 
20.340000000000064 -2.834023275984507 4.472633484897335 -1.0234714537022551 0.35821500879578927 0.4223713752604797 0.04081102074551445 0.0 0.0 0.0 
20.355000000000064 -2.819875229612521 4.478098246236129 -1.0147881686690639 0.3551758590341723 0.4083554930694941 0.03784908539737191 0.0 0.0 0.0 
20.380000000000067 -2.79650085209428 4.488016979049205 -1.0013325239638995 0.3504663833873648 0.40346135889116536 0.0339955697128385 0.0 0.0 0.0 
20.395000000000067 -2.7873382504817603 4.493764918662872 -0.9979178619650462 0.3492712516877661 0.3968901591852889 0.0277594407455522 0.0 0.0 0.0 
20.410000000000068 -2.769932178876143 4.499068528621329 -0.9858154003178861 0.3450353901112601 0.38613084847841433 0.02230239456096937 0.0 0.0 0.0 
20.425000000000068 -2.756971045978149 4.504299289665907 -0.97808502846447 0.3423297599625645 0.37529993427450015 0.019172150186251007 0.0 0.0 0.0 
20.45500000000007 -2.7382827525173314 4.514492822689299 -0.9695902680270443 0.3393565938094655 0.36646986971846457 0.015356953842851101 0.0 0.0 0.0 
20.48000000000007 -2.7177294130458436 4.522590298239835 -0.9571344041060925 0.3349970414371324 0.35464395962597106 0.010254847214525117 0.0 0.0 0.0 
20.495000000000072 -2.7069190614595136 4.527199160219642 -0.9509329144995693 0.33282652007484925 0.3390859648574805 0.004544376135636 0.0 0.0 0.0 
20.505000000000074 -2.7039669412295777 4.530310891556157 -0.951092525606148 0.3362284220343121 0.3263741764120444 -0.002181309201307234 0.0 0.0 0.0 
20.535000000000075 -2.681327202864639 4.539589309230561 -0.9377312049156128 0.3384073817908531 0.3216309529892453 -0.006748490464175569 0.0 0.0 0.0 
20.560000000000077 -2.6629476731797537 4.547465523196412 -0.9272278891965797 0.3456888956963949 0.31857622802984004 -0.014131448330943739 0.0 0.0 0.0 
20.575000000000077 -2.6475623380599727 4.5521753840792805 -0.9165524149596669 0.35376508502333376 0.3161075732721475 -0.02219264699022011 0.0 0.0 0.0 
20.590000000000078 -2.637951785312182 4.556911408240822 -0.9116778863734183 0.35932590317648994 0.3152853478011457 -0.027154491803792348 0.0 0.0 0.0 
20.62000000000008 -2.611204118296632 4.56644708803527 -0.8944658991523156 0.3624547127847003 0.3156815418814464 -0.03328943856292787 0.0 0.0 0.0 
20.63500000000008 -2.6012879645083977 4.5713499959253 -0.8894526532541116 0.37518506144613417 0.3181849835844423 -0.04271343287353554 0.0 0.0 0.0 
20.660000000000082 -2.576069890807346 4.579381793393423 -0.872266377021182 0.3747165622399449 0.3192644585694724 -0.0462654734663946 0.0 0.0 0.0 
20.675000000000082 -2.562040121819083 4.584136113211172 -0.8629909278506691 0.3796887431158024 0.3193409585537187 -0.05173015442305098 0.0 0.0 0.0 
20.685000000000084 -2.5510023044214516 4.58750000724021 -0.8553170044820746 0.3925558156511864 0.3228279804024424 -0.06142185835599223 0.0 0.0 0.0 
20.700000000000085 -2.535570833234318 4.592292555947383 -0.8446780820021145 0.3929171128298725 0.3228579379906076 -0.06410815400504678 0.0 0.0 0.0 
20.735000000000085 -2.5034582529449048 4.603610533407881 -0.8238834791731993 0.3886895201397152 0.32296567321342967 -0.06609641403948034 0.0 0.0 0.0 
20.760000000000087 -2.483194934157746 4.612324267289718 -0.8123338942678773 0.39110992296775804 0.3281919946974433 -0.06923364378521747 0.0 0.0 0.0 
20.775000000000087 -2.470239376704163 4.616704057669761 -0.803758127194337 0.38923194700209746 0.3234952229833153 -0.07097780004348336 0.0 0.0 0.0 
20.790000000000088 -2.461998796445617 4.6216617397790785 -0.8004752290451087 0.3956199028490554 0.3234953753614544 -0.07593490294927116 0.0 0.0 0.0 
20.82000000000009 -2.428663155739041 4.630603198101129 -0.7760810466605843 0.3888631531086055 0.31834242857179307 -0.07835453089515167 0.0 0.0 0.0 
20.83500000000009 -2.4146130113081137 4.63477200407338 -0.7661997082019072 0.38204415377840123 0.307039434603642 -0.07891027130775101 0.0 0.0 0.0 
20.860000000000092 -2.3927322728399973 4.6418801215433385 -0.7514270872037496 0.3778309500667035 0.30038820719784637 -0.08133550844343648 0.0 0.0 0.0 
20.875000000000092 -2.3780004008849405 4.646051711311907 -0.7408668050172613 0.377586106595851 0.2925227299655344 -0.08603275787466037 0.0 0.0 0.0 
20.885000000000094 -2.3716563245143742 4.648938032881922 -0.7374090502167103 0.3788454474604786 0.28816592864615337 -0.08915687765116104 0.0 0.0 0.0 
20.915000000000095 -2.347242975797467 4.657512114928291 -0.7215697835461725 0.3764306015169693 0.28724807110859235 -0.09175935347799404 0.0 0.0 0.0 
20.940000000000097 -2.3272297532180444 4.663919054012698 -0.7079635000511564 0.3764721967487895 0.28064336100665815 -0.0975607658101259 0.0 0.0 0.0 
20.955000000000098 -2.3069570511397632 4.66777987188813 -0.691551615848307 0.37289996635282735 0.2726042470447426 -0.10213301549892544 0.0 0.0 0.0 
20.9800000000001 -2.281212685044099 4.6743372834931165 -0.6723646613576291 0.36983919416528066 0.26905782183447946 -0.10636926006571946 0.0 0.0 0.0 
20.9950000000001 -2.268170466459681 4.678000842589258 -0.6629860018693527 0.3677126019305219 0.26224367133406173 -0.11007101012815905 0.0 0.0 0.0 
21.0100000000001 -2.254449069375044 4.681556561672549 -0.6528203238680064 0.3644163375032 0.25508025498696685 -0.11338043990361454 0.0 0.0 0.0 
21.040000000000102 -2.2268423337924994 4.6886918820050445 -0.6323489086179581 0.36001339081551137 0.2505064488739498 -0.11779649417924612 0.0 0.0 0.0 
21.055000000000103 -2.2182059140285353 4.6927715718271035 -0.627792178676053 0.3710914157006746 0.25208755287639256 -0.12775378476091234 0.0 0.0 0.0 
21.065000000000104 -2.2118404493744497 4.69422651847484 -0.6228816606697034 0.35502687741053884 0.2312199189767022 -0.12608268830240715 0.0 0.0 0.0 
21.095000000000105 -2.1893688712265944 4.700757017078216 -0.6069405811252242 0.3523722406820461 0.22637459787181494 -0.13153028032545536 0.0 0.0 0.0 
21.120000000000108 -2.1617901567881104 4.706286251917588 -0.5848911015261118 0.3493378052412061 0.22356169244060853 -0.1376419722993201 0.0 0.0 0.0 
21.135000000000108 -2.149126301529534 4.708825541022465 -0.5747665353724134 0.3445217885549061 0.21115267948233 -0.14444877046095056 0.0 0.0 0.0 
21.16000000000011 -2.124364560879834 4.713962351482147 -0.5551416051823947 0.3399119256201197 0.20775019075864884 -0.14912792083704363 0.0 0.0 0.0 
21.185000000000112 -2.104201507286593 4.718446963518795 -0.5394631636258014 0.3358831449479417 0.20097688178795178 -0.1556980577371316 0.0 0.0 0.0 
21.185000000000112 -2.104201507286593 4.718446963518795 -0.5394631636258014 0.3358831449479417 0.20097688178795178 -0.1556980577371316 0.0 0.0 0.0 
21.205000000000112 -2.090506855540891 4.72234814081581 -0.5296696891771147 0.3351585161935974 0.19721732590362478 -0.1615823303376609 0.0 0.0 0.0 
21.235000000000113 -2.064521019950402 4.727552594688872 -0.5088883074596868 0.32970977691707126 0.19165270394796785 -0.16829962693633665 0.0 0.0 0.0 
21.260000000000115 -2.045619559455067 4.731775605895461 -0.494209858170942 0.3244893395932562 0.18502946440196996 -0.17422859297219773 0.0 0.0 0.0 
21.275000000000116 -2.035151033630113 4.733468648643074 -0.4854343750936003 0.3152098072981248 0.16707785834890243 -0.18504276026697444 0.0 0.0 0.0 
21.300000000000118 -2.0177018778631592 4.736882546512586 -0.47139911719615846 0.3065800316843961 0.1576389482776636 -0.19110508364914472 0.0 0.0 0.0 
21.31500000000012 -2.003132160362642 4.739167695645445 -0.45911454882850133 0.3008153291443923 0.1518077907174549 -0.1963922937251204 0.0 0.0 0.0 
21.34000000000012 -1.9913089106781647 4.741869841055925 -0.4499934445545035 0.2904616130979508 0.1418957358248737 -0.19937310252117962 0.0 0.0 0.0 
21.35500000000012 -1.9795401755952313 4.7428973369883725 -0.4392522054040171 0.2700160616362419 0.12203571673336985 -0.2027271681364554 0.0 0.0 0.0 
21.365000000000123 -1.9724136367801564 4.7438438886386995 -0.43307221823926945 0.2565230149694219 0.10747967135121186 -0.20775376218906996 0.0 0.0 0.0 
21.395000000000124 -1.9477855569199387 4.7461272284252605 -0.4107274781656134 0.24285737059693557 0.09965984688584273 -0.2115766061998615 0.0 0.0 0.0 
21.425000000000125 -1.9343953707925419 4.747857768358367 -0.39906783197132256 0.22876993632142303 0.08879437553915323 -0.2134891669310068 0.0 0.0 0.0 
21.440000000000126 -1.9185492145046772 4.748573408018714 -0.3839373153438057 0.20977650705038609 0.07390103974241634 -0.21707709057679514 0.0 0.0 0.0 
21.455000000000126 -1.9122569317208895 4.748923825996306 -0.3779954505376093 0.19307779462122 0.05916148781354446 -0.21858450373320815 0.0 0.0 0.0 
21.465000000000128 -1.9107203194836067 4.749687079097919 -0.37722209140193996 0.1917625168237651 0.05594909015124821 -0.2271623837587486 0.0 0.0 0.0 
21.50500000000013 -1.8845574927163984 4.749514403783875 -0.3508865893206874 0.1691672984693711 0.043502293045062215 -0.22672804445244982 0.0 0.0 0.0 
21.50500000000013 -1.8845574927163984 4.749514403783875 -0.3508865893206874 0.1691672984693711 0.043502293045062215 -0.22672804445244982 0.0 0.0 0.0 
21.52000000000013 -1.880403032321979 4.749288857836716 -0.3465065829791092 0.1447478681251108 0.0216077920844663 -0.23110815854264366 0.0 0.0 0.0 
21.550000000000132 -1.863430740775546 4.7488489452995974 -0.32909437889555715 0.12721477099143938 0.010951261291519944 -0.233757945098595 0.0 0.0 0.0 
21.575000000000134 -1.8534421756427388 4.747766318311736 -0.31802318677488817 0.10690868687900516 -0.00390396839953216 -0.23976849184411614 0.0 0.0 0.0 
21.585000000000136 -1.8429852103637074 4.747406055740818 -0.3072059589249392 0.08286184419353121 -0.02164299931356272 -0.24242757682284116 0.0 0.0 0.0 
21.605000000000135 -1.839692162797868 4.747176878265657 -0.3036837338839389 0.08049928538763851 -0.022263742314316222 -0.24646524081803078 0.0 0.0 0.0 
21.635000000000137 -1.8247347668613367 4.7459420338117875 -0.28749149349353775 0.06966679128274007 -0.026215717731106113 -0.25123170469233086 0.0 0.0 0.0 
21.645000000000138 -1.8220170115846923 4.7453199948395905 -0.2841516992446964 0.05394575609697267 -0.03708974176828016 -0.2610536502735528 0.0 0.0 0.0 
21.67500000000014 -1.810566012818716 4.743307671604636 -0.27068837724376493 0.03968224774169573 -0.044258714986563245 -0.2646849029180026 0.0 0.0 0.0 
21.70000000000014 -1.8018263659041318 4.741952342481893 -0.2605934012064388 0.029439567800967757 -0.04887682837423558 -0.26888311263947245 0.0 0.0 0.0 
21.715000000000142 -1.7948983009121278 4.740940986927221 -0.25265398065976274 0.01803933011919305 -0.054960869449477645 -0.2724939204882034 0.0 0.0 0.0 
21.725000000000144 -1.7912391676301769 4.740386785145205 -0.24844064559579593 0.012280306066163135 -0.05781451310967145 -0.2748110674575168 0.0 0.0 0.0 
21.755000000000145 -1.7900420393699383 4.737836850626333 -0.24469358281668452 0.003122638038337844 -0.06360687460975317 -0.2760310357317836 0.0 0.0 0.0 
21.765000000000146 -1.7891662687184504 4.7369171975694595 -0.24289815910832324 -0.01182822724293385 -0.07460602496428109 -0.27618151333982094 0.0 0.0 0.0 
21.800000000000146 -1.7826625786825674 4.732561725005853 -0.23203899650883386 -0.029099259005005262 -0.08564846559337726 -0.2740368000828146 0.0 0.0 0.0 
21.82500000000015 -1.7708591870215813 4.728674753999343 -0.21634863384133762 -0.056925332701338066 -0.10446559006987073 -0.270163997291818 0.0 0.0 0.0 
21.84000000000015 -1.7718499474126148 4.726634556259073 -0.2152991964921016 -0.07468241200701999 -0.12034094449792612 -0.2652695964453766 0.0 0.0 0.0 
21.85500000000015 -1.7717825327625452 4.724119056936838 -0.21271628251979724 -0.09164571255206179 -0.1347334388017544 -0.2622931791953337 0.0 0.0 0.0 
21.87000000000015 -1.7692253931167723 4.721710373427964 -0.20775045936515024 -0.10399608505906091 -0.14432087434111007 -0.2605139808697462 0.0 0.0 0.0 
21.895000000000152 -1.7766724175416997 4.717163089302881 -0.2106501996649941 -0.1131378127755169 -0.1536690182505979 -0.2587287438129727 0.0 0.0 0.0 
21.905000000000154 -1.7686962950039953 4.7155363691731385 -0.20104735699754706 -0.12631957161831653 -0.16256165851367896 -0.25742919132082515 0.0 0.0 0.0 
21.935000000000155 -1.76882296851919 4.708312304945064 -0.1939499662846682 -0.14628009040965306 -0.17930203076401963 -0.2541326826747024 0.0 0.0 0.0 
21.945000000000157 -1.773210599973051 4.705866947782141 -0.19589224057560628 -0.1789417231412227 -0.2077037399006736 -0.2535362488868574 0.0 0.0 0.0 
21.975000000000158 -1.7827212482775634 4.6997336092976045 -0.1992695503955817 -0.1805651887192144 -0.20990760634601982 -0.25371804302119805 0.0 0.0 0.0 
21.98500000000016 -1.781825033108386 4.697489582117563 -0.19612930804636264 -0.18879869933767002 -0.21484287525593423 -0.25495520839354 0.0 0.0 0.0 
22.02000000000016 -1.7858098626535948 4.689049682382394 -0.19167423785640203 -0.1966179367462138 -0.2205945897258722 -0.25434539029329317 0.0 0.0 0.0 
22.03500000000016 -1.7914197305738742 4.685723849171871 -0.19395827256615839 -0.2042118886422576 -0.22488268544514006 -0.2574366232017344 0.0 0.0 0.0 
22.04500000000016 -1.7892300943404393 4.683045053513235 -0.18908984067408774 -0.22196519133148723 -0.23553527716249095 -0.26029134803141735 0.0 0.0 0.0 
22.075000000000163 -1.7965949385520361 4.674997060925339 -0.1884066922977885 -0.23140215765148064 -0.2432374698368817 -0.2600947430798579 0.0 0.0 0.0 
22.100000000000165 -1.7982555780406975 4.668633685127966 -0.18370395598907674 -0.24031721690867597 -0.24832112209443616 -0.2609983557937247 0.0 0.0 0.0 
22.115000000000165 -1.8044600656863834 4.664079916315911 -0.18535467482270818 -0.25640491932827686 -0.26207498184622996 -0.2608308712757018 0.0 0.0 0.0 
22.140000000000168 -1.8032085533707507 4.657478289284758 -0.17750153547592262 -0.2608619995282824 -0.26497430251965476 -0.25934874396494023 0.0 0.0 0.0 
22.155000000000168 -1.8064646973745513 4.653120281746638 -0.17639967194160278 -0.26850976933629206 -0.2716118488635627 -0.258699626815027 0.0 0.0 0.0 
22.16500000000017 -1.8130561022207683 4.650342816597079 -0.1802136116382611 -0.2744588812754386 -0.2758659054008005 -0.26032818052965134 0.0 0.0 0.0 
22.19500000000017 -1.8280463261198798 4.640323369137852 -0.18518438807814608 -0.2860369641476976 -0.28806328060775366 -0.2591418634001034 0.0 0.0 0.0 
22.21000000000017 -1.8341084708881155 4.635940356932241 -0.18686352064077028 -0.29596244600135146 -0.2962805430606412 -0.2595043905208297 0.0 0.0 0.0 
22.225000000000172 -1.8412435948655146 4.6314929274871295 -0.18955121517305784 -0.2986329777929679 -0.29880975249186026 -0.2598792269035906 0.0 0.0 0.0 
22.255000000000173 -1.8517574782027302 4.622954053208017 -0.1915262242311604 -0.29372254862753394 -0.2963207219227396 -0.25903267901938104 0.0 0.0 0.0 
22.265000000000175 -1.8550241058000174 4.619935203197211 -0.1917740018176417 -0.29338889877319096 -0.2951886932107165 -0.2598480714352303 0.0 0.0 0.0 
22.295000000000176 -1.8643927889145913 4.610028947949635 -0.19123642968463983 -0.30060820063594396 -0.3021660595282179 -0.2587987627331876 0.0 0.0 0.0 
22.305000000000177 -1.870582357699262 4.607639117809452 -0.1950361683291275 -0.2859501552630877 -0.2957034527455868 -0.2548648920018249 0.0 0.0 0.0 
22.33500000000018 -1.8941803973921023 4.598076399183473 -0.2090714893959884 -0.2859599959770701 -0.29972020810604594 -0.25494345637905674 0.0 0.0 0.0 
22.36000000000018 -1.9081818143017535 4.589758761132508 -0.2147552682546756 -0.29054619272063253 -0.307857816373228 -0.2527489910336745 0.0 0.0 0.0 
22.39000000000018 -1.9288245982015386 4.580442854971595 -0.2260821459935478 -0.2881494893358776 -0.3104503305611597 -0.25171275010075556 0.0 0.0 0.0 
22.39000000000018 -1.9288245982015386 4.580442854971595 -0.2260821459935478 -0.2881494893358776 -0.3104503305611597 -0.25171275010075556 0.0 0.0 0.0 
22.420000000000183 -1.9438196582038505 4.570616329644178 -0.2312506806684418 -0.29150712448383975 -0.3146974201244403 -0.2518088256998151 0.0 0.0 0.0 
22.430000000000184 -1.9550876259420882 4.567764845271471 -0.23966716403397292 -0.28378188601369214 -0.3125679848752243 -0.25027092740633483 0.0 0.0 0.0 
22.460000000000186 -1.9750692253550584 4.559350643749263 -0.25123456192473537 -0.2753088856272855 -0.30585411015859654 -0.2526868621876753 0.0 0.0 0.0 
22.470000000000187 -1.98042150655118 4.5558350796264975 -0.25307127899809156 -0.28309333555118976 -0.3090159850321352 -0.2559037783095495 0.0 0.0 0.0 
22.50000000000019 -2.0001686518851796 4.5465425141563856 -0.26352585886197843 -0.2789082840559566 -0.3094838873694632 -0.2551553001795147 0.0 0.0 0.0 
22.51500000000019 -2.009360464238784 4.542789157799428 -0.26896431485862493 -0.25647020274599186 -0.29776679191016076 -0.2505228513050808 0.0 0.0 0.0 
22.52500000000019 -2.0201266140556178 4.539935350783465 -0.2768766576594963 -0.24050759401805755 -0.28994197655692905 -0.24760230951568613 0.0 0.0 0.0 
22.55500000000019 -2.0358380830733904 4.530824725604367 -0.2834775014981705 -0.24141512841558 -0.2919364440482784 -0.24825591023096205 0.0 0.0 0.0 
22.565000000000193 -2.042629352567501 4.528025813806382 -0.2874698591942968 -0.23528849585983933 -0.29130725728608897 -0.2453379043957374 0.0 0.0 0.0 
22.595000000000194 -2.06102424411779 4.520046863978966 -0.2978858009171699 -0.22538695047795665 -0.28611200602218695 -0.2451405533946828 0.0 0.0 0.0 
22.610000000000195 -2.0733438067460823 4.517407038628157 -0.3075655381946536 -0.1901669117982327 -0.2606688400239565 -0.2430856781029149 0.0 0.0 0.0 
22.640000000000196 -2.087039192174179 4.510026366687411 -0.3138802516820043 -0.17948617165429726 -0.2538546566619069 -0.24251124350241313 0.0 0.0 0.0 
22.655000000000197 -2.0944969653968637 4.507192712790337 -0.31850437100761475 -0.15672703232791602 -0.23658083536432895 -0.24120545356143436 0.0 0.0 0.0 
22.6800000000002 -2.112099125247693 4.501570824239398 -0.3304846423075043 -0.1436238597769528 -0.23107531490014596 -0.23874824764902847 0.0 0.0 0.0 
22.6900000000002 -2.1127333798020644 4.500140769842305 -0.32968884246478325 -0.11690855593288871 -0.2090776153229564 -0.23639765328168233 0.0 0.0 0.0 
22.7200000000002 -2.1298754692310196 4.493302112729538 -0.33999227478097094 -0.11285375944544707 -0.21068223235720077 -0.234144148188766 0.0 0.0 0.0 
22.735000000000202 -2.1372759848799054 4.490821579531231 -0.3449122572315506 -0.10064333992249619 -0.20247707178771557 -0.2326111864872681 0.0 0.0 0.0 
22.760000000000204 -2.147935256109756 4.487390064414427 -0.3521400133445969 -0.08027205928548706 -0.18778150055345277 -0.23059968050945312 0.0 0.0 0.0 
22.775000000000205 -2.1542205554868676 4.485482964606318 -0.3565182129135991 -0.05546575902490554 -0.1680925769369118 -0.2281507883603157 0.0 0.0 0.0 
22.785000000000206 -2.1534230379399473 4.484575603611298 -0.3548133343716593 -0.028762223866215075 -0.14349404116532438 -0.2267821814466171 0.0 0.0 0.0 
22.820000000000206 -2.1665671355726217 4.483663945219676 -0.36704577361271085 0.0026518738530037222 -0.11758507650347397 -0.22765616372394132 0.0 0.0 0.0 
22.830000000000208 -2.167807904311691 4.4837084008996175 -0.3683309980317224 0.05830894077533395 -0.06544275465696822 -0.22955553408038742 0.0 0.0 0.0 
22.86000000000021 -2.1751532162764384 4.481673905555328 -0.3736418146521805 0.06553194889464298 -0.060665756293360504 -0.22881809196891448 0.0 0.0 0.0 
22.87500000000021 -2.180205665576896 4.480003670737225 -0.37702402913453525 0.4512924057117921 -0.06803902667836735 -0.22544580128961014 0.0 0.0 0.0 
22.88500000000021 -2.185442911310786 4.480191371412242 -0.3824489755434417 0.4769650490593277 -0.05380580654409805 -0.22685065707138607 0.0 0.0 0.0 
22.915000000000212 -2.1805777663184744 4.480774280994474 -0.3781667401333628 0.4836563946916107 -0.03754030800864511 -0.22599848519601218 0.0 0.0 0.0 
22.940000000000214 -2.18316975513596 4.481718060907058 -0.38170250886343204 0.5073427191529121 -0.01638940237659709 -0.22126791917931427 0.0 0.0 0.0 
22.955000000000215 -2.1767894822491423 4.4834579760674265 -0.3770621511369825 0.571507305879912 0.021081887859128408 -0.21979945474085674 0.0 0.0 0.0 
22.980000000000217 -2.174550224512259 4.487472531817282 -0.3788374491499553 0.6 0.05613174631926778 -0.21475709101640758 0.0 0.0 0.0 
22.995000000000218 -2.1740892382255614 4.487995865173207 -0.3788997962191818 0.6 0.06950103830158345 -0.2110306269336865 0.0 0.0 0.0 
23.02500000000022 -2.159704969370001 4.492028178756257 -0.3685478409466718 0.6 0.08466730014342781 -0.20548749102095706 0.0 0.0 0.0 
23.04000000000022 -2.1491923742753736 4.494277764456538 -0.3602848315523257 0.6 0.10706716723249557 -0.1951982326637182 0.0 0.0 0.0 
23.05500000000022 -2.142232552770722 4.497705045456772 -0.35675229104790773 0.6 0.13843031916551757 -0.18844022145582576 0.0 0.0 0.0 
23.080000000000222 -2.122823336535531 4.502600608387954 -0.3422386377438986 0.6 0.1557446513529142 -0.18392176609269548 0.0 0.0 0.0 
23.095000000000223 -2.1137143999947337 4.506405517369912 -0.3369346101850592 0.6 0.1843019398548573 -0.18012783996100265 0.0 0.0 0.0 
23.105000000000224 -2.106063657171329 4.508858488148297 -0.3317368381400403 0.6 0.2096113249542893 -0.17448333755358866 0.0 0.0 0.0 
23.135000000000225 -2.0815713899798802 4.515664650360261 -0.31405073316055443 0.6 0.2156586562459934 -0.17477781186286515 0.0 0.0 0.0 
23.160000000000228 -2.0474052282145823 4.521230523354564 -0.2854504443895607 0.6 0.2192665308689218 -0.17451564983674753 0.0 0.0 0.0 
23.17000000000023 -2.036063096616015 4.522842985601317 -0.2757207750377457 0.5768436046601603 0.2102458740482882 -0.17085022757660315 0.0 0.0 0.0 
23.18500000000023 -2.0148018901264044 4.527433390997092 -0.2590499739439096 0.5793636453288478 0.22782239160431061 -0.16950710300917762 0.0 0.0 0.0 
23.20500000000023 -1.9911550033885586 4.534870418936414 -0.24284011514538673 0.6 0.260975937610602 -0.17277617767704578 0.0 0.0 0.0 
23.23500000000023 -1.9535702067003697 4.543623802083235 -0.2140087016040182 0.5781110463828869 0.273899611596759 -0.17624044700389807 0.0 0.0 0.0 
23.25000000000023 -1.9245897661722424 4.5466786851704635 -0.18808314416311944 0.5468385119695515 0.2674946846876286 -0.18360207592875216 0.0 0.0 0.0 
23.280000000000232 -1.8810309342220735 4.55343325960681 -0.15127888664929756 0.2781047853969312 0.2579516432887147 -0.18571613391933126 0.0 0.0 0.0 
23.320000000000235 -1.8110453965946334 4.557452796308513 -0.08531288572356033 0.23137595588783094 0.22390026255774123 -0.1914952624892724 0.0 0.0 0.0 
23.335000000000235 -1.7835201783011991 4.561217772136254 -0.06155264325786636 0.21256900224703829 0.20191951927464089 -0.20128682930684216 0.0 0.0 0.0 
23.335000000000235 -1.7835201783011991 4.561217772136254 -0.06155264325786636 0.21256900224703829 0.20191951927464089 -0.20128682930684216 0.0 0.0 0.0 
23.350000000000236 -1.76865477033726 4.563807623686979 -0.049277086844652374 0.2057904747726283 0.18934463771318089 -0.21186571526919337 0.0 0.0 0.0 
23.380000000000237 -1.7236359971473083 4.563726328053742 -0.00417701802146464 0.15060034966335864 0.14855165221574373 -0.21360632871555746 0.0 0.0 0.0 
23.395000000000238 -1.7056079873240206 4.560111791299092 0.017465528556473764 0.041233992047151474 0.04499394022832809 -0.22389268895137285 0.0 0.0 0.0 
23.42500000000024 -1.6687191506626724 4.553691693629666 0.06077446288724708 -0.045680000820749994 -0.0231160958746275 -0.22466558645467327 0.0 0.0 0.0 
23.44000000000024 -1.6530582570297225 4.546889601359439 0.08323744879042483 -0.1926846473809456 -0.15146990395036786 -0.22973672760858388 0.0 0.0 0.0 
23.45500000000024 -1.6370997068661561 4.541247485283865 0.10483811502956542 -0.2962330877476877 -0.23579284236357623 -0.23419380468088793 0.0 0.0 0.0 
23.46500000000024 -1.627128062033015 4.531117578002885 0.12493966714368643 -0.6 -0.4314369475297578 -0.23420392122864495 0.0 0.0 0.0 
23.495000000000243 -1.6057743995111795 4.507104824720935 0.17030608294747118 -0.6 -0.5258844975790612 -0.23691021258522652 0.0 0.0 0.0 
23.520000000000245 -1.5911486844118 4.46859010902186 0.22344651374592672 -0.6 -0.7656465446496783 -0.23555336721964162 0.0 0.0 0.0 
23.535000000000245 -1.5887251571791143 4.437839585943918 0.2566205640565542 -0.6 -1.146615212975095 -0.23503951100557616 0.0 0.0 0.0 
23.545000000000247 -1.5896531287301894 4.413857549563384 0.2796746288860126 -0.6 -1.5729264023059997 -0.24000602628162848 0.0 0.0 0.0 
23.575000000000248 -1.5945966619982055 4.327644726881699 0.3609439182996814 -0.6 -1.8793317371979241 -0.2375029253023129 0.0 0.0 0.0 
23.58500000000025 -1.597058635771719 4.289606912561767 0.39651975884610025 -0.6 -2.5470956418082458 -0.23181456859778105 0.0 0.0 0.0 
23.60500000000025 -1.6045662209622336 4.211436519257844 0.4671825669595089 -0.6 -2.9237832971166426 -0.2235137961398777 0.0 0.0 0.0 
23.63500000000025 -1.6252668434214061 4.041605379154369 0.616313084603811 -0.6 -3.5540427189694586 -0.21064140941650344 0.0 0.0 0.0 
23.660000000000252 -1.6494403552848174 3.8757187888255196 0.7580261630692497 -0.6 -4.40681462017427 -0.18778975849448315 0.0 0.0 0.0 
23.675000000000253 -1.6674434829253075 3.7560643532789095 0.8596774709753694 -0.6 -5.5597087063256 -0.14925742091629662 0.0 0.0 0.0 
23.700000000000255 -1.6939944729294107 3.5535218694317785 1.035668964818397 -0.6 -6.283712089092742 -0.11230983998179575 0.0 0.0 0.0 
23.715000000000256 -1.7129258824177338 3.427745516438528 1.1425139083233242 -0.6 -7.074259528605395 -0.054519780803001315 0.0 0.0 0.0 
23.740000000000258 -1.7487201864485435 3.2466944514276683 1.2877706693033746 -0.6 -7.251719960922182 -0.007846961035035613 0.0 0.0 0.0 
23.75500000000026 -1.7775998852079382 3.142478768812634 1.3631066531590141 -0.6 -7.2796280187647335 0.05210422918888211 0.0 0.0 0.0 
23.76500000000026 -1.7871556127880528 3.082335312312224 1.413694382079309 -0.6 -7.036071620344041 0.10955184988914438 0.0 0.0 0.0 
23.79500000000026 -1.8446868071850215 2.9329162240788205 1.505582275915744 -0.6 -6.595287359292388 0.13696084219964594 0.0 0.0 0.0 
23.825000000000262 -1.8935219831512413 2.8187787388783394 1.5708845851500053 -0.6 -5.896832455170772 0.17123218562562745 0.0 0.0 0.0 
23.840000000000263 -1.9186305030522635 2.772659368288004 1.5918954358393185 -0.6 -4.902770168974612 0.21308919735676138 0.0 0.0 0.0 
23.855000000000263 -1.9417246659828749 2.7304405881074105 1.6110200530893009 -0.6 -4.179208900620904 0.24167869055437585 0.0 0.0 0.0 
23.865000000000265 -1.964283329542961 2.702938545050697 1.6159634325859287 -0.565587201405075 -3.5615195446280685 0.2578608520446739 0.0 0.0 0.0 
23.895000000000266 -2.0145967076256333 2.6390239232968136 1.6295646762571394 -0.5703476366899988 -3.2094518569502952 0.26431386567841103 0.0 0.0 0.0 
23.920000000000268 -2.0578318282533052 2.589976095659263 1.6353773832670182 -0.5723820841434564 -2.829024689154962 0.266509464342615 0.0 0.0 0.0 
23.93500000000027 -2.0831315442193867 2.5663504368546968 1.6337033261055023 -0.5717961641369258 -2.383294886365888 0.26766886318672733 0.0 0.0 0.0 
23.94500000000027 -2.0946186902243666 2.548855421858618 1.6397111950966021 -0.5738989182838107 -2.0527018275318123 0.27029977828498897 0.0 0.0 0.0 
23.97500000000027 -2.1395298720435125 2.501781754366048 1.6418736807700256 -0.5746557882695089 -1.921442162932349 0.2675168486404765 0.0 0.0 0.0 
23.985000000000273 -2.161655435300515 2.4890413454213913 1.6324885264576796 -0.5713709842601878 -1.671225260443811 0.258625294614847 0.0 0.0 0.0 
24.020000000000273 -2.209490573259395 2.443689653916003 1.6300050800041888 -0.5705017780014661 -1.5735681851986012 0.2528820615391122 0.0 0.0 0.0 
24.035000000000274 -2.2258984788177694 2.4232690871833413 1.634017741178475 -0.5719062094124663 -1.4616686596428996 0.242460050278305 0.0 0.0 0.0 
24.060000000000276 -2.25763523589418 2.3908649348348807 1.6346851364505257 -0.572139797757684 -1.4078446261993618 0.2339703482657434 0.0 0.0 0.0 
24.075000000000276 -2.2808185279247986 2.3756725084622334 1.6266942707925542 -0.5693429947773939 -1.3007175618969404 0.22084797545130508 0.0 0.0 0.0 
24.085000000000278 -2.2922825960598443 2.3616765030272795 1.6292262080924624 -0.5702291728323619 -1.272132460243368 0.2027372242731522 0.0 0.0 0.0 
