14.669999999999767 0.7777856113357893 0.01499712832072468 0.7627884830150646 -0.2631580400694936 0.0065095599315740625 -0.12478959018152226 0.0 0.0 0.0 
14.669999999999767 0.7777856113357893 0.01499712832072468 0.7627884830150646 -0.2631580400694936 0.0065095599315740625 -0.12478959018152226 0.0 0.0 0.0 
14.679999999999767 0.7792737775617915 0.015236227488279231 0.7640375500735123 -0.25048068847954 0.01298684500736201 -0.27740762248408013 0.0 0.0 0.0 
14.709999999999768 0.778372970480717 0.01573805377819411 0.7626349167025228 -0.24232908827470379 0.014397462595438431 -0.3634377490781656 0.0 0.0 0.0 
14.734999999999769 0.7699116535201167 0.016041192678242534 0.7538704608418741 -0.23318276615338535 0.014449455694726082 -0.451638821164901 0.0 0.0 0.0 
14.749999999999769 0.7656032839386936 0.016198556297401984 0.7494047276412916 -0.22784321164953236 0.013674062962754103 -0.536011570424467 0.0 0.0 0.0 
14.77499999999977 0.7629667824428873 0.016248935954191922 0.7467178464886953 -0.23110892614900946 0.011172406651941965 -0.575931077039608 0.0 0.0 0.0 
14.78999999999977 0.7535534326105031 0.016177538838561354 0.7373758937719418 -0.23888201942769383 0.006684881520543283 -0.6110817700942288 0.0 0.0 0.0 
14.81499999999977 0.7475947966780275 0.01624750174991464 0.7313472949281129 -0.24091068978849317 0.005083406783245982 -0.6303723399770261 0.0 0.0 0.0 
14.829999999999771 0.7419300247215505 0.016376656062150503 0.7255533686593999 -0.2387342148137376 0.004990189944768755 -0.6484835752167097 0.0 0.0 0.0 
14.84999999999977 0.7328695795160255 0.016348761785233187 0.7165208177307923 -0.2394891219214907 0.0036760983569357275 -0.6536280257618667 0.0 0.0 0.0 
14.87499999999977 0.7280658993113541 0.01632843260792186 0.7117374667034323 -0.24151740357165272 0.002449011939178903 -0.6594678478473075 0.0 0.0 0.0 
14.88499999999977 0.7239226574030018 0.016450305319752556 0.7074723520832492 -0.23665143813066647 0.003493025332638171 -0.6678283974972146 0.0 0.0 0.0 
14.914999999999772 0.707093133975948 0.016597817212322886 0.6904953167636251 -0.2294677277953802 0.003886664328135757 -0.6681676078856107 0.0 0.0 0.0 
14.929999999999772 0.7018020801739606 0.01653459041979174 0.6852674897541688 -0.23201648883221182 0.0024842046947938655 -0.6703744507482116 0.0 0.0 0.0 
14.954999999999773 0.6876194913687727 0.016619513243109726 0.6709999781256629 -0.22723983733534767 0.0024144816895222336 -0.6706126303451524 0.0 0.0 0.0 
14.969999999999773 0.6857246420270131 0.016912864931322828 0.6688117770956903 -0.21558653467849742 0.005850644923112918 -0.6726876994116044 0.0 0.0 0.0 
14.994999999999774 0.6702976223762471 0.016822507558635645 0.6534751148176114 -0.21434785058591344 0.0045576582343131045 -0.6707643819248965 0.0 0.0 0.0 
15.009999999999774 0.6621073144107872 0.016919652165665166 0.645187662245122 -0.2122763376890881 0.004294303847826631 -0.6708215375572665 0.0 0.0 0.0 
15.029999999999774 0.6528500593462702 0.01700359118949824 0.6358464681567719 -0.20919045487434473 0.0042148414085174685 -0.6742036555576371 0.0 0.0 0.0 
15.054999999999774 0.6400984149201145 0.017394648571685874 0.6227037663484287 -0.19734623240277577 0.00650967090869968 -0.6733054626379803 0.0 0.0 0.0 
15.069999999999775 0.6307691298362575 0.01750802883189772 0.6132611010043598 -0.1898178989208751 0.007879072602223014 -0.6703317921064882 0.0 0.0 0.0 
15.079999999999774 0.6304942285815069 0.017830691424092774 0.6126635371574142 -0.17194213720934032 0.013438843910659096 -0.6727101704522105 0.0 0.0 0.0 
15.119999999999775 0.6030238403363894 0.01818617289898779 0.5848376674374016 -0.16372648788619534 0.012937560690607074 -0.6737219206991234 0.0 0.0 0.0 
15.144999999999776 0.5949884051928223 0.018492725470011285 0.576495679722811 -0.16202425660271633 0.012558159397544247 -0.6734492681331863 0.0 0.0 0.0 
15.144999999999776 0.5949884051928223 0.018492725470011285 0.576495679722811 -0.16202425660271633 0.012558159397544247 -0.6734492681331863 0.0 0.0 0.0 
15.174999999999777 0.5763273493328417 0.019318711905310332 0.5570086374275314 -0.14576811239853504 0.015494899815183642 -0.6753754294687895 0.0 0.0 0.0 
15.184999999999777 0.5740386412534467 0.019318289904706132 0.5547203513487406 -0.14640967571834226 0.015013729019381755 -0.6765785826877229 0.0 0.0 0.0 
15.199999999999777 0.5614024723729742 0.019981729640122067 0.5414207427328522 -0.12311419737754976 0.020832849210585015 -0.6779704362610688 0.0 0.0 0.0 
15.219999999999777 0.5573368016440392 0.020549485969457902 0.5367873156745813 -0.11233604734316144 0.0236829429733463 -0.6786418755900457 0.0 0.0 0.0 
15.249999999999778 0.5493284189107428 0.021447118631927695 0.5278813002788151 -0.10340690524214836 0.02552093640173805 -0.6782212110992536 0.0 0.0 0.0 
15.274999999999778 0.538513583681001 0.022394826455575067 0.5161187572254259 -0.08919073497278918 0.028696571766435926 -0.6780469658383239 0.0 0.0 0.0 
15.289999999999779 0.5342493240025231 0.023120412368932548 0.5111289116335905 -0.06896503288205465 0.03428197531042674 -0.6822646544888077 0.0 0.0 0.0 
15.31499999999978 0.5303489193312888 0.024335113633283154 0.5060138056980057 -0.054653920800711464 0.03819270629453945 -0.6821560420310765 0.0 0.0 0.0 
15.32999999999978 0.5252718623806516 0.025079393351529155 0.5001924690291224 -0.03907803089216383 0.042478119670705944 -0.6811483398894165 0.0 0.0 0.0 
15.35499999999978 0.5189095023135805 0.026650043336646702 0.49225945897693374 -0.02055169178384797 0.04737636784461419 -0.6814561853256216 0.0 0.0 0.0 
15.36999999999978 0.5126949342093423 0.02757849188614348 0.48511644232319884 0.00014463752501406302 0.05278624222863123 -0.6849600374718624 0.0 0.0 0.0 
15.394999999999781 0.502471362196919 0.029070312675330407 0.4734010495215886 0.011516264847841878 0.05516266877044644 -0.6834973651961264 0.0 0.0 0.0 
15.409999999999782 0.5145502993520897 0.03028566542932196 0.48426463392276775 0.028952981934564803 0.061597605571481515 -0.6854563339515274 0.0 0.0 0.0 
15.429999999999781 0.5041545189157784 0.03202409870839253 0.47213042020738594 0.05448481797535373 0.06818565368058137 -0.6856451504471164 0.0 0.0 0.0 
15.439999999999781 0.5040267324777141 0.03264515609073202 0.4713815763869821 0.0634551504318294 0.07094023990864401 -0.6851397633715055 0.0 0.0 0.0 
15.479999999999782 0.5014048645943004 0.035867127825006645 0.4655377367692938 0.07266695561013348 0.07309438881540575 -0.6858085688861806 0.0 0.0 0.0 
15.479999999999782 0.5014048645943004 0.035867127825006645 0.4655377367692938 0.07266695561013348 0.07309438881540575 -0.6858085688861806 0.0 0.0 0.0 
15.509999999999783 0.5036872767598978 0.03842301314777819 0.4652642636121196 0.08308505190118207 0.07641384106805395 -0.6847582671612882 0.0 0.0 0.0 
15.534999999999783 0.508301036129004 0.04087973294844509 0.4674213031805589 0.10171926262326828 0.08204442980488592 -0.6880462917818657 0.0 0.0 0.0 
15.549999999999784 0.5026690975561316 0.042416533559676076 0.4602525639964556 0.12757655624508477 0.08901599617583346 -0.6899667237566142 0.0 0.0 0.0 
15.574999999999784 0.5161452044855593 0.045166056040122256 0.4709791484454371 0.14216704970347863 0.09452672833816797 -0.691034429157746 0.0 0.0 0.0 
15.589999999999785 0.5179974459226577 0.046682097924232925 0.4713153479984248 0.15758921455264024 0.09862995875035915 -0.6958085802101619 0.0 0.0 0.0 
15.614999999999785 0.5148252756811478 0.04907235820006757 0.4657529174810802 0.15972002241774985 0.09876323665748447 -0.6952659077871747 0.0 0.0 0.0 
15.654999999999786 0.5239047087566356 0.05333487122306971 0.47056983753356596 0.1629858204437856 0.10036785126760754 -0.6946474191325385 0.0 0.0 0.0 
15.654999999999786 0.5239047087566356 0.05333487122306971 0.47056983753356596 0.1629858204437856 0.10036785126760754 -0.6946474191325385 0.0 0.0 0.0 
15.669999999999787 0.5337180676457732 0.05519630890652708 0.47852175873924613 0.18179778687364792 0.10646715923142319 -0.698008473010888 0.0 0.0 0.0 
15.684999999999787 0.5355753503582803 0.056988527199811664 0.4785868231584686 0.19896199571454232 0.11094754710545525 -0.7027806006146202 0.0 0.0 0.0 
15.699999999999788 0.5356635567909669 0.058383632583111515 0.47727992420785537 0.1929657070767996 0.1086699088230425 -0.7048745716793329 0.0 0.0 0.0 
15.729999999999789 0.5376454009328321 0.062013102484189224 0.47563229844864285 0.20160630827692708 0.11081868132843507 -0.7066893844005717 0.0 0.0 0.0 
15.75499999999979 0.5500296221779548 0.06478511797393612 0.4852445042040187 0.20122647230365145 0.11161122824583397 -0.7073604808461237 0.0 0.0 0.0 
15.76999999999979 0.5594347124423229 0.06639021276364356 0.49304449967867936 0.19640532891568535 0.1110783099246242 -0.706748668313182 0.0 0.0 0.0 
15.79499999999979 0.5710274320784914 0.0694940893398359 0.5015333427386555 0.20368762673149454 0.11362962775674586 -0.7100790714995141 0.0 0.0 0.0 
15.79499999999979 0.5710274320784914 0.0694940893398359 0.5015333427386555 0.20368762673149454 0.11362962775674586 -0.7100790714995141 0.0 0.0 0.0 
15.82499999999979 0.5791083418900215 0.07281611862057229 0.5062922232694492 0.20243201768916708 0.11368647048448983 -0.7104913547621653 0.0 0.0 0.0 
15.83999999999979 0.5798464294432426 0.0747860503392583 0.5050603791039843 0.2143692011149984 0.1172934282639259 -0.709514154791848 0.0 0.0 0.0 
15.869999999999791 0.5922323681213619 0.07819651164945238 0.5140358564719095 0.2118154057850741 0.1171076752484298 -0.7117071818266301 0.0 0.0 0.0 
15.894999999999792 0.6005850238652297 0.08109227792701432 0.5194927459382154 0.20842470214485312 0.11678164951424906 -0.7109962196069181 0.0 0.0 0.0 
15.919999999999792 0.6104722461520504 0.08401258525309103 0.5264596608989593 0.20447438588133887 0.11668923204424494 -0.7088026021709659 0.0 0.0 0.0 
15.934999999999793 0.6205335065520958 0.08573013635100533 0.5348033702010905 0.19990881630633878 0.11620000856933392 -0.7087742471348398 0.0 0.0 0.0 
15.949999999999793 0.6264696010031177 0.08756113898228028 0.5389084620208374 0.200658606356972 0.11724005225509408 -0.7064548345269297 0.0 0.0 0.0 
15.959999999999793 0.6363100197438044 0.08889830659984858 0.5474117131439559 0.2138351775357667 0.12104850575161015 -0.7126196873825785 0.0 0.0 0.0 
15.989999999999794 0.6369784248349115 0.0923806224403573 0.5445978023945542 0.21071569134322268 0.12042583432124072 -0.70905285229245 0.0 0.0 0.0 
15.999999999999794 0.6388512551236397 0.09352327050491104 0.5453279846187287 0.20182154303554933 0.11861315185534282 -0.7043930904789228 0.0 0.0 0.0 
16.019999999999794 0.6513680465702939 0.0957851872005788 0.5555828593697151 0.19087694667983088 0.11722172692530544 -0.6994036866756862 0.0 0.0 0.0 
16.049999999999795 0.6661654063550956 0.10005519755013022 0.5661102088049653 0.2013324089647021 0.12202629305484455 -0.696520592731005 0.0 0.0 0.0 
16.074999999999797 0.6713620687134838 0.10300775578187922 0.5683543129316045 0.19999122539262779 0.1229757478934261 -0.690181465463815 0.0 0.0 0.0 
16.089999999999797 0.6761557682191564 0.10526830966757732 0.5708874585515791 0.21363667229147448 0.12906931988304862 -0.6815524173764904 0.0 0.0 0.0 
16.0999999999998 0.6784254443763291 0.1065157838791457 0.5719096604971834 0.21774942878114908 0.130959093681278 -0.6789805921045065 0.0 0.0 0.0 
16.1299999999998 0.6897650257479625 0.11038095367052199 0.5793840720774405 0.21097049234844806 0.1307203254939296 -0.6734450886168868 0.0 0.0 0.0 
16.154999999999802 0.6941691073847862 0.11405784133918807 0.5801112660455982 0.21712778231503896 0.1339455768455941 -0.6674141672230756 0.0 0.0 0.0 
16.169999999999803 0.70607268051353 0.11596561708660477 0.5901070634269252 0.20836087700931105 0.13420263434761665 -0.6577832465183983 0.0 0.0 0.0 
16.194999999999805 0.7089784822897259 0.11950754187798165 0.5894709404117443 0.20994357514746778 0.1357628476389916 -0.6523553348695521 0.0 0.0 0.0 
16.209999999999805 0.7168178929975646 0.12151513397210814 0.5953027590254565 0.20400127448099495 0.13615997179720407 -0.6443566479226602 0.0 0.0 0.0 
16.239999999999807 0.7216369722040886 0.12554285938577678 0.5960941128183118 0.20236840449321633 0.1358347890794622 -0.6437753910936196 0.0 0.0 0.0 
16.26499999999981 0.7337142094406208 0.12914734694782232 0.6045668624927985 0.20220977896488737 0.13740655221689702 -0.6407576085324229 0.0 0.0 0.0 
16.26499999999981 0.7337142094406208 0.12914734694782232 0.6045668624927985 0.20220977896488737 0.13740655221689702 -0.6407576085324229 0.0 0.0 0.0 
16.27999999999981 0.7318064515516666 0.1312832282541146 0.6005232232975519 0.20564109317408039 0.13920855360971 -0.63554455733029 0.0 0.0 0.0 
16.30999999999981 0.7504688565132653 0.13578092575521272 0.6146879307580526 0.2069390034432743 0.1416508323468179 -0.6339829202159373 0.0 0.0 0.0 
16.334999999999813 0.7574138795224712 0.13925271201910644 0.6181611675033647 0.20433808529155076 0.14197455471569406 -0.6304613314001931 0.0 0.0 0.0 
16.349999999999813 0.7680849131681501 0.14162510266798872 0.6264598105001613 0.20973332588618693 0.14541519117331747 -0.6276880265277328 0.0 0.0 0.0 
16.374999999999815 0.7859176901085183 0.14537013851493014 0.6405475515935881 0.20894656658311508 0.14692788083800212 -0.6272265369609852 0.0 0.0 0.0 
16.389999999999816 0.7852983387913962 0.1475556935541884 0.6377426452372078 0.20876405502302278 0.14744262570423736 -0.6233567612483482 0.0 0.0 0.0 
16.399999999999817 0.7824587772466788 0.14927709521866067 0.6331816820280181 0.22262928091183598 0.15267744318774157 -0.6190813621219681 0.0 0.0 0.0 
16.434999999999818 0.7913940053134919 0.15464093052110306 0.6367530747923889 0.22386689136088242 0.15324631727457194 -0.6202369971222851 0.0 0.0 0.0 
16.449999999999818 0.8025167219230479 0.15662158594851744 0.6458951359745304 0.2129860470872571 0.1493543165895186 -0.6254573441196215 0.0 0.0 0.0 
16.47499999999982 0.8152392164818153 0.15999857273530263 0.6552406437465127 0.2007216452849648 0.14575726232876152 -0.6277645971193246 0.0 0.0 0.0 
16.48999999999982 0.8184091185241437 0.16221924314139122 0.6561898753827524 0.19957135677808124 0.14440695233291734 -0.6324293450861702 0.0 0.0 0.0 
16.514999999999823 0.8315353584439888 0.16547538080138433 0.6660599776426045 0.18828964737812143 0.14129417826719784 -0.6345756017860533 0.0 0.0 0.0 
16.529999999999824 0.8332884314558392 0.1676216235482848 0.6656668079075544 0.1865931892990501 0.1400870273264451 -0.6372582299857802 0.0 0.0 0.0 
16.554999999999826 0.8494855739819401 0.17086092327907967 0.6786246507028605 0.17641485719218555 0.13773863421652957 -0.6394063273759272 0.0 0.0 0.0 
16.569999999999826 0.8613622713138975 0.17331066689158559 0.688051604422312 0.1860787880647195 0.1417341180302617 -0.6408415856473099 0.0 0.0 0.0 
16.59499999999983 0.8673681351759305 0.17712823856559806 0.6902398966103325 0.19356390750618968 0.14468047000082448 -0.6399250256221282 0.0 0.0 0.0 
16.60999999999983 0.8806069088396332 0.1793794727272189 0.7012274361124143 0.19780160685565834 0.14725978845936327 -0.6403955461645588 0.0 0.0 0.0 
16.62999999999983 0.8853984108661582 0.18225359852121215 0.7031448123449461 0.19171057173437134 0.1471253878358053 -0.6331424674272556 0.0 0.0 0.0 
16.664999999999832 0.8975030393343617 0.1880635972204312 0.7094394421139305 0.19819424771526403 0.15092425716531777 -0.6294520669708747 0.0 0.0 0.0 
16.679999999999833 0.9103331156418493 0.19079792442618093 0.7195351912156683 0.2148322414382744 0.15995688096870894 -0.6207385064976847 0.0 0.0 0.0 
16.694999999999833 0.9121293654419682 0.19301786178287297 0.7191115036590953 0.21050404843928222 0.1602671355884128 -0.6135939954690725 0.0 0.0 0.0 
16.709999999999834 0.9190696963833359 0.1958144982118379 0.723255198171498 0.22279108719998636 0.1656614844452447 -0.6112572814911547 0.0 0.0 0.0 
16.734999999999836 0.9324004603898495 0.2008077182037361 0.7315927421861134 0.23773380375964426 0.17353919009696958 -0.605407752012752 0.0 0.0 0.0 
16.749999999999837 0.9414486981481522 0.203320854877431 0.7381278432707212 0.24056965335629016 0.17629652579662472 -0.6021219034317761 0.0 0.0 0.0 
16.77499999999984 0.9585012875353751 0.2081801394099178 0.7503211481254572 0.24571335408687445 0.1804571404654354 -0.5993357529468436 0.0 0.0 0.0 
16.78999999999984 0.9596139034061406 0.2109198681112667 0.7486940352948739 0.25364373406134944 0.1829985502182522 -0.5995706683799901 0.0 0.0 0.0 
16.79999999999984 0.9650169275359866 0.21265773165328072 0.7523591958827058 0.24623334482978798 0.1822862452001753 -0.5947613978144464 0.0 0.0 0.0 
16.829999999999842 0.9771314922567993 0.21838291202137347 0.7587485802354258 0.2457188319253754 0.18394642394244162 -0.5913850025085131 0.0 0.0 0.0 
16.844999999999843 0.982421646763672 0.22147527388371108 0.760946372879961 0.25777673818663094 0.18944856637472418 -0.58861534768357 0.0 0.0 0.0 
16.874999999999844 0.9990172869383813 0.22697899927598392 0.7720382876623975 0.25281335638864577 0.18906757712456548 -0.5885847294963942 0.0 0.0 0.0 
16.899999999999846 1.011033792865229 0.23106273630682114 0.7799710565584079 0.23502455130068128 0.18372136360881203 -0.5883266517194445 0.0 0.0 0.0 
16.914999999999846 1.0206858327500008 0.23377366421306453 0.7869121685369362 0.2220401850505509 0.18041993156478603 -0.5866449121437426 0.0 0.0 0.0 
16.929999999999847 1.0295558914810254 0.23679746041462985 0.7927584310663955 0.2260054648850403 0.18370746095072937 -0.5831089868835636 0.0 0.0 0.0 
16.95499999999985 1.0434570440078013 0.24155322882383276 0.8019038151839685 0.22706394814356706 0.18562511080629576 -0.5819671671329048 0.0 0.0 0.0 
16.96999999999985 1.0485536758689151 0.24435722195317125 0.8041964539157439 0.22694594898972287 0.1868567482496036 -0.5789105457054395 0.0 0.0 0.0 
16.994999999999852 1.0702062852868228 0.24969248306421538 0.8205138022226075 0.2318464944514172 0.192457413924473 -0.5737951621383316 0.0 0.0 0.0 
17.004999999999853 1.0759499096514247 0.25221628710493005 0.8237336225464946 0.2650393897355914 0.20882732284585048 -0.5637826670502273 0.0 0.0 0.0 
17.024999999999853 1.0876964533655555 0.2565286763911131 0.8311677769744424 0.26860184305621077 0.21267868021652936 -0.5597401720851747 0.0 0.0 0.0 
17.054999999999854 1.097459867550964 0.2633928672791424 0.8340670002718216 0.27127803722866384 0.21672122636996477 -0.5529227833057443 0.0 0.0 0.0 
17.069999999999855 1.1055480074826491 0.26736660389979977 0.8381814035828494 0.28826945644133606 0.2289263628317477 -0.5405742242537612 0.0 0.0 0.0 
17.10499999999986 1.1219914855568252 0.2760150985773353 0.8459763869794898 0.2894708583372374 0.23418880232677886 -0.5319971948821249 0.0 0.0 0.0 
17.10499999999986 1.1219914855568252 0.2760150985773353 0.8459763869794898 0.2894708583372374 0.23418880232677886 -0.5319971948821249 0.0 0.0 0.0 
17.13499999999986 1.1400045130192484 0.2852347164742672 0.8547697965449812 0.31373333848420193 0.25085519326501543 -0.5198411179125412 0.0 0.0 0.0 
17.14999999999986 1.1483718186082321 0.28989168126976195 0.8584801373384702 0.3450168827509477 0.27300920788565974 -0.503049770324223 0.0 0.0 0.0 
17.174999999999862 1.1631034073165407 0.2972820256294161 0.8658213816871246 0.34541539448875574 0.2816075862556536 -0.48993245991042683 0.0 0.0 0.0 
17.189999999999863 1.170399361766161 0.3027037094541808 0.8676956523119802 0.36603754676148265 0.30210979743474325 -0.47166945259951204 0.0 0.0 0.0 
17.199999999999864 1.1742695408591368 0.30576183638246646 0.8685077044766704 0.3625670972240602 0.3121625120744937 -0.45430836742581754 0.0 0.0 0.0 
17.229999999999865 1.1889373748914314 0.3164243744635223 0.8725130004279091 0.3677989360618706 0.3219353841527075 -0.4449012820643311 0.0 0.0 0.0 
17.259999999999867 1.211426425151954 0.32779339393000484 0.8836330312219491 0.37443541499166344 0.33644064406419827 -0.4323781086234744 0.0 0.0 0.0 
17.269999999999868 1.2198707142591325 0.3325377710017455 0.8873329432573871 0.41621167388797414 0.3775485727136074 -0.4095728910324889 0.0 0.0 0.0 
17.28499999999987 1.2242481569028112 0.33832548541085733 0.8859226714919539 0.4046688829818616 0.3875192302064074 -0.3924262730236732 0.0 0.0 0.0 
17.31499999999987 1.2451558696443903 0.35150206399166517 0.8936538056527251 0.40677998701153206 0.3994965534558454 -0.3832263876554828 0.0 0.0 0.0 
17.32999999999987 1.2449889036626096 0.35844919043789614 0.8865397132247135 0.41089289935079876 0.419630988971061 -0.36566159312809 0.0 0.0 0.0 
17.354999999999873 1.2689368906447998 0.3702424178652401 0.8986944727795596 0.4104186863819008 0.4338352559119105 -0.355543214028254 0.0 0.0 0.0 
17.369999999999873 1.2797321455290986 0.3767085837940495 0.9030235617350492 0.38794608479845166 0.4404381745446845 -0.34008894840481485 0.0 0.0 0.0 
17.404999999999873 1.302859400910252 0.392899879794876 0.9099595211153761 0.37249101544581 0.4457836780126308 -0.3297930315862293 0.0 0.0 0.0 
17.434999999999874 1.3283844697561866 0.40664719044724124 0.9217372793089453 0.3431455845380859 0.4501933473840976 -0.3146419417840527 0.0 0.0 0.0 
17.449999999999875 1.3394933430519527 0.4131476195055756 0.926345723546377 0.304610277167334 0.4494528367960657 -0.2976817109496598 0.0 0.0 0.0 
17.459999999999877 1.355029439337295 0.4171778899749932 0.9378515493623019 0.2715426809183527 0.439715607671236 -0.2902217825839514 0.0 0.0 0.0 
17.474999999999877 1.3702649567684582 0.42395483568685755 0.9463101210816006 0.2520990964880611 0.440198289687801 -0.28193659806700794 0.0 0.0 0.0 
17.489999999999878 1.3810079727074465 0.4295698301401322 0.9514381425673142 0.2164056678467028 0.4270065724552379 -0.2737558230505581 0.0 0.0 0.0 
17.51999999999988 1.4132969612342843 0.44314117479717424 0.97015578643711 0.20727426580649444 0.4301490707366573 -0.2704796062676618 0.0 0.0 0.0 
17.53499999999988 1.4210080803754883 0.4485964148636296 0.9724116655118586 0.17183719084559235 0.4185908362698876 -0.2603371351176626 0.0 0.0 0.0 
17.54499999999988 1.4322861827207856 0.4525471577262414 0.9797390249945441 0.1268695814488543 0.40858418600381474 -0.24463212353070982 0.0 0.0 0.0 
17.55999999999988 1.4395818178742068 0.4588213906205833 0.9807604272536234 0.11559113351790928 0.4085300246079965 -0.23897682735724246 0.0 0.0 0.0 
17.589999999999883 1.4659489872193474 0.470787992977174 0.9951609942421734 0.09235680332222118 0.4065690686207441 -0.23060809229149037 0.0 0.0 0.0 
17.599999999999884 1.471426104098576 0.47478287351628873 0.9966432305822874 0.0641912570778565 0.4033555955836725 -0.2178619266714934 0.0 0.0 0.0 
17.629999999999885 1.4936369854286546 0.4862674522511279 1.0073695331775268 0.03642527858678091 0.3988729687402354 -0.20750200161577304 0.0 0.0 0.0 
17.644999999999886 1.5084069765562644 0.4924618766714359 1.0159450998848285 0.0008493744926035829 0.39901393300421373 -0.19005903770780105 0.0 0.0 0.0 
17.674999999999887 1.520375217239473 0.5041779112233166 1.0161973060161564 -0.02374274610214383 0.3973181656409782 -0.17774827699739415 0.0 0.0 0.0 
17.689999999999888 1.5219618420736394 0.508676413098375 1.0132854289752644 -0.07485088947536167 0.3765650731572089 -0.15809141272155058 0.0 0.0 0.0 
17.71499999999989 1.5368970516516491 0.5162166285116624 1.0206804231399866 -0.11038486850084356 0.3576197044046926 -0.1468654376022584 0.0 0.0 0.0 
17.72999999999989 1.5412627026049068 0.5211590323590847 1.0201036702458222 -0.14481199687600485 0.3423725427902133 -0.13188587904889326 0.0 0.0 0.0 
17.754999999999892 1.5497165297864646 0.5268046026181745 1.02291192716829 -0.18570894117379325 0.31600386214079135 -0.11601678386162609 0.0 0.0 0.0 
17.769999999999893 1.5488177905279532 0.5311853850613492 1.0176324054666042 -0.22138867897645365 0.29785943321271835 -0.09627750250404536 0.0 0.0 0.0 
17.794999999999895 1.5495016992087371 0.536237786178886 1.013263913029851 -0.24417300609019477 0.275174133188742 -0.08541544081531242 0.0 0.0 0.0 
17.794999999999895 1.5495016992087371 0.536237786178886 1.013263913029851 -0.24417300609019477 0.275174133188742 -0.08541544081531242 0.0 0.0 0.0 
17.829999999999895 1.5484427131713927 0.5410778364542096 1.0073648767171832 -0.2691492088686086 0.24255287405578424 -0.07318298874287169 0.0 0.0 0.0 
17.854999999999897 1.5439096546218127 0.5428112266687838 1.0010984279530288 -0.29764610924083207 0.19366127455473148 -0.057940977335446425 0.0 0.0 0.0 
17.869999999999898 1.5323914758397508 0.54428508884773 0.9881063869920208 -0.3169212154320664 0.1496924911247211 -0.04109988843025189 0.0 0.0 0.0 
17.8949999999999 1.5294280758193013 0.5451203025417573 0.984307773277544 -0.32967184470520067 0.11816465840103829 -0.026713311679333274 0.0 0.0 0.0 
17.9099999999999 1.5258490311020878 0.5454897675436975 0.9803592635583903 -0.33698903730155255 0.08332881026949723 -0.015669033299902952 0.0 0.0 0.0 
17.934999999999903 1.5051996451534262 0.5442243607146436 0.9609752844387826 -0.3353942786700359 0.04988222443871452 -0.00403960419915759 0.0 0.0 0.0 
17.949999999999903 1.4983785105910012 0.5426092309912 0.9557692795998013 -0.3345192478599304 0.001114169033700159 0.006979530307959253 0.0 0.0 0.0 
17.959999999999905 1.493418930611006 0.5423965437435346 0.9510223868674713 -0.33285783540361497 -0.025546872100868517 0.018015013030640015 0.0 0.0 0.0 
17.999999999999904 1.468281470182596 0.5373758705745407 0.9309055996080552 -0.3258169598628193 -0.047807029654277064 0.023694194815700696 0.0 0.0 0.0 
18.009999999999906 1.4630095080875878 0.5356474043234399 0.9273621037641478 -0.3245767363174517 -0.10006233837369027 0.040984535220266134 0.0 0.0 0.0 
18.029999999999905 1.4492208282765546 0.5320095664747043 0.9172112618018503 -0.32102394163064757 -0.1245364385152796 0.04100952158828001 0.0 0.0 0.0 
18.059999999999906 1.4254314017878877 0.5254059555176994 0.9000254462701883 -0.3150089061945659 -0.1488277938709374 0.0444251266774787 0.0 0.0 0.0 
18.074999999999907 1.4162447545754009 0.5224343004681282 0.8938104541072727 -0.3128336589375454 -0.17350377877145387 0.05339524941150599 0.0 0.0 0.0 
18.08499999999991 1.412607205157373 0.5195905809161662 0.8930166242412069 -0.3125558184844224 -0.20715131264606482 0.05779676586736104 0.0 0.0 0.0 
18.11499999999991 1.3889410179954784 0.5115803487402201 0.8773606692552584 -0.3070762342393404 -0.222665032021894 0.05999082230814446 0.0 0.0 0.0 
18.12499999999991 1.3828821975136267 0.5092398683759812 0.8736423291376455 -0.3057748151981759 -0.23904879074685337 0.06632432258825535 0.0 0.0 0.0 
18.13999999999991 1.3703742042990514 0.505111262416118 0.8652629418829334 -0.3028420296590267 -0.24968164908830118 0.06671542929747491 0.0 0.0 0.0 
18.169999999999913 1.3475917310016083 0.4956228203777848 0.8519689106238235 -0.2981891187183382 -0.2647763187308107 0.0686138237142242 0.0 0.0 0.0 
18.194999999999915 1.3319781461078946 0.48838699851466416 0.8435911475932304 -0.29525690165763063 -0.27524863635932467 0.07026988110401573 0.0 0.0 0.0 
18.209999999999916 1.3224431025927672 0.485019247169417 0.8374238554233502 -0.29309834939817253 -0.2702552241284388 0.0746839773126028 0.0 0.0 0.0 
18.229999999999915 1.3125350272964666 0.479455192144032 0.8330798351524347 -0.2915779423033521 -0.2707317179745727 0.08049205239030602 0.0 0.0 0.0 
18.254999999999917 1.2970925426862265 0.47251662530367156 0.824575917382555 -0.2886015710838942 -0.2722262480024009 0.08312946883139305 0.0 0.0 0.0 
18.269999999999918 1.2881008521804458 0.4674406596241374 0.8206601925563084 -0.28723106739470794 -0.2863794616779868 0.08831354385677445 0.0 0.0 0.0 
18.29499999999992 1.272431736601724 0.4597580081732592 0.8126737284284647 -0.2844358049499626 -0.29318590572242137 0.08919348888189114 0.0 0.0 0.0 
18.30999999999992 1.2631901966963561 0.456614197151261 0.8065759995450952 -0.2823015998407833 -0.2796887908163409 0.08848326332752059 0.0 0.0 0.0 
18.319999999999922 1.2562396020758162 0.4540594396092214 0.8021801624665947 -0.28076305686330816 -0.268661335013692 0.08895743801719905 0.0 0.0 0.0 
18.349999999999923 1.2442888145779716 0.44648628174692384 0.7978025328310477 -0.2792308864908667 -0.26426429511715877 0.09083281224572132 0.0 0.0 0.0 
18.374999999999925 1.2279619770639179 0.4397317536175486 0.7882302234463692 -0.2758805782062292 -0.2638663277214273 0.09107951538597309 0.0 0.0 0.0 
18.389999999999926 1.2211629891935478 0.43552815974373127 0.7856348294498166 -0.27497219030743575 -0.2669812717590224 0.09177364245549396 0.0 0.0 0.0 
18.419999999999927 1.2150187602991962 0.42736110830921414 0.787657651989982 -0.2756801781964937 -0.2685162966964951 0.09048850772138048 0.0 0.0 0.0 
18.42999999999993 1.2102578195854279 0.4248080977446736 0.7854497218407543 -0.274907402644264 -0.26723324567815 0.0911638705973467 0.0 0.0 0.0 
18.44499999999993 1.2027233097039298 0.4213463277254962 0.7813769819784336 -0.27348194369245177 -0.25959366006518486 0.09286738902589078 0.0 0.0 0.0 
18.47499999999993 1.1923222008063767 0.415937192366811 0.7763850084395658 -0.271734752953848 -0.24238212024914801 0.08946237903099967 0.0 0.0 0.0 
18.48999999999993 1.186423665844987 0.4135217352301427 0.7729019306148442 -0.27051567571519547 -0.21549543065501342 0.0867838835480379 0.0 0.0 0.0 
18.514999999999933 1.1731109521801746 0.4119959326578662 0.7611150195223084 -0.2663902568328079 -0.17933667262147635 0.07914694535817979 0.0 0.0 0.0 
18.529999999999934 1.1641512391057554 0.4106887082148143 0.7534625308909411 -0.26371188581182936 -0.1424384858882513 0.06894927472824239 0.0 0.0 0.0 
18.554999999999936 1.154088782055133 0.4105817994884079 0.7435069825667252 -0.2602274438983538 -0.1077636322876921 0.05829973299833375 0.0 0.0 0.0 
18.579999999999938 1.142809695960225 0.41047322333172626 0.7323364726284987 -0.25631776541997453 -0.07633182040438663 0.046377592960186176 0.0 0.0 0.0 
18.58999999999994 1.1366876628110099 0.41090149038250184 0.725786172428508 -0.2540251603499778 -0.028431911257546703 0.029176705158449223 0.0 0.0 0.0 
18.62499999999994 1.1173214791592851 0.41356968326772997 0.7037517958915551 -0.24631312856204426 -0.0030971268156675565 0.02237177348657579 0.0 0.0 0.0 
18.62499999999994 1.1173214791592851 0.41356968326772997 0.7037517958915551 -0.24631312856204426 -0.0030971268156675565 0.02237177348657579 0.0 0.0 0.0 
18.65499999999994 1.1017165689114683 0.41636513745706977 0.6853514314543985 -0.23987300100903944 0.02534042481849413 0.006447841794027114 0.0 0.0 0.0 
18.664999999999942 1.1010270277166427 0.4176837108254721 0.6833433168911707 -0.2346254936413852 0.0727171776108913 -0.013297414928071828 0.0 0.0 0.0 
18.679999999999943 1.0933843735900812 0.41995343624806997 0.6734309373420113 -0.2243180889796213 0.09818755416289066 -0.024665645269570952 0.0 0.0 0.0 
18.709999999999944 1.0787320275261396 0.4259993749531147 0.6527326525730249 -0.21002442634170648 0.12296705515744534 -0.03189230286674707 0.0 0.0 0.0 
18.734999999999946 1.0562632597421031 0.4310922140922422 0.6251710456498609 -0.18803554165142464 0.14831318237601454 -0.04414798789365457 0.0 0.0 0.0 
18.749999999999947 1.0482488625896578 0.43572233705766444 0.6125265255319934 -0.16145068702342552 0.19356509545076536 -0.05818439219127749 0.0 0.0 0.0 
18.77499999999995 1.0368146608861555 0.4428313509187005 0.593983309967455 -0.1379997634370528 0.22016439811943944 -0.06754565229589146 0.0 0.0 0.0 
18.78999999999995 1.0297141868048114 0.4476929973252414 0.5820211894795699 -0.1104012842359267 0.2546238157506761 -0.0779674456984331 0.0 0.0 0.0 
18.79999999999995 1.0232296828588778 0.4517946480533712 0.5714350348055066 -0.07159592271245266 0.3017568810559512 -0.09053811022919796 0.0 0.0 0.0 
18.83499999999995 1.0019079214832463 0.4667882676380524 0.5351196538451939 -0.04236957302868838 0.3314735551691613 -0.09302260367903228 0.0 0.0 0.0 
18.84999999999995 0.9962995728171842 0.47376176651594476 0.5225378063012394 -0.005898237516636179 0.37946741424385566 -0.09923762690797981 0.0 0.0 0.0 
18.874999999999954 0.9858685727965216 0.48740016804075237 0.49846840475576926 0.03590399931516711 0.4218072006324638 -0.10611278401967575 0.0 0.0 0.0 
18.889999999999954 0.97725744543628 0.49642680444719234 0.4808306409890877 0.0931186138488985 0.47959714296224865 -0.115970265759049 0.0 0.0 0.0 
18.924999999999958 0.968543201548841 0.5201657087945905 0.44837749275425054 0.1389635543684874 0.5273172927600789 -0.11939021884927495 0.0 0.0 0.0 
18.93999999999996 0.9602026384330604 0.5318686993268391 0.4283339391062213 0.22314902725409885 0.6122083855604838 -0.12965474916794428 0.0 0.0 0.0 
18.95499999999996 0.9583833170180569 0.5436300067953844 0.4147533102226725 0.2818013238210204 0.6726933938819636 -0.13504460442540597 0.0 0.0 0.0 
18.96999999999996 0.9510738410754519 0.5561375392447447 0.39493630183070716 0.33869657696173816 0.7236213847044701 -0.1402297579403243 0.0 0.0 0.0 
18.97999999999996 0.9531508622844916 0.563992973337435 0.3891578889470566 0.3890874923451886 0.7592691705144767 -0.1471999917468012 0.0 0.0 0.0 
19.009999999999962 0.957912966975114 0.5902708768596404 0.36764209011547355 0.4408826751169599 0.7864874973293507 -0.15408055100668847 0.0 0.0 0.0 
19.029999999999962 0.964487155672627 0.609487532806639 0.35499962286598796 0.5143508293697183 0.8341427363757719 -0.16288877535884624 0.0 0.0 0.0 
19.054999999999964 0.9679405755712911 0.635139765097317 0.33280081047397414 0.5965576670522739 0.8845444816633842 -0.17151223643967553 0.0 0.0 0.0 
19.069999999999965 0.9737198789968027 0.6515246130680166 0.3221952659287861 0.6981205555912317 0.9520305516468244 -0.1812227061508508 0.0 0.0 0.0 
19.079999999999966 0.9792279819902938 0.6616064947163431 0.3176214872739507 0.7 0.9940242725719062 -0.18681058732129688 0.0 0.0 0.0 
19.109999999999967 0.9998567863197718 0.6966133728237377 0.3032434134960341 0.7 1.0332651514609454 -0.19284801744829966 0.0 0.0 0.0 
19.13499999999997 1.0193448933934277 0.7297622188499778 0.2895826745434499 0.7 1.1067790501393466 -0.2000645315696492 0.0 0.0 0.0 
19.15999999999997 1.0409109316702805 0.7644602993996236 0.2764506322706569 0.7 1.1859486992884518 -0.20629439018660045 0.0 0.0 0.0 
19.15999999999997 1.0409109316702805 0.7644602993996236 0.2764506322706569 0.7 1.1859486992884518 -0.20629439018660045 0.0 0.0 0.0 
19.189999999999973 1.0755900807981824 0.80985500962819 0.2657350711699924 0.7 1.2721657307816896 -0.20884211742036035 0.0 0.0 0.0 
19.199999999999974 1.0862142476158685 0.8258900021839743 0.26032424543189414 0.7 1.417502725633083 -0.21980537101469863 0.0 0.0 0.0 
19.229999999999976 1.1233175809019338 0.8772610591058335 0.24605652179610027 0.7 1.4918678715624374 -0.2212225536780157 0.0 0.0 0.0 
19.244999999999976 1.148553799420496 0.904400036153127 0.24415376326736893 0.7 1.601131730996752 -0.21935128274567975 0.0 0.0 0.0 
19.274999999999977 1.1933855826220108 0.9615854083936991 0.23180017422831167 0.7 1.6794299768331968 -0.21556683850265926 0.0 0.0 0.0 
19.29999999999998 1.2277801030841913 1.0121748150860295 0.2156052879981618 0.7 1.7775418639709442 -0.21181414313773844 0.0 0.0 0.0 
19.31499999999998 1.2468367561569509 1.0463798767559118 0.20045687940103907 0.7 1.9288227121588373 -0.20605982174840645 0.0 0.0 0.0 
19.32499999999998 1.2722227449334733 1.0675823239826243 0.204640420950849 0.7 2.036229354152785 -0.19973764164208346 0.0 0.0 0.0 
19.354999999999983 1.3207683108374688 1.1360855378365318 0.18468277300093705 0.7 2.0971197731850943 -0.19496547847116955 0.0 0.0 0.0 
19.369999999999983 1.345952669988985 1.1714202950105128 0.17453237497847218 0.7 2.186310944478386 -0.18324846303474282 0.0 0.0 0.0 
19.394999999999985 1.3846432819866028 1.2322311336694398 0.152412148317163 0.7 2.2523389689485125 -0.17281074273016744 0.0 0.0 0.0 
19.409999999999986 1.4086657370344386 1.2696109612525392 0.1390547757818994 0.7 2.334157129111954 -0.16001575912034288 0.0 0.0 0.0 
19.424999999999986 1.4353521178488402 1.3083072850407367 0.12704483280810352 0.7 2.408640675056869 -0.14964832090125543 0.0 0.0 0.0 
19.454999999999988 1.4775895605027909 1.3865810957184692 0.09100846478432167 0.7 2.460504796756697 -0.1409231291683828 0.0 0.0 0.0 
19.47999999999999 1.5204509947748124 1.4525043906470998 0.06794660412771258 0.7 2.5150579405123654 -0.12882503113545699 0.0 0.0 0.0 
19.49499999999999 1.5384980084720747 1.492830914005687 0.045667094466387725 0.7 2.5776706495430033 -0.11422370657195906 0.0 0.0 0.0 
19.50999999999999 1.5624372167743847 1.5325695624654558 0.029867654308928904 0.7 2.61110444169917 -0.10113332361457068 0.0 0.0 0.0 
19.534999999999993 1.5922035594779422 1.5997991438448618 -0.007595584366919539 0.7 2.632983634704574 -0.09002006483838591 0.0 0.0 0.0 
19.549999999999994 1.6193451255770157 1.638837340754516 -0.019492215177500327 0.7 2.637850866764101 -0.07535921644698147 0.0 0.0 0.0 
19.574999999999996 1.6521904014612807 1.7065513770299516 -0.05436097556867092 0.7 2.653053162694156 -0.06582018670653492 0.0 0.0 0.0 
19.589999999999996 1.6667889786201049 1.7452146891448264 -0.07842571052472147 0.6796126959209506 2.645429101664112 -0.05245207039094647 0.0 0.0 0.0 
19.619999999999997 1.708660233627365 1.8234587887628517 -0.11479855513548665 0.5547725091096358 2.636724241767986 -0.04152420407017859 0.0 0.0 0.0 
19.63 1.7261012545885293 1.8488164909024059 -0.1227152363138766 0.3082247448673589 2.6083813907801274 -0.021638463028579368 0.0 0.0 0.0 
19.645 1.737994297455578 1.8882857693732464 -0.15029147191766845 0.25167870557678357 2.6073036102209275 -0.016245420162594802 0.0 0.0 0.0 
19.675 1.7758263130387628 1.9650580757295129 -0.18923176269075004 0.17680746136227465 2.597374682746389 -0.009057946836812037 0.0 0.0 0.0 
19.700000000000003 1.804401738339176 2.0280431427197505 -0.22364140438057456 0.08182673996365113 2.577981151437871 -0.0002931741909641492 0.0 0.0 0.0 
19.715000000000003 1.8180613916878978 2.0645138958210825 -0.24645250413318465 0.08625837644661462 2.538517563104955 0.010890529076694378 0.0 0.0 0.0 
19.730000000000004 1.8335318584263196 2.1000932767027876 -0.26656141827646795 0.09329649639676378 2.492851663008498 0.0176013120973889 0.0 0.0 0.0 
19.740000000000006 1.844173841326066 2.1242347992589323 -0.28006095793286634 0.09802133527650321 2.4561941308423614 0.02497339052720894 0.0 0.0 0.0 
19.770000000000007 1.865038138806615 2.1970921719586536 -0.3320540331520385 0.11621891160321347 2.4469057839097967 0.029395897405589448 0.0 0.0 0.0 
19.79500000000001 1.8820405130540618 2.254234738759427 -0.372194225705365 0.13026797899687773 2.4108904838177656 0.03569758000159494 0.0 0.0 0.0 
19.81000000000001 1.8991346099433155 2.2896542244423275 -0.39051961449901196 0.13668186507465419 2.3826905037674098 0.040156656015840106 0.0 0.0 0.0 
19.83000000000001 1.90610740079321 2.33668093407613 -0.43057353328292014 0.15070073664902203 2.369943241322845 0.04302577894346541 0.0 0.0 0.0 
19.85500000000001 1.9136322181029721 2.3945348983196837 -0.48090268021671156 0.16831593807584905 2.355562007816128 0.048302137932719647 0.0 0.0 0.0 
19.87000000000001 1.9184102856507497 2.4301926907749696 -0.5117824051242199 0.17912384179347696 2.352690360820068 0.05532755140766435 0.0 0.0 0.0 
19.895000000000014 1.9294582950326022 2.4876051194332325 -0.5581468244006302 0.19535138854022058 2.3407900309561076 0.05766166432857615 0.0 0.0 0.0 
19.910000000000014 1.9327711105521883 2.523656951142025 -0.5908858405898367 0.20681004420644283 2.3474800281164265 0.06632623738218164 0.0 0.0 0.0 
19.935000000000016 1.9390395205881892 2.5829011471651424 -0.6438616265769532 0.22535156930193362 2.353207544694657 0.07512614737468792 0.0 0.0 0.0 
19.950000000000017 1.9358143817491353 2.6166870117689496 -0.6808726300198142 0.23830542050693496 2.335679811986895 0.08383059619009994 0.0 0.0 0.0 
19.96000000000002 1.9386458592636961 2.639532988938846 -0.7008871296751498 0.2453104953863024 2.3173824790337343 0.09460674402802854 0.0 0.0 0.0 
19.99000000000002 1.9425000708352942 2.707037379079281 -0.7645373082439868 0.26758805788539536 2.301922179404544 0.09998326244405793 0.0 0.0 0.0 
20.02000000000002 1.9547377348718893 2.7708064568217923 -0.816068721949903 0.28562405268246605 2.261547472199227 0.11090609391660067 0.0 0.0 0.0 
20.030000000000022 1.953893123547622 2.792817816526684 -0.8389246929790619 0.29362364254267165 2.212674096314049 0.13166900937844891 0.0 0.0 0.0 
20.060000000000024 1.9525802426971772 2.855380655150527 -0.9028004124533497 0.3159801443586724 2.1819786871196216 0.13999481412732498 0.0 0.0 0.0 
20.075000000000024 1.95504330103757 2.884806184358282 -0.9297628833207121 0.3254170091622492 2.1188019247199517 0.153904312558551 0.0 0.0 0.0 
20.090000000000025 1.9560733086250393 2.9149992851332676 -0.9589259765082283 0.3356240917778799 2.0782404248005464 0.16927215810902815 0.0 0.0 0.0 
20.115000000000027 1.968222304026869 2.9618796151754356 -0.9936573111485667 0.3477800589019983 2.0297654998845953 0.1779379204381695 0.0 0.0 0.0 
20.130000000000027 1.9709064444522562 2.989503501275644 -1.018597056823388 0.35650896988818576 1.9672210071989722 0.19116726445198548 0.0 0.0 0.0 
20.14000000000003 1.9774447026198712 3.007469653593746 -1.030024950973875 0.3605087328408562 1.9042937741265955 0.20427600263663107 0.0 0.0 0.0 
20.17000000000003 1.9924949723389258 3.060659736376343 -1.068164764037417 0.37385766741309595 1.871362180980341 0.21329146211768985 0.0 0.0 0.0 
20.195000000000032 2.0081274784879137 3.1044355356503384 -1.0963080571624246 0.3837078200068486 1.8350411451390636 0.22275152983444682 0.0 0.0 0.0 
20.210000000000033 2.0225084281514376 3.129885468434928 -1.1073770402834904 0.38758196409922163 1.7887075502703709 0.24186892034859891 0.0 0.0 0.0 
20.225000000000033 2.0294513364944278 3.154554488236752 -1.1251031517423242 0.39378610310981343 1.7455101262174488 0.2532147135297677 0.0 0.0 0.0 
20.255000000000035 2.052587924926565 3.2035395807630667 -1.1509516558365016 0.40283307954277553 1.7161600898230251 0.26181177469181155 0.0 0.0 0.0 
20.270000000000035 2.065298799796564 3.225980228735226 -1.1606814289386622 0.40623850012853174 1.6538296472393812 0.275664314454021 0.0 0.0 0.0 
20.295000000000037 2.0958236528055205 3.2650085042160013 -1.1691848514104808 0.4092146979936683 1.6237451997387289 0.28756393256374463 0.0 0.0 0.0 
20.30500000000004 2.103750931883596 3.2798995371916235 -1.1761486053080277 0.41165201185780964 1.5737288511255727 0.305351670404933 0.0 0.0 0.0 
20.33500000000004 2.1381670289235264 3.3233945203537276 -1.1852274914302012 0.4148296220005704 1.5435965799650087 0.31309943369976506 0.0 0.0 0.0 
20.34500000000004 2.150044541021156 3.3361686408461275 -1.1861240998249714 0.41514343493873995 1.4623491764149468 0.3273363014531716 0.0 0.0 0.0 
20.375000000000043 2.1819349655265925 3.376486190185836 -1.1945512246592433 0.41809292863073516 1.4301744797093097 0.33745584444464044 0.0 0.0 0.0 
20.385000000000044 2.194129728712124 3.389975243922687 -1.195845515210563 0.418545930323697 1.3845189484790097 0.35433036597678497 0.0 0.0 0.0 
20.400000000000045 2.2097382290237624 3.4080068136425075 -1.198268584618745 0.41939400461656073 1.3383728538314603 0.3597408648307973 0.0 0.0 0.0 
20.435000000000045 2.2416602363375837 3.449178227434695 -1.2075179910971112 0.4226312968839889 1.2995758763150098 0.3664512080028111 0.0 0.0 0.0 
20.445000000000046 2.2528491409727622 3.460347843595877 -1.207498702623115 0.42262454591809023 1.2215201886795977 0.3803104125797595 0.0 0.0 0.0 
20.475000000000048 2.2879345781091693 3.4923113980186313 -1.204376819909462 0.4215318869683117 1.1820457276556562 0.38229350707643917 0.0 0.0 0.0 
20.50000000000005 2.3126056259032914 3.517824019530756 -1.2052183936274647 0.42182643776961265 1.1350044727018884 0.38727375116079416 0.0 0.0 0.0 
20.51500000000005 2.328893837211708 3.533103478706548 -1.20420964149484 0.421473374523194 1.0877221331470763 0.3893902594128947 0.0 0.0 0.0 
20.53000000000005 2.3411466137410812 3.5471523586411347 -1.2060057449000534 0.4221020107150187 1.0428153725863805 0.3924904664586102 0.0 0.0 0.0 
20.555000000000053 2.3717619904332508 3.5712234366776943 -1.1994614462444435 0.4198115061855552 1.0184704146919892 0.3959751548808511 0.0 0.0 0.0 
20.580000000000055 2.3915224108242645 3.5942266931381415 -1.202704282313877 0.4209464988098569 0.9911921832834124 0.39739315180661405 0.0 0.0 0.0 
20.580000000000055 2.3915224108242645 3.5942266931381415 -1.202704282313877 0.4209464988098569 0.9911921832834124 0.39739315180661405 0.0 0.0 0.0 
20.595000000000056 2.407228637185976 3.6081464398018817 -1.2009178026159057 0.420321230915567 0.964639571127184 0.3979431880786118 0.0 0.0 0.0 
20.630000000000056 2.4337054060720944 3.6397928069726873 -1.2060874009005929 0.4221305903152075 0.9489545401004781 0.3976483294419219 0.0 0.0 0.0 
20.655000000000058 2.457190791843262 3.6621552082785453 -1.2049644164352835 0.42173754575234923 0.9312840856677579 0.39491944889704766 0.0 0.0 0.0 
20.67000000000006 2.4782992594591793 3.67511919400506 -1.1968199345458808 0.41888697709105827 0.9088040115181449 0.3993464732338477 0.0 0.0 0.0 
20.705000000000062 2.504303733697844 3.706123958132678 -1.201820224434834 0.42063707855219185 0.9012415248825231 0.39900249445676883 0.0 0.0 0.0 
20.720000000000063 2.5169093811775705 3.71919204735416 -1.2022826661765897 0.4207989331618064 0.8898214654335049 0.39616593880038287 0.0 0.0 0.0 
20.750000000000064 2.5411796354733673 3.7451512368542312 -1.203971601380864 0.42139006048330235 0.8831298638170308 0.39775007023604975 0.0 0.0 0.0 
20.765000000000065 2.551271658562284 3.758126685663036 -1.2068550271007519 0.42239925948526313 0.8754162063349754 0.3930633802783374 0.0 0.0 0.0 
20.765000000000065 2.551271658562284 3.758126685663036 -1.2068550271007519 0.42239925948526313 0.8754162063349754 0.3930633802783374 0.0 0.0 0.0 
20.795000000000066 2.5815115080631212 3.7831369046366703 -1.201625396573549 0.42056888880074217 0.8657967119300055 0.39245315636187456 0.0 0.0 0.0 
20.820000000000068 2.6048324931209343 3.804074802862645 -1.1992423097417109 0.41973480840959876 0.8565779769255577 0.39072397800165887 0.0 0.0 0.0 
20.83500000000007 2.617922574977032 3.8163226738329667 -1.198400098855935 0.4194400345995772 0.8438194157993886 0.39598143316282325 0.0 0.0 0.0 
20.87500000000007 2.6516552445891426 3.849019168328578 -1.1973639237394353 0.41907737330880235 0.8370246882062847 0.3938359496276353 0.0 0.0 0.0 
20.87500000000007 2.6516552445891426 3.849019168328578 -1.1973639237394353 0.41907737330880235 0.8370246882062847 0.3938359496276353 0.0 0.0 0.0 
20.89000000000007 2.6668297893189092 3.861116240767296 -1.1942864514483866 0.4180002580069353 0.8253565865087639 0.3881548784100164 0.0 0.0 0.0 
20.905000000000072 2.6750810295301153 3.872951283713477 -1.197870254183362 0.41925458896417667 0.8144653567506835 0.3869949000168624 0.0 0.0 0.0 
20.935000000000073 2.7071458068568575 3.897082733958755 -1.1899369271018974 0.41647792448566406 0.8107761126633809 0.3850280273184321 0.0 0.0 0.0 
20.950000000000074 2.71866557890398 3.9088605432775307 -1.1901949643735508 0.41656823753074274 0.8033623829796968 0.37964445392146623 0.0 0.0 0.0 
20.960000000000075 2.7233662824519547 3.9167222731180056 -1.193355990666051 0.4176745967331178 0.796517549851924 0.38096127846092415 0.0 0.0 0.0 
21.000000000000078 2.765430354803621 3.9481678080792895 -1.1827374532756685 0.41395810864648397 0.7938981262431103 0.38233736105199667 0.0 0.0 0.0 
21.000000000000078 2.765430354803621 3.9481678080792895 -1.1827374532756685 0.41395810864648397 0.7938981262431103 0.38233736105199667 0.0 0.0 0.0 
21.03500000000008 2.7940712553711102 3.975477536464286 -1.1814062810931758 0.41349219838261153 0.7902344691730279 0.38328955883041765 0.0 0.0 0.0 
21.04500000000008 2.805703365130765 3.9834152847909254 -1.1777119196601604 0.41219917188105615 0.787072495856963 0.37775157052435265 0.0 0.0 0.0 
21.06000000000008 2.8204491401623364 3.9945868052835762 -1.1741376651212398 0.41094818279243395 0.7778681774779727 0.3767889453527953 0.0 0.0 0.0 
21.07500000000008 2.830056898666161 4.00607422327916 -1.1760173246129995 0.41160606361454977 0.772645708169419 0.3772005078342567 0.0 0.0 0.0 
21.115000000000084 2.872588791361062 4.03672826677521 -1.164139475414148 0.4074488163949518 0.7707786236016625 0.37773478892941875 0.0 0.0 0.0 
21.130000000000084 2.888315587448596 4.047918947767721 -1.1596033603191254 0.40586117611169387 0.7642640308365638 0.3798782283439304 0.0 0.0 0.0 
21.155000000000086 2.905338509005318 4.06621123536984 -1.1608727263645222 0.40630545422758274 0.7564856955824462 0.3805516188410678 0.0 0.0 0.0 
21.170000000000087 2.9179716248631786 4.076870501953859 -1.1588988770906807 0.40561460698173823 0.7432758637539688 0.3809785076494658 0.0 0.0 0.0 
21.19500000000009 2.943037638516212 4.095646405594243 -1.1526087670780312 0.4034130684773109 0.7424497363540141 0.378476510217859 0.0 0.0 0.0 
21.22500000000009 2.976301447409562 4.117086517107768 -1.1407850696982056 0.3992747743943719 0.7366161645098737 0.3759625952144334 0.0 0.0 0.0 
21.22500000000009 2.976301447409562 4.117086517107768 -1.1407850696982056 0.3992747743943719 0.7366161645098737 0.3759625952144334 0.0 0.0 0.0 
21.25500000000009 2.9987115475424906 4.137968323128563 -1.1392567755860723 0.3987398714551253 0.7266389263541349 0.37570271793496945 0.0 0.0 0.0 
21.280000000000094 3.0217546429789643 4.1553600008153 -1.1336053578363354 0.3967618752427174 0.7167453955794443 0.3705990176366591 0.0 0.0 0.0 
21.295000000000094 3.039504518585901 4.165531501433812 -1.1260269828479115 0.394109443996769 0.7039317228922823 0.3647780310913462 0.0 0.0 0.0 
21.310000000000095 3.0539603959572243 4.175591670879042 -1.1216312749218176 0.3925709462226361 0.6933217005293217 0.366189669084529 0.0 0.0 0.0 
21.335000000000097 3.0739363334558933 4.1927181386810055 -1.1187818052251122 0.39157363182878924 0.6897227263091495 0.36481866259254836 0.0 0.0 0.0 
21.350000000000097 3.0831112435931853 4.203068433878137 -1.1199571902849517 0.39198501659973306 0.6879683765568119 0.35922204011865316 0.0 0.0 0.0 
21.3750000000001 3.1108554304557257 4.219775658688629 -1.1089202282329036 0.38812207988151626 0.683664886788981 0.3579894984304574 0.0 0.0 0.0 
21.3900000000001 3.1280685768269976 4.229753639519104 -1.1016850626921064 0.3855897719422372 0.6777558123343368 0.35443454221618725 0.0 0.0 0.0 
21.4000000000001 3.132951341398203 4.236481664192184 -1.1035303227939814 0.3862356129778935 0.6740715174326899 0.3538338942605655 0.0 0.0 0.0 
21.430000000000103 -3.127054259115241 4.256501543327685 -1.1003704952633395 0.3851296733421688 0.6723347195812799 0.35224573830574746 0.0 0.0 0.0 
21.460000000000104 -3.10509710070896 4.27679633245172 -1.0987081259810942 0.38454784409338294 0.6726513841032512 0.3484679963929263 0.0 0.0 0.0 
21.475000000000104 -3.0917488560129605 4.286530320659089 -1.0950938694924623 0.3832828543223618 0.668039901657601 0.3458906080165144 0.0 0.0 0.0 
21.500000000000107 -3.072670483855734 4.30345020431899 -1.0929353809951383 0.3825273833482984 0.6689758951532414 0.34087114609618563 0.0 0.0 0.0 
21.500000000000107 -3.072670483855734 4.30345020431899 -1.0929353809951383 0.3825273833482984 0.6689758951532414 0.34087114609618563 0.0 0.0 0.0 
21.530000000000108 -3.046727319525836 4.323288378386752 -1.0868303907330024 0.3803906367565508 0.6676518997024571 0.3400360742706467 0.0 0.0 0.0 
21.55500000000011 -3.0216381558218117 4.339916721615942 -1.0783695702581673 0.3774293495903585 0.6666613598205013 0.3345702425404553 0.0 0.0 0.0 
21.580000000000112 -2.995125916848494 4.356906317808028 -1.0688469274769359 0.37409642461692755 0.6689785252984473 0.32960102128827895 0.0 0.0 0.0 
21.595000000000113 -2.982176889623569 4.3668098379853815 -1.0658014204293647 0.3730304971502776 0.6683761339149061 0.33263609642616315 0.0 0.0 0.0 
21.610000000000113 -2.964283475439013 4.376663072998758 -1.0577612412581843 0.37021643444036445 0.6658664160841937 0.33353373046767587 0.0 0.0 0.0 
21.625000000000114 -2.9626545757327234 4.3868502956139706 -1.0663195641671077 0.3732118474584877 0.667796782488721 0.33073578048821695 0.0 0.0 0.0 
21.655000000000115 -2.9308064548255643 4.4066926009086655 -1.0543137485546437 0.36900981199412525 0.6667954626926266 0.3275965182633924 0.0 0.0 0.0 
21.670000000000115 -2.91903106927602 4.416655596770422 -1.0525013588668557 0.36837547560339945 0.6656640271544398 0.3228733069387704 0.0 0.0 0.0 
21.695000000000118 -2.8991327960420468 4.4333221090520745 -1.0492695979145346 0.3672443592700871 0.6656604555868602 0.3196586438887514 0.0 0.0 0.0 
21.710000000000118 -2.8873198840529883 4.443537072433891 -1.0476716493072935 0.3666850772575527 0.6687644183197142 0.31808359705643213 0.0 0.0 0.0 
21.73500000000012 -2.855292717906976 4.459942030233049 -1.0320494409604386 0.3612173043361535 0.6667831510191523 0.3160016875526249 0.0 0.0 0.0 
21.75000000000012 -2.8463960479493036 4.469630106009802 -1.0328408467795196 0.3614942963728318 0.661549696993242 0.3107617431594569 0.0 0.0 0.0 
21.760000000000122 -2.835899697823945 4.475923518541109 -1.0286379091854672 0.3600232682149135 0.6526528073467878 0.3101366413921918 0.0 0.0 0.0 
21.790000000000123 -2.8146371435666304 4.493931903807086 -1.0253837401941297 0.3588843090679454 0.6411501113650554 0.3110657880793455 0.0 0.0 0.0 
21.815000000000126 -2.787382954109312 4.508395066115414 -1.012592713045139 0.35440744956579867 0.6242933498697072 0.31284679217046796 0.0 0.0 0.0 
21.830000000000126 -2.7779127840700832 4.516322617386753 -1.01105009427725 0.3538675329970375 0.5963972714302637 0.31283292805778457 0.0 0.0 0.0 
21.860000000000127 -2.7521999321247934 4.531118178307113 -1.0001328032523205 0.35004648113831216 0.5712775783140973 0.3125719076865571 0.0 0.0 0.0 
21.875000000000128 -2.740610743385434 4.537835008176842 -0.9952604443826889 0.34834115553394107 0.5310736576115417 0.3112956354711528 0.0 0.0 0.0 
21.89000000000013 -2.7267854568287775 4.544593934694691 -0.988194084343883 0.34586792952035905 0.502615063923646 0.31370427311008753 0.0 0.0 0.0 
21.91500000000013 -2.701466816907037 4.55516565661113 -0.9734471663385804 0.3407065082185031 0.4813012262478975 0.31049502972704934 0.0 0.0 0.0 
21.93000000000013 -2.6941058134110945 4.561110801567612 -0.9720313077991198 0.3402109577296919 0.45335145835034557 0.3032916362180631 0.0 0.0 0.0 
21.955000000000133 -2.6785537984545478 4.570197841256577 -0.9655663325315382 0.33794821638603834 0.4300799266416043 0.2995883007301346 0.0 0.0 0.0 
21.965000000000135 -2.6637603238081513 4.5738053277970145 -0.9543803444255801 0.334033120548953 0.3984412480857964 0.29415892232931273 0.0 0.0 0.0 
21.995000000000136 -2.648079899327861 4.58360318737445 -0.9484977795227252 0.3319742228329538 0.3807022140750668 0.28837036702606345 0.0 0.0 0.0 
22.010000000000137 -2.6336527555462426 4.588402819460516 -0.9388702678271716 0.32860459373951006 0.3576729333102551 0.27967197261621307 0.0 0.0 0.0 
22.040000000000138 -2.616135511887881 4.596907641009215 -0.9298578457175104 0.3254502460011286 0.33916853105297035 0.27358133889289404 0.0 0.0 0.0 
22.05500000000014 -2.60331430525841 4.601297176359715 -0.9214261744385386 0.32249916105348847 0.318550467380832 0.26538708119933196 0.0 0.0 0.0 
22.08000000000014 -2.5802206983176736 4.607567653835307 -0.9046030449733946 0.3166110657406881 0.3010926867320142 0.2584626586550769 0.0 0.0 0.0 
22.09500000000014 -2.5638659483123867 4.611094367035174 -0.8917750081679747 0.3121212528587911 0.27893041478987135 0.24945743309817403 0.0 0.0 0.0 
22.11000000000014 -2.5529706351503765 4.614118663303209 -0.8839039912739999 0.30936639694589996 0.25657091815089444 0.2382004014320873 0.0 0.0 0.0 
22.135000000000144 -2.5351341389854887 4.619344487376268 -0.8712933191821701 0.3049526617137595 0.24288623357713782 0.23268139329594573 0.0 0.0 0.0 
22.150000000000144 -2.5221571085680896 4.622036359121461 -0.8610081605099644 0.3013528561784875 0.22314267803193388 0.220376418992392 0.0 0.0 0.0 
22.175000000000146 -2.505007717839683 4.626362937585506 -0.848185348245603 0.296864871885961 0.20941811595777707 0.20996774590042008 0.0 0.0 0.0 
22.190000000000147 -2.492740037780461 4.628430703655938 -0.8379854342568125 0.29329490198988434 0.18800632271476142 0.19760455299374746 0.0 0.0 0.0 
22.21500000000015 -2.478746893540271 4.6317954151199725 -0.8273570014806566 0.2895749505182298 0.17330296475009357 0.1903947794694525 0.0 0.0 0.0 
22.23000000000015 -2.4617605197202264 4.633193341763461 -0.811768554304102 0.2841189940064357 0.14966818110144736 0.17775353095275007 0.0 0.0 0.0 
22.24500000000015 -2.455414304744527 4.634583307565413 -0.8068123051303537 0.28238430679562376 0.1309753907010378 0.16886395025039472 0.0 0.0 0.0 
22.27500000000015 -2.4324077517266387 4.636361465542373 -0.7855839100894251 0.27495436853129873 0.11362815588048963 0.16236541921398862 0.0 0.0 0.0 
22.290000000000152 -2.4246160136745627 4.63721646160392 -0.778647168098896 0.2725265088346136 0.09166582407914647 0.1465489905834002 0.0 0.0 0.0 
22.315000000000154 -2.39897484755453 4.638261117019764 -0.754050657394707 0.26391773008814745 0.07757904034950854 0.13717268572050412 0.0 0.0 0.0 
22.325000000000156 -2.4029419028039274 4.638502217661888 -0.7582588132862291 0.2653905846501802 0.05609844248621919 0.12379173602973746 0.0 0.0 0.0 
22.340000000000156 -2.396329399565279 4.638281816167783 -0.7514259085534754 0.26299906799371636 0.03743116714324449 0.11270501809990081 0.0 0.0 0.0 
22.370000000000157 -2.3729509485175027 4.637252516770718 -0.7270181581086348 0.2544563553380222 0.02008015947092131 0.10481505232665457 0.0 0.0 0.0 
22.39500000000016 -2.3536701145897636 4.636851978187419 -0.7073367855975965 0.24756787495915875 0.0064711488682856755 0.09367511738748271 0.0 0.0 0.0 
22.41000000000016 -2.3417106850713756 4.636134719679247 -0.6946600975710364 0.24313103414986273 -0.011383458150026515 0.0735106615479075 0.0 0.0 0.0 
22.42500000000016 -2.3318452837981765 4.63567643387411 -0.6843364104927003 0.2395177436724451 -0.020666184867033192 0.05801941792155863 0.0 0.0 0.0 
22.45500000000016 -2.3154293825434906 4.63378003811079 -0.6660241134746947 0.23310843971614312 -0.030685966249817176 0.04646615494304571 0.0 0.0 0.0 
22.470000000000162 -2.306349191831372 4.6327334560122795 -0.6558973406640654 0.22956406923242287 -0.044662884150702374 0.030276200885931172 0.0 0.0 0.0 
22.495000000000164 -2.295775695689286 4.6307734075621 -0.6433637960717995 0.22517732862512982 -0.054031853155647076 0.015670908303395265 0.0 0.0 0.0 
22.510000000000165 -2.280502201526009 4.629007214031716 -0.6263241083781388 0.21921343793234857 -0.07165753742513203 0.0012817614973034894 0.0 0.0 0.0 
22.535000000000167 -2.2733640164552 4.626608764617618 -0.6167874738932317 0.21279079653695393 -0.07977338804564876 -0.008227612659531756 0.0 0.0 0.0 
22.54500000000017 -2.2633875393804823 4.625430015077399 -0.6056322472782947 0.19995431758075283 -0.09362656718761458 -0.027308508520604687 0.0 0.0 0.0 
22.56000000000017 -2.2622394994195822 4.6234830857028495 -0.6025372779428455 0.19234820805358094 -0.10374445834883095 -0.03802272147062134 0.0 0.0 0.0 
22.59000000000017 -2.23272134860819 4.619843962953624 -0.5693800043822277 0.17476925903249335 -0.10883061512859857 -0.04792484070523392 0.0 0.0 0.0 
22.600000000000172 -2.2247132220087127 4.618654635079978 -0.5601825499091042 0.15891812229040056 -0.11549199228402039 -0.06843206356281066 0.0 0.0 0.0 
22.62000000000017 -2.214077779926566 4.615350854920414 -0.5462433276673941 0.14383337071726615 -0.12656317125685257 -0.0796033291519074 0.0 0.0 0.0 
22.650000000000173 -2.198580122521091 4.610572165494506 -0.525966980836011 0.12850265803356112 -0.1354229704617348 -0.08733202927648599 0.0 0.0 0.0 
22.675000000000175 -2.185795605048189 4.606443573729311 -0.5090538715979136 0.10760225496186092 -0.14465751935268703 -0.10379114961100255 0.0 0.0 0.0 
22.690000000000175 -2.180572014521237 4.603570642708791 -0.5009573500504416 0.0820030654756669 -0.15880469219330967 -0.1250458885342519 0.0 0.0 0.0 
22.715000000000177 -2.1592270305209813 4.5983431826462695 -0.47438490598766414 0.0564881298504958 -0.1715568804011559 -0.13586038907767078 0.0 0.0 0.0 
22.730000000000178 -2.1601007693778143 4.5955697216892695 -0.47248518388749794 0.034349576486254974 -0.1806875632608762 -0.1542809358494727 0.0 0.0 0.0 
22.74000000000018 -2.155920338352872 4.593361889087722 -0.46609692026100813 0.011438275767975514 -0.19294998922946918 -0.16727479259986588 0.0 0.0 0.0 
22.77000000000018 -2.1362681941161297 4.587067767934622 -0.44015065487116534 -0.0081981803700793 -0.19759939547909514 -0.17470433064148652 0.0 0.0 0.0 
22.795000000000183 -2.129616630397833 4.580958051656201 -0.4273893748744477 -0.033741968629559055 -0.2087619542183988 -0.18684444083386909 0.0 0.0 0.0 
22.825000000000184 -2.1231245172658992 4.573853252899366 -0.41379246298567907 -0.0577873031547772 -0.21725894511333857 -0.19842452614092998 0.0 0.0 0.0 
22.825000000000184 -2.1231245172658992 4.573853252899366 -0.41379246298567907 -0.0577873031547772 -0.21725894511333857 -0.19842452614092998 0.0 0.0 0.0 
22.855000000000185 -2.112367222911634 4.565444926236534 -0.39462684196858167 -0.09660856646752461 -0.23259055344772167 -0.21472118559720985 0.0 0.0 0.0 
22.870000000000186 -2.1144033341186628 4.561388811910212 -0.3926068388492885 -0.13998109160598224 -0.24952413282220784 -0.23652978892757506 0.0 0.0 0.0 
22.895000000000188 -2.1080781641918205 4.554048150069328 -0.3789410070815631 -0.174084570502748 -0.2615283014933318 -0.24952665204016486 0.0 0.0 0.0 
22.91000000000019 -2.1067249721131525 4.54932447897285 -0.3728641439064164 -0.21469257982475545 -0.27839048194840915 -0.26382278083160887 0.0 0.0 0.0 
22.93500000000019 -2.111532285197549 4.541238867125415 -0.3695858451433782 -0.24489651091443815 -0.29057035107067314 -0.27404031587165445 0.0 0.0 0.0 
22.95000000000019 -2.1137522753803686 4.536303963704126 -0.3668709319049075 -0.28092960153225893 -0.30449173518207134 -0.28602560057414067 0.0 0.0 0.0 
22.975000000000193 -2.1128501739301977 4.5280857319008305 -0.35775059865144243 -0.3081079911856887 -0.31192656763060556 -0.2955692247351389 0.0 0.0 0.0 
23.000000000000195 -2.1209640235844414 4.518906155288514 -0.3566848716933695 -0.33999688752401674 -0.32536504506084707 -0.3039705837666357 0.0 0.0 0.0 
23.000000000000195 -2.1209640235844414 4.518906155288514 -0.3566848716933695 -0.33999688752401674 -0.32536504506084707 -0.3039705837666357 0.0 0.0 0.0 
23.030000000000197 -2.1345822021623078 4.50739754967166 -0.35879444465438226 -0.3806560243211443 -0.3405493275353246 -0.3162812843952286 0.0 0.0 0.0 
23.060000000000198 -2.1419903713747144 4.495857373501504 -0.3546624376966321 -0.42139396409917307 -0.35407752330649994 -0.3278076556354119 0.0 0.0 0.0 
23.0750000000002 -2.1536324027616973 4.4902677224775775 -0.3607148180596891 -0.47979559960121043 -0.3660216721015043 -0.3522903743867945 0.0 0.0 0.0 
23.0900000000002 -2.160684541416233 4.4842558067651925 -0.36175504100183886 -0.5222912159534271 -0.3766762506286342 -0.3665349104939862 0.0 0.0 0.0 
23.1150000000002 -2.182425344361707 4.473824682419885 -0.3730647196020058 -0.5560627370849364 -0.38682522307599787 -0.377670915004367 0.0 0.0 0.0 
23.1300000000002 -2.1887869164056486 4.467387060368396 -0.3729886695944584 -0.6014371786409466 -0.40051778670707855 -0.3888494202196998 0.0 0.0 0.0 
23.155000000000204 -2.203785213620116 4.457189826503115 -0.37778973294364526 -0.6194167274734136 -0.40449572950670387 -0.39536652527740535 0.0 0.0 0.0 
23.170000000000204 -2.2111164568372095 4.450629835228074 -0.37856098488569767 -0.65527796091542 -0.4131507726561253 -0.4056910103563883 0.0 0.0 0.0 
23.195000000000206 -2.241946403660242 4.439568239522178 -0.39832933600283305 -0.6788104965723354 -0.4206575567426362 -0.41385346662985384 0.0 0.0 0.0 
23.210000000000207 -2.257437399521082 4.432716169926964 -0.4069682622684603 -0.7 -0.4317620113479122 -0.4245540292230936 0.0 0.0 0.0 
23.230000000000206 -2.2763802592396405 4.423783068278584 -0.41697802033863773 -0.7 -0.4372971813783831 -0.43394292210069524 0.0 0.0 0.0 
23.25500000000021 -2.3044320070573696 4.412263112973127 -0.43350981285091095 -0.7 -0.4433956512708265 -0.4447748073709824 0.0 0.0 0.0 
23.27000000000021 -2.3244118412734167 4.405713333863126 -0.4469398679569565 -0.7 -0.44510469511093537 -0.45464726998875643 0.0 0.0 0.0 
23.29500000000021 -2.3534098188122665 4.394112947127208 -0.4643374587598874 -0.7 -0.4492443183688824 -0.46505102581726665 0.0 0.0 0.0 
23.310000000000212 -2.3790582016074526 4.387085818378413 -0.4829587128062798 -0.7 -0.4552256420671244 -0.4736660261250386 0.0 0.0 0.0 
23.335000000000214 -2.412097182818444 4.3752350608300405 -0.5041469364688984 -0.7 -0.4601191959415706 -0.4801093329709591 0.0 0.0 0.0 
23.350000000000215 -2.4315393871680335 4.368354367169823 -0.5167084471582699 -0.7 -0.46230158992137516 -0.48727553385220823 0.0 0.0 0.0 
23.375000000000217 -2.4661569621464876 4.356605502725506 -0.5395771576924071 -0.7 -0.46424742446858985 -0.4932166656716982 0.0 0.0 0.0 
23.390000000000217 -2.488788968909109 4.3501259032612865 -0.5557295649908092 -0.7 -0.45869293869821254 -0.5052823377743024 0.0 0.0 0.0 
23.42000000000022 -2.533748530166601 4.3355509660252 -0.5861141890122141 -0.7 -0.46334832898263517 -0.5081189495417294 0.0 0.0 0.0 
23.44500000000022 -2.58108053487253 4.32407309583584 -0.6219683235287832 -0.7 -0.4641809475707043 -0.5159259411707648 0.0 0.0 0.0 
23.46000000000022 -2.604884093533215 4.316845662253909 -0.6385444486075382 -0.7 -0.4681744375818494 -0.518288788233874 0.0 0.0 0.0 
23.47500000000022 -2.6239374913417297 4.309807628421713 -0.6505598125838565 -0.7 -0.46959060143454184 -0.5227953939284037 0.0 0.0 0.0 
23.490000000000222 -2.644751683973589 4.302643132921769 -0.6642095097157723 -0.7 -0.47164758345872104 -0.524752578003744 0.0 0.0 0.0 
23.515000000000224 -2.680270690220725 4.291340255326386 -0.6884256383675247 -0.7 -0.46806559856831786 -0.5261235080937605 0.0 0.0 0.0 
23.530000000000225 -2.6981294514737284 4.284730185394527 -0.6996743296886692 -0.7 -0.46071234155607604 -0.5275630354283621 0.0 0.0 0.0 
23.555000000000227 -2.7359086091787197 4.274549014584152 -0.7272723165832851 -0.7 -0.44855095980727877 -0.5295436392538196 0.0 0.0 0.0 
23.570000000000228 -2.7497738319826484 4.266971449517578 -0.7335599743206398 -0.7 -0.4538851555467014 -0.5317256720044412 0.0 0.0 0.0 
23.58000000000023 -2.764923684853943 4.263173639580547 -0.7449120172549035 -0.7 -0.44129945409012405 -0.5356874873169436 0.0 0.0 0.0 
23.61000000000023 -2.816205445956799 4.250482646274986 -0.7835027850521996 -0.7 -0.4363314612191996 -0.539013249814936 0.0 0.0 0.0 
23.64000000000023 -2.860109845575357 4.239303529878715 -0.8162280682744854 -0.7 -0.42193055815368935 -0.546530100050901 0.0 0.0 0.0 
23.64000000000023 -2.860109845575357 4.239303529878715 -0.8162280682744854 -0.7 -0.42193055815368935 -0.546530100050901 0.0 0.0 0.0 
23.67500000000023 -2.916411139879427 4.227507889146068 -0.860733721845909 -0.7 -0.4010018787858944 -0.5562629658707249 0.0 0.0 0.0 
23.690000000000232 -2.9282649404101284 4.2235093269343285 -0.8685889601648711 -0.6641655107264628 -0.35900742866979707 -0.5737874788946304 0.0 0.0 0.0 
23.715000000000234 -2.9707954453205576 4.214593514320709 -0.9022036524616812 -0.6404531707902383 -0.3509045138384028 -0.5797930845413075 0.0 0.0 0.0 
23.730000000000235 -3.0125854961938847 4.211389644001063 -0.9407898330153612 -0.5552615870802288 -0.31901337954052333 -0.5899425937301812 0.0 0.0 0.0 
23.755000000000237 -3.051205934717405 4.203791340058638 -0.9718119675964569 -0.5224619528166061 -0.31017119124213766 -0.5917090275081476 0.0 0.0 0.0 
23.755000000000237 -3.051205934717405 4.203791340058638 -0.9718119675964569 -0.5224619528166061 -0.31017119124213766 -0.5917090275081476 0.0 0.0 0.0 
23.805000000000238 -3.1274526109029166 4.194956341392319 -1.0392236451156496 -0.422644492609967 -0.2818058886340657 -0.593718448502969 0.0 0.0 0.0 
23.805000000000238 -3.1274526109029166 4.194956341392319 -1.0392236451156496 -0.422644492609967 -0.2818058886340657 -0.593718448502969 0.0 0.0 0.0 
23.83500000000024 3.113991779502942 4.189540805305773 -1.075549025802831 -0.3129638491250498 -0.2469942247049483 -0.5938686605734375 0.0 0.0 0.0 
23.85000000000024 3.090351463071256 4.1869235257259785 -1.0965720626547224 -0.20454006850578138 -0.21125011185231288 -0.5925619830508584 0.0 0.0 0.0 
23.87500000000024 3.0627625585344074 4.184618338238206 -1.1218557797037985 -0.10644906764189427 -0.18065642637042167 -0.5878074287735615 0.0 0.0 0.0 
23.890000000000242 3.039519081030292 4.183666223242735 -1.144147142212443 0.01518466731090995 -0.1415027360388122 -0.57929386226921 0.0 0.0 0.0 
23.915000000000244 3.014090213380253 4.1829161530355226 -1.1688259396552696 0.1076682871924391 -0.11181760587418862 -0.573541910831086 0.0 0.0 0.0 
23.925000000000246 2.9988669860371533 4.183572715968687 -1.1847057299315336 0.2720776364980542 -0.05342976160108893 -0.56773429983954 0.0 0.0 0.0 
23.940000000000246 2.9799479378870832 4.183965756664074 -1.204017818776991 0.3533121142349541 -0.02552930356072543 -0.5675090627156408 0.0 0.0 0.0 
23.970000000000248 2.9575235794997523 4.187740193771547 -1.2302166142717947 0.45519181530466885 0.009337775164367883 -0.5608880897406904 0.0 0.0 0.0 
23.99500000000025 2.947517265335464 4.194273184848873 -1.2467559195134088 0.626765825557028 0.07302085299712781 -0.554785426157136 0.0 0.0 0.0 
24.01000000000025 2.9449707112022714 4.198195185301425 -1.2532244740991536 0.7 0.14328802144867614 -0.5514870002439826 0.0 0.0 0.0 
24.02500000000025 2.934989149340152 4.203651614767848 -1.268662465427696 0.7 0.20918981335861814 -0.549174169861674 0.0 0.0 0.0 
24.055000000000252 2.9448259171942097 4.21796404919389 -1.2731381319996804 0.7 0.2734054545556572 -0.5512133190805412 0.0 0.0 0.0 
24.070000000000253 2.953658773088877 4.22719187598994 -1.2735331029010628 0.7 0.38146697467900476 -0.5546164680766512 0.0 0.0 0.0 
24.080000000000254 2.9584097390087223 4.2332166566164435 -1.2748069176077212 0.7 0.4752546347491501 -0.5617337629159637 0.0 0.0 0.0 
24.110000000000255 2.975009786298926 4.257793487668118 -1.2827837013691918 0.7 0.5543661032016484 -0.5610385910845428 0.0 0.0 0.0 
24.135000000000257 3.002628839367663 4.2815271600990386 -1.2788983207313755 0.7 0.663067177042012 -0.5592664393149707 0.0 0.0 0.0 
24.150000000000258 3.0217835727920805 4.300868573829934 -1.2790850010378536 0.7 0.8447086171192735 -0.5557687301454608 0.0 0.0 0.0 
24.17500000000026 3.048789779694404 4.333684827070372 -1.2848950473759682 0.7 0.9724346947741669 -0.5531883130221814 0.0 0.0 0.0 
24.19000000000026 3.075048102829633 4.354713349581505 -1.2796652467518723 0.7 1.1237969538003636 -0.5426269930421466 0.0 0.0 0.0 
24.215000000000263 3.1205701323770394 4.396738526155545 -1.2761683937785055 0.7 1.2641042509187361 -0.5319045160703842 0.0 0.0 0.0 
24.230000000000263 3.1340954799231544 4.426417634417138 -1.2923221544939838 0.7 1.4795293639363687 -0.5193907194167385 0.0 0.0 0.0 
24.260000000000264 -3.0985771368055643 4.49244766039153 -1.3078394900175088 0.7 1.6582103914103004 -0.5023762956917536 0.0 0.0 0.0 
24.275000000000265 -3.0740728657165315 4.529479932213212 -1.320367490750157 0.7 1.930460478364125 -0.47293854073687946 0.0 0.0 0.0 
24.290000000000266 -3.04736125258316 4.566413784328489 -1.330589729732063 0.7 2.120504886355146 -0.4470027684407811 0.0 0.0 0.0 
24.315000000000268 -3.004434681454476 4.6397385663255335 -1.360987940600423 0.7 2.3195264410946064 -0.42604906230452017 0.0 0.0 0.0 
24.33000000000027 -2.984930609266632 4.688304456024399 -1.390049758111445 0.7 2.605801881555425 -0.391788978148779 0.0 0.0 0.0 
24.35500000000027 -2.9411057872192057 4.7757218160408765 -1.433642296080496 0.7 2.838166609117493 -0.36420582900302445 0.0 0.0 0.0 
24.37000000000027 -2.9174099851980966 4.83337497320685 -1.4675996512253606 0.7 3.158906042657698 -0.32873617494520513 0.0 0.0 0.0 
24.395000000000273 -2.8703739587477473 4.936153762213319 -1.5233424137814797 0.7 3.4099499671593847 -0.2968746699373247 0.0 0.0 0.0 
24.405000000000275 -2.8393196699376215 4.98056401739168 -1.5366983801497156 0.7 3.8085947340756734 -0.2433520371570181 0.0 0.0 0.0 
24.425000000000274 -2.813781797614383 5.074001541442816 -1.6045980318776127 0.7 4.043704252439218 -0.21264873734678807 0.0 0.0 0.0 
24.455000000000275 -2.764464863821545 5.224180695180284 -1.7054602518222426 0.7 4.285977181918125 -0.17707167164437004 0.0 0.0 0.0 
24.470000000000276 -2.7371473240651563 5.303375737767584 -1.757337754653154 0.7 4.633774999842956 -0.1207857865553434 0.0 0.0 0.0 
24.495000000000278 -2.698952512408034 5.435892065370105 -1.851659270598553 0.7 4.8319431199084395 -0.06962637908941832 0.0 0.0 0.0 
24.51000000000028 -2.670905035220395 5.516410762073217 -1.9041304901140244 0.6664456715399085 5.040386804151968 0.0018332400689176492 0.0 0.0 0.0 
24.53500000000028 -2.6334261544379136 5.647277196328897 -1.997518043587224 0.6991313152555283 5.117559122472314 0.05963715536600538 0.0 0.0 0.0 
24.55000000000028 -2.610523347382267 5.722978664026503 -2.050316704229184 0.7 5.1421309245758176 0.13587149813620622 0.0 0.0 0.0 
24.560000000000283 -2.590270597031443 5.768519904564959 -2.0756051944168163 0.7 5.034208988457283 0.20825580130311605 0.0 0.0 0.0 
24.600000000000286 -2.531559374595004 5.9407892145166645 -2.189163281932082 0.7 4.878733453506167 0.25705632308426996 0.0 0.0 0.0 
24.615000000000286 -2.5073013634396752 5.997005248074291 -2.22112130433438 0.7 4.524289450671854 0.34189177377915125 0.0 0.0 0.0 
24.630000000000287 -2.486852753367181 6.049743615033095 -2.253411061220689 0.7 4.212869479997257 0.4085863355617477 0.0 0.0 0.0 
24.645000000000287 -2.467276899937261 6.098790413501408 -2.282882006259083 0.7 3.9276906484909517 0.46202507850696967 0.0 0.0 0.0 
24.67500000000029 -2.425569858519762 6.186187521687794 -2.328572073027969 0.7 3.679130474164284 0.5017527399813316 0.0 0.0 0.0 
24.70000000000029 -2.395336114035876 6.248075601442413 -2.360226408298704 0.7 3.345172655877816 0.5488462591237557 0.0 0.0 0.0 
24.70000000000029 -2.395336114035876 6.248075601442413 -2.360226408298704 0.7 3.345172655877816 0.5488462591237557 0.0 0.0 0.0 
24.73000000000029 -2.355348660718523 0.028910106433161636 -2.3842587671516844 0.7 3.015723725185916 0.5916296304860701 0.0 0.0 0.0 
24.755000000000294 -2.322634176728103 0.07536441824985317 -2.397998594977956 0.7 2.6617296347097836 0.6365698545675037 0.0 0.0 0.0 
24.770000000000294 -2.3037999406411545 0.10034391687020862 -2.404143857511363 0.7 2.2814805944407794 0.6839749894179592 0.0 0.0 0.0 
24.795000000000297 -2.2708412312280104 0.1382509629091403 -2.4090921941371506 0.7 2.057512646173021 0.7103536969290983 0.0 0.0 0.0 
24.810000000000297 -2.247321400685466 0.15884643807205787 -2.406167838757524 0.7 1.8059880761040272 0.7402696838193883 0.0 0.0 0.0 
24.830000000000297 -2.226084363196696 0.18405429980595414 -2.41013866300265 0.7 1.6384404539142607 0.7597770565695217 0.0 0.0 0.0 
24.8550000000003 -2.193393007852744 0.21190358352414698 -2.4052965913768913 0.7 1.4916889355440466 0.7779458590541876 0.0 0.0 0.0 
24.8800000000003 -2.158663358747536 0.23716430283600254 -2.3958276615835383 0.7 1.3498414182154002 0.7928598413690694 0.0 0.0 0.0 
24.8950000000003 -2.136711897518666 0.25024907599650664 -2.3869609735151727 0.7 1.1816281787070506 0.8100140374768102 0.0 0.0 0.0 
