16.37999999999981 0.8121329983776022 0.022939697926764827 0.7891933004508374 -0.2739966775998498 0.00385470327670727 -0.1225900886947986 0.0 0.0 0.0 
16.37999999999981 0.8121329983776022 0.022939697926764827 0.7891933004508374 -0.2739966775998498 0.00385470327670727 -0.1225900886947986 0.0 0.0 0.0 
16.39499999999981 0.8157377092380722 0.02334853506264125 0.792389174175431 -0.2654554518618943 0.009759474938709517 -0.25901199612441805 0.0 0.0 0.0 
16.419999999999813 0.808078428109042 0.023946010257981012 0.7841324178510609 -0.2511532732982132 0.013694446402525848 -0.3618965544381744 0.0 0.0 0.0 
16.434999999999814 0.8119107961558188 0.02421744427293464 0.7876933518828843 -0.23919818474242732 0.016569561654229067 -0.46861739203002695 0.0 0.0 0.0 
16.459999999999816 0.8047467069554363 0.024549119840058597 0.7801975871153777 -0.23264017204689666 0.016422630931135603 -0.5237840031249827 0.0 0.0 0.0 
16.48499999999982 0.8012852816868222 0.024712906530896684 0.7765723751559256 -0.23369634260127858 0.014379273819633259 -0.5638137044117978 0.0 0.0 0.0 
16.49999999999982 0.7940837158883306 0.024950171810644475 0.7691335440776861 -0.23018853959101865 0.013640359604036744 -0.6084602928451547 0.0 0.0 0.0 
16.51499999999982 0.7907137981835964 0.024905764510363505 0.7658080336732329 -0.23811783288783805 0.010055166680208276 -0.632996879078911 0.0 0.0 0.0 
16.54499999999982 0.7772747249458645 0.02522338594963026 0.7520513389962342 -0.23423039023721165 0.009620679712787563 -0.6410742337241659 0.0 0.0 0.0 
16.54499999999982 0.7772747249458645 0.02522338594963026 0.7520513389962342 -0.23423039023721165 0.009620679712787563 -0.6410742337241659 0.0 0.0 0.0 
16.57499999999982 0.7619435222129003 0.02551154201678248 0.7364319801961178 -0.2287816445796602 0.009486113216580725 -0.6497638790865613 0.0 0.0 0.0 
16.599999999999824 0.747561891457753 0.025491118746150076 0.7220707727116029 -0.23012465874629295 0.007350899159977604 -0.6541423437046461 0.0 0.0 0.0 
16.614999999999824 0.7413213798043168 0.025928231285431314 0.7153931485188855 -0.21707934665366832 0.01068685760684117 -0.6631381362464879 0.0 0.0 0.0 
16.639999999999826 0.723788517470465 0.026146262623623188 0.6976422548468418 -0.21028269273546304 0.010894299238915583 -0.6619135563700094 0.0 0.0 0.0 
16.66499999999983 0.7159515026967207 0.026734801471066275 0.6892167012256544 -0.1990213572740229 0.013518119401026285 -0.6642697896395259 0.0 0.0 0.0 
16.67999999999983 0.7141869615408903 0.026749840802852507 0.6874371207380379 -0.2022782995434419 0.012306573866496792 -0.6625881441733477 0.0 0.0 0.0 
16.69499999999983 0.6997442700348027 0.027070671394589324 0.6726735986402134 -0.19254048293417733 0.013779213122782893 -0.6623494761471493 0.0 0.0 0.0 
16.72499999999983 0.6817567068304902 0.027784726015414325 0.6539719808150758 -0.1789516992085819 0.016031527843501214 -0.6627697378192751 0.0 0.0 0.0 
16.73999999999983 0.6718903238335266 0.028126657536476297 0.6437636662970504 -0.16675023509212622 0.018763869395563237 -0.664099381830897 0.0 0.0 0.0 
16.754999999999832 0.6613414079870146 0.028583078140493042 0.6327583298465216 -0.1527024462211479 0.021952397316686266 -0.6664611055007852 0.0 0.0 0.0 
16.779999999999834 0.6538526194168485 0.029314520516517648 0.6245380989003309 -0.14372302218044325 0.02401043792353991 -0.6634110519117574 0.0 0.0 0.0 
16.794999999999835 0.6458813973144307 0.029821854121738652 0.6160595431926921 -0.13169624640967154 0.027034923387128495 -0.6604899994674936 0.0 0.0 0.0 
16.819999999999837 0.6376208589936828 0.030645734275049522 0.6069751247186332 -0.12290161461442244 0.028782724754693758 -0.6618899253692646 0.0 0.0 0.0 
16.834999999999837 0.6258588846019634 0.03122584999214123 0.5946330346098221 -0.10918945845444061 0.03166696836208692 -0.6647110489564473 0.0 0.0 0.0 
16.85999999999984 0.6184428336964944 0.03249126038998102 0.5859515733065134 -0.09277351287592302 0.03602772170600759 -0.6632572143043473 0.0 0.0 0.0 
16.88499999999984 0.6108470536825673 0.033747958831375637 0.5770990948511917 -0.07679181445070915 0.04023049332237261 -0.6621042494077329 0.0 0.0 0.0 
16.899999999999842 0.6045376025063786 0.034646508791495584 0.569891093714883 -0.05528253461018803 0.046333140242795084 -0.662084566272774 0.0 0.0 0.0 
16.929999999999843 0.5986526664355046 0.036659999220737226 0.5619926672147674 -0.037196595679598043 0.05146476508772355 -0.6594093729940326 0.0 0.0 0.0 
16.944999999999844 0.6042330105673819 0.03763692575169736 0.5665960848156846 -0.02212652267337703 0.057336291356602474 -0.6537840832830847 0.0 0.0 0.0 
16.959999999999845 0.5945869275910407 0.03882509484696079 0.5557618327440799 0.0003879511209420039 0.06354211183928206 -0.6526232926636681 0.0 0.0 0.0 
16.974999999999845 0.5947074888523897 0.04015829983695885 0.5545491890154308 0.02203842657972971 0.07055036225281118 -0.6518073283642395 0.0 0.0 0.0 
16.999999999999847 0.592088081928894 0.04237058622670944 0.5497174957021845 0.03804084455127493 0.07545543110365058 -0.649790283486739 0.0 0.0 0.0 
17.00999999999985 0.589533365709729 0.043299117902875946 0.546234247806853 0.06076639102498965 0.0826879310659772 -0.6482933740106317 0.0 0.0 0.0 
17.03999999999985 0.586234042593126 0.04610210559786675 0.5401319369952592 0.07131294664416596 0.08559306904583869 -0.647196777045942 0.0 0.0 0.0 
17.05499999999985 0.5872081481281448 0.0476135174196084 0.5395946307085364 0.08554229773169592 0.09042214063538406 -0.645672258490951 0.0 0.0 0.0 
17.079999999999853 0.591655438759109 0.05026111076643211 0.5413943279926768 0.09669003410483012 0.09443363975949148 -0.6447802576499811 0.0 0.0 0.0 
17.104999999999855 0.5922025347570562 0.053181788457595615 0.5390207462994606 0.11564824557927814 0.10018179549165934 -0.6462836106051172 0.0 0.0 0.0 
17.104999999999855 0.5922025347570562 0.053181788457595615 0.5390207462994606 0.11564824557927814 0.10018179549165934 -0.6462836106051172 0.0 0.0 0.0 
17.134999999999856 0.596828828670535 0.05634775326805 0.540481075402485 0.12415962863911245 0.10271425863264864 -0.6490387398260631 0.0 0.0 0.0 
17.154999999999855 0.5988074535716423 0.05859563565363853 0.5402118179180038 0.1347974751520466 0.10582353556384563 -0.6511675604785964 0.0 0.0 0.0 
17.179999999999858 0.6024982838379095 0.061386539209055305 0.5411117446288541 0.14344655486674213 0.10775303342839042 -0.6572074751548945 0.0 0.0 0.0 
17.194999999999858 0.605444141762593 0.0631666562717221 0.5422774854908708 0.15564270396011928 0.11093741301185035 -0.6625162140804872 0.0 0.0 0.0 
17.21999999999986 0.600381092972842 0.06592677277594113 0.5344543201969009 0.16115354621686773 0.11140749545552085 -0.6650161019754419 0.0 0.0 0.0 
17.23499999999986 0.6137490233027774 0.06766863614688202 0.5460803871558954 0.16292485840840232 0.11259963303216305 -0.6690112765756863 0.0 0.0 0.0 
17.259999999999863 0.6228856759192498 0.07070395438649017 0.5521817215327597 0.16890263333486635 0.11460065805413444 -0.6723927003427073 0.0 0.0 0.0 
17.274999999999864 0.6236788568590734 0.07265162436092945 0.551027232498144 0.18319952711388807 0.11869641956834545 -0.6740941801511051 0.0 0.0 0.0 
17.299999999999866 0.6337721296527608 0.07547220446615759 0.5582999251866032 0.17865882238050487 0.11825047417293072 -0.6730462799447235 0.0 0.0 0.0 
17.314999999999866 0.6359168013900723 0.07782286652347688 0.5580939348665954 0.2070703586271614 0.12581386012319978 -0.6805109521902036 0.0 0.0 0.0 
17.329999999999867 0.6401468080864064 0.07940980321323897 0.5607370048731675 0.19937139374758056 0.12404812300999556 -0.6785790420433784 0.0 0.0 0.0 
17.359999999999868 0.6454483096792288 0.08341144141426525 0.5620368682649636 0.20418843555202962 0.12567236821902578 -0.6787343832019898 0.0 0.0 0.0 
17.36999999999987 0.6505638279442282 0.08464735817469415 0.565916469769534 0.20309240447713295 0.12672503058054915 -0.6735359646916826 0.0 0.0 0.0 
17.39999999999987 0.6626933010319084 0.08862418797870197 0.5740691130532064 0.20361824107185378 0.1280129565198266 -0.6723761400647681 0.0 0.0 0.0 
17.409999999999872 0.6667054335552279 0.08994302725730727 0.5767624062979206 0.20834934881080625 0.12996562100620893 -0.6715625252722516 0.0 0.0 0.0 
17.439999999999873 0.676281318766467 0.09369294762212763 0.5825883711443394 0.20373638038452868 0.12915643888403164 -0.6715298686850861 0.0 0.0 0.0 
17.464999999999876 0.6867697160995231 0.09712961923833373 0.5896400968611893 0.2048112191571562 0.13054556699093195 -0.670158520672651 0.0 0.0 0.0 
17.479999999999876 0.6993168510733095 0.09909976512283633 0.6002170859504732 0.20351924781377595 0.1314074112032812 -0.6696653092319654 0.0 0.0 0.0 
17.504999999999878 0.6996457613532732 0.10266970097648703 0.5969760603767862 0.2125223064905894 0.13387031557372636 -0.6698510846528959 0.0 0.0 0.0 
17.53499999999988 0.7133748422626326 0.10610252084555288 0.6072723214170797 0.19785464910066286 0.1305539679296235 -0.668835594581951 0.0 0.0 0.0 
17.53499999999988 0.7133748422626326 0.10610252084555288 0.6072723214170797 0.19785464910066286 0.1305539679296235 -0.668835594581951 0.0 0.0 0.0 
17.56499999999988 0.7283566239637673 0.11027493961821816 0.6180816843455492 0.19865235060590739 0.1312774209770232 -0.6725742811760408 0.0 0.0 0.0 
17.57999999999988 0.7392171864857586 0.11230354786423685 0.6269136386215217 0.20444823677749016 0.13251764364410418 -0.6805484957436956 0.0 0.0 0.0 
17.589999999999883 0.7400466807361038 0.11324316585363059 0.6268035148824732 0.1814528014455212 0.12527283612658108 -0.6807847507821687 0.0 0.0 0.0 
17.619999999999884 0.753712023427698 0.11696108771893432 0.6367509357087637 0.1729975421928464 0.12427054131039726 -0.6777600683508729 0.0 0.0 0.0 
17.634999999999884 0.7555687745619806 0.11885406789587695 0.6367147066661036 0.17196260199153482 0.12405460071997519 -0.6771430655110269 0.0 0.0 0.0 
17.644999999999886 0.7541395266481802 0.12008725615314392 0.6340522704950362 0.1721628281923067 0.12380762324092849 -0.6772365483104433 0.0 0.0 0.0 
17.674999999999887 0.7714102439374256 0.12361230454497506 0.6477979393924506 0.16253069758185176 0.1225057526170292 -0.6760602649152995 0.0 0.0 0.0 
17.69999999999989 0.7819783367060242 0.12681784629350754 0.6551604904125167 0.1609030363600577 0.1231906468387162 -0.673941065138825 0.0 0.0 0.0 
17.72999999999989 0.793829421717487 0.13078249338359507 0.663046928333892 0.16225862944345154 0.12517855913034973 -0.670234170445053 0.0 0.0 0.0 
17.739999999999892 0.8054198103839673 0.13205540152454626 0.6733644088594211 0.16194177121819264 0.12741032116536813 -0.6639952975286809 0.0 0.0 0.0 
17.754999999999892 0.8066533092555923 0.13394399214998454 0.6727093171056078 0.15929595142166714 0.12755577658319264 -0.6584423892784731 0.0 0.0 0.0 
17.784999999999894 0.8097240838582139 0.13770759807161834 0.6720164857865956 0.1543265331464185 0.12715207192806938 -0.6518117415159242 0.0 0.0 0.0 
17.794999999999895 0.8151974006715669 0.13900038690298544 0.6761970137685814 0.1468173402410082 0.12721638922329095 -0.6413704180281401 0.0 0.0 0.0 
17.824999999999896 0.8267681383057159 0.14304367054842657 0.6837244677572893 0.1468004316630643 0.12875372033956922 -0.638038155588862 0.0 0.0 0.0 
17.839999999999897 0.8298710988771698 0.14513654016730648 0.6847345587098633 0.15310504763043092 0.13186491715103255 -0.6337274177831703 0.0 0.0 0.0 
17.854999999999897 0.8317684775064442 0.14686615860369207 0.6849023189027521 0.14342672029625564 0.1294532573546209 -0.6297229541129638 0.0 0.0 0.0 
17.8649999999999 0.8388158054100745 0.14837800651994354 0.6904377988901309 0.14585875829571318 0.13275960241177615 -0.6210425282344063 0.0 0.0 0.0 
17.8949999999999 0.8464648963325948 0.15260647841769262 0.6938584179149022 0.14932056240304084 0.13475135802645982 -0.6192192892546705 0.0 0.0 0.0 
17.9049999999999 0.8524738860063088 0.15394980128508995 0.6985240847212189 0.15035001070088233 0.13647401431121847 -0.6155539235272832 0.0 0.0 0.0 
17.939999999999902 0.8493715449773873 0.1585248554887262 0.6908466894886611 0.1473063127941188 0.13545686959884623 -0.6111746048249843 0.0 0.0 0.0 
17.954999999999902 0.8565331818330711 0.16091696883806103 0.6956162129950101 0.1551095645110594 0.13960244907828306 -0.6074624257164091 0.0 0.0 0.0 
17.979999999999905 0.8648125702654142 0.1642268231225795 0.7005857471428347 0.1502979663157344 0.13889519552004573 -0.6058493919315029 0.0 0.0 0.0 
17.989999999999906 0.8611767057720253 0.1655939613474644 0.6955827444245609 0.14617205836886532 0.13791860697773461 -0.6010730152933256 0.0 0.0 0.0 
18.019999999999907 0.872354489657026 0.17015281174743216 0.7022016779095939 0.14778721793654284 0.14066385658650815 -0.5952894031707986 0.0 0.0 0.0 
18.04499999999991 0.8802162945597294 0.17382520059835727 0.7063910939613721 0.15022585476355388 0.14292230092821576 -0.5916959031328051 0.0 0.0 0.0 
18.05999999999991 0.881818215246909 0.1758475856869934 0.7059706295599155 0.14909971397649444 0.1424213660424502 -0.5918748476180427 0.0 0.0 0.0 
18.07499999999991 0.8852291366635014 0.17783421101918456 0.7073949256443168 0.1414672278042057 0.14024894860048956 -0.5902201515507339 0.0 0.0 0.0 
18.099999999999913 0.8940598273562509 0.18191109234315314 0.7121487350130977 0.14984657309026608 0.14447698146731705 -0.5877379312512905 0.0 0.0 0.0 
18.114999999999913 0.8993969114174369 0.1841297110607098 0.7152672003567271 0.15452978071905032 0.14730337864422452 -0.5848016270336964 0.0 0.0 0.0 
18.144999999999914 0.9058073542629839 0.1885478113300932 0.7172595429328906 0.1558442953216692 0.14772411386011317 -0.5860336754174635 0.0 0.0 0.0 
18.159999999999915 0.9104273570790208 0.19057685203207303 0.7198505050469477 0.14819307560465955 0.1454565750857794 -0.5853041035890919 0.0 0.0 0.0 
18.184999999999917 0.9220482237126416 0.19454214034593803 0.7275060833667035 0.15262753066281576 0.1477088956856712 -0.5866263316338963 0.0 0.0 0.0 
18.184999999999917 0.9220482237126416 0.19454214034593803 0.7275060833667035 0.15262753066281576 0.1477088956856712 -0.5866263316338963 0.0 0.0 0.0 
18.22499999999992 0.9309932306934903 0.20028284197778548 0.7307103887157048 0.15175729115637965 0.14728597568396554 -0.5886737577341491 0.0 0.0 0.0 
18.23999999999992 0.9420795215600491 0.20230193529977764 0.7397775862602716 0.14036559473492666 0.14437716998681294 -0.5884229509246608 0.0 0.0 0.0 
18.249999999999922 0.9415842590861286 0.20402117026831662 0.737563088817812 0.15158160326428904 0.14863543059230946 -0.5865110052957376 0.0 0.0 0.0 
18.279999999999923 0.9535036804034445 0.20867342350629484 0.7448302568971497 0.15640394782667316 0.1503688398647729 -0.5901722640677158 0.0 0.0 0.0 
18.304999999999925 0.9636281915978944 0.2127429528125292 0.7508852387853652 0.1630098792978139 0.15351156473855598 -0.5901831504576427 0.0 0.0 0.0 
18.319999999999926 0.9679245664854401 0.2151764796322399 0.7527480868532002 0.1715025199527752 0.1568625420689573 -0.5899790047840759 0.0 0.0 0.0 
18.334999999999926 0.9767718577648987 0.21767145459429127 0.7591004031706075 0.1814050126663927 0.15979370993013192 -0.5953023099270085 0.0 0.0 0.0 
18.349999999999927 0.9772187376731807 0.2200503146542737 0.757168423018907 0.18295134679308928 0.16043677275704718 -0.5940701710335666 0.0 0.0 0.0 
18.379999999999928 0.9880744899843339 0.22457522232640978 0.7634992676579241 0.17636407421014472 0.15858871631323349 -0.5951280882098745 0.0 0.0 0.0 
18.39499999999993 0.9978660962642683 0.22674921282799995 0.7711168834362683 0.1624724467091252 0.15470529888276283 -0.5946286523463298 0.0 0.0 0.0 
18.40499999999993 1.0008356851497564 0.2284571765533596 0.7723785085963968 0.16671518238223376 0.156201640638455 -0.5953129783585648 0.0 0.0 0.0 
18.43499999999993 1.0179393571131699 0.2334069314247486 0.7845324256884212 0.1687817931417972 0.1581325349180747 -0.5965479988742257 0.0 0.0 0.0 
18.459999999999933 1.0238539671535625 0.2376632189742993 0.7861907481792632 0.17548472099244028 0.16128754037202406 -0.5944866789049144 0.0 0.0 0.0 
18.474999999999934 1.0305543688466987 0.24044425758926813 0.7901101112574306 0.19221363340087366 0.16776148333180005 -0.5945018056149579 0.0 0.0 0.0 
18.499999999999936 1.0429430651774916 0.24447871760488943 0.7984643475726021 0.18849969891146995 0.16764392973083958 -0.5939161058002029 0.0 0.0 0.0 
18.514999999999937 1.0463518668623253 0.24691517380861458 0.7994366930537107 0.18025329037391563 0.1665289261034819 -0.5877914780042901 0.0 0.0 0.0 
18.529999999999937 1.0517737206329132 0.2495503555611526 0.8022233650717606 0.1837296426923138 0.16804448362951324 -0.5881267211435285 0.0 0.0 0.0 
18.55999999999994 1.0642104351606263 0.25512502789338115 0.8090854072672451 0.1907039349562849 0.17187374201289035 -0.5866303083631921 0.0 0.0 0.0 
18.57499999999994 1.0701841703387098 0.2577836937734637 0.8124004765652462 0.19588331225056277 0.17527799995833673 -0.5829323037258346 0.0 0.0 0.0 
18.59999999999994 1.087064373280498 0.2625624220978476 0.8245019511826506 0.19920540462535713 0.17910977721137816 -0.5794391112008401 0.0 0.0 0.0 
18.61499999999994 1.092062302061185 0.2659129357254872 0.8261493663356978 0.2264969437475446 0.19000383566428264 -0.5774230821947421 0.0 0.0 0.0 
18.639999999999944 1.0963600256773438 0.2702709227005225 0.8260891029768214 0.21923771768395905 0.18880502504925054 -0.5728851576339097 0.0 0.0 0.0 
18.654999999999944 1.1045152620352148 0.27307204099341986 0.8314432210417949 0.2108838075424298 0.18778270407914477 -0.5686619558021304 0.0 0.0 0.0 
18.664999999999946 1.1026289868081798 0.27543503400662567 0.8271939528015542 0.22902548781891557 0.19714343688034214 -0.559635048562079 0.0 0.0 0.0 
18.694999999999947 1.1185834976452549 0.2820500220191455 0.8365334756261094 0.23665721189220645 0.2028169338873673 -0.5554153796386594 0.0 0.0 0.0 
18.70499999999995 1.1200030735055377 0.28433371055804996 0.8356693629474878 0.2526404611092876 0.2131398962218578 -0.5441683555938449 0.0 0.0 0.0 
18.73999999999995 1.1366783341393936 0.2925919451701376 0.844086388969256 0.2547761404662984 0.2186510520943482 -0.5353973163655431 0.0 0.0 0.0 
18.73999999999995 1.1366783341393936 0.2925919451701376 0.844086388969256 0.2547761404662984 0.2186510520943482 -0.5353973163655431 0.0 0.0 0.0 
18.78999999999995 1.160315972799189 0.305924821304093 0.8543911514950959 0.2652904613881216 0.22953934964376121 -0.5230896235820631 0.0 0.0 0.0 
18.78999999999995 1.160315972799189 0.305924821304093 0.8543911514950959 0.2652904613881216 0.22953934964376121 -0.5230896235820631 0.0 0.0 0.0 
18.80499999999995 1.165012568383496 0.31025081492722556 0.8547617534562704 0.2930047007313597 0.2524375786155114 -0.49910911592718044 0.0 0.0 0.0 
18.83499999999995 1.1769715127836196 0.3195103016322405 0.8574612111513791 0.3077439028313533 0.26728386133669596 -0.4838710423255079 0.0 0.0 0.0 
18.859999999999953 1.1866569822052273 0.3273604386219398 0.8592965435832876 0.31889787431127137 0.28213418966036413 -0.4672981316212751 0.0 0.0 0.0 
18.884999999999955 1.2047985063953468 0.3363794936111187 0.8684190127842282 0.34252087818854543 0.30254858598439266 -0.45462543841609626 0.0 0.0 0.0 
18.899999999999956 1.213356439731514 0.3412366729337443 0.8721197667977696 0.3413142784070381 0.3171466763246947 -0.4337587574512559 0.0 0.0 0.0 
18.909999999999958 1.2160770415666704 0.3448629992180814 0.871214042348589 0.3473228140295941 0.3329814651186701 -0.41676828009678896 0.0 0.0 0.0 
18.929999999999957 1.2264545123432606 0.35203293359537025 0.8744215787478904 0.3461546474581373 0.3405433158072801 -0.4074853890677427 0.0 0.0 0.0 
18.95499999999996 1.2338764223377312 0.3614428632425314 0.8724335590951998 0.35133171641528627 0.34963369236494823 -0.3996179104130933 0.0 0.0 0.0 
18.96999999999996 1.2441126135278315 0.36723352528355485 0.8768790882442767 0.3445834064603243 0.3615898720626844 -0.38334902517171715 0.0 0.0 0.0 
18.99999999999996 1.2662861534674976 0.3795942567424514 0.8866918967250462 0.3475261962570952 0.3736112324968216 -0.37464610091491296 0.0 0.0 0.0 
19.009999999999962 1.2698004806003709 0.3836569491236309 0.88614353147674 0.34989841909743113 0.3911338632290656 -0.35904813484437337 0.0 0.0 0.0 
19.039999999999964 1.2869845845834893 0.3963051854985878 0.8906793990849016 0.34030424503980694 0.3990717167216372 -0.3476376350405051 0.0 0.0 0.0 
19.054999999999964 1.296900886778441 0.4027029248689235 0.8941979619095175 0.3229388260038819 0.40943157694804055 -0.33045716563787836 0.0 0.0 0.0 
19.064999999999966 1.3042843532356942 0.40689884035822055 0.8973855128774737 0.30382603534474795 0.4161897578520441 -0.3158905657172032 0.0 0.0 0.0 
19.099999999999966 1.3267593670277043 0.4224633964245371 0.9042959706031671 0.29583105914602736 0.4225475061916823 -0.3083297521174872 0.0 0.0 0.0 
19.109999999999967 1.3370000348538633 0.4266016525955413 0.910398382258322 0.2661698003518562 0.4275125897052787 -0.2910499003357849 0.0 0.0 0.0 
19.13999999999997 1.3605724659218341 0.4401047132820535 0.9204677526397806 0.254793545239895 0.4325875958448683 -0.28377342467654915 0.0 0.0 0.0 
19.15499999999997 1.3741332162111932 0.44645696211866526 0.927676254092528 0.229388908062732 0.43381434569499033 -0.2717485626338968 0.0 0.0 0.0 
19.18499999999997 1.3963645815444432 0.45968908751675935 0.9366754940276838 0.21344124705839917 0.4354693330437175 -0.2644628518164247 0.0 0.0 0.0 
19.19999999999997 1.4059711995698145 0.46638268687396817 0.9395885126958463 0.19263572597864864 0.4386516517706604 -0.25294714281101827 0.0 0.0 0.0 
19.224999999999973 1.4239733977144235 0.47741351769145096 0.9465598800229726 0.17002965807040887 0.43975201275764475 -0.24255721771153643 0.0 0.0 0.0 
19.239999999999974 1.4366774479228084 0.48427811822922456 0.9523993296935838 0.1425440324758383 0.44392910276509984 -0.22808117615237966 0.0 0.0 0.0 
19.254999999999974 1.450298123577938 0.49044539081167354 0.9598527327662645 0.11248429772974483 0.4385552090454801 -0.21755806869811667 0.0 0.0 0.0 
19.279999999999976 1.4651731182334184 0.5003897159268617 0.9647834023065568 0.08164684986331922 0.42932145093667606 -0.2078098881414492 0.0 0.0 0.0 
19.294999999999977 1.474930555665715 0.5059462568000074 0.9689842988657077 0.03316932629103181 0.41274180586294185 -0.1919255756882604 0.0 0.0 0.0 
19.324999999999978 1.4950115891291451 0.5181667370741158 0.9768448520550294 0.01106036170806557 0.40914216070852255 -0.18354753246901523 0.0 0.0 0.0 
19.33499999999998 1.4985254260088448 0.5217609129261734 0.9767645130826713 -0.029823513451672057 0.3958062561915684 -0.16773952775276177 0.0 0.0 0.0 
19.34999999999998 1.5063378543583712 0.5270883751275697 0.9792494792308015 -0.057414551537938396 0.3848868216207032 -0.15772681245557743 0.0 0.0 0.0 
19.37999999999998 1.5136619325930611 0.5368366093293964 0.9768253232636648 -0.08065920247910441 0.37109625662599455 -0.1497745608372507 0.0 0.0 0.0 
19.404999999999983 1.5206807733688943 0.5448753639027352 0.9758054094661591 -0.11235564828195366 0.35605720161019044 -0.13694682477314776 0.0 0.0 0.0 
19.419999999999984 1.5283726625262128 0.5489452443028554 0.9794274182233574 -0.15305859727582735 0.3313168134486123 -0.1218484052189116 0.0 0.0 0.0 
19.444999999999986 1.5328748611849627 0.5552606801723958 0.9776141810125669 -0.18046394658528994 0.31088980881721545 -0.11066452060263436 0.0 0.0 0.0 
19.459999999999987 1.539076244833853 0.5582552990291123 0.9808209458047408 -0.22007421063440924 0.278063362262405 -0.09427907840152808 0.0 0.0 0.0 
19.48499999999999 1.5364019485756897 0.5641848498199011 0.9722170987557885 -0.23299993802728713 0.2638268927599558 -0.08651388989890112 0.0 0.0 0.0 
19.49999999999999 1.5416936351931796 0.567069484861554 0.9746241503316256 -0.2581083712383865 0.24216696666422433 -0.07293199268812287 0.0 0.0 0.0 
19.49999999999999 1.5416936351931796 0.567069484861554 0.9746241503316256 -0.2581083712383865 0.24216696666422433 -0.07293199268812287 0.0 0.0 0.0 
19.51999999999999 1.5360527648586304 0.5698231168508171 0.9662296480078133 -0.27709069832095096 0.21609458407303975 -0.060148679746185395 0.0 0.0 0.0 
19.54499999999999 1.5228823820978123 0.5736380310350434 0.9492443510627689 -0.28786836441545893 0.1969267191034144 -0.047935704160268974 0.0 0.0 0.0 
19.574999999999992 1.510986073655504 0.5766207981697843 0.9343652754857198 -0.29986698692976105 0.17235083735004664 -0.033529899612743476 0.0 0.0 0.0 
19.599999999999994 1.5086481796458087 0.5803896071107065 0.9282585725351021 -0.31274432677120156 0.15905610013165777 -0.016247677747676326 0.0 0.0 0.0 
19.609999999999996 1.5048113877647284 0.5815269055631118 0.9232844822016166 -0.3231495687705658 0.13982338849479514 0.005006287616080147 0.0 0.0 0.0 
19.624999999999996 1.4992255125926497 0.5820968519524615 0.9171286606401882 -0.32099503122406586 0.11532483173405204 0.016702923785591003 0.0 0.0 0.0 
19.654999999999998 1.4792588086430296 0.5841671321298086 0.895091676513221 -0.3132820867796273 0.10224053779493651 0.02496652719973379 0.0 0.0 0.0 
19.68 1.4699560570016754 0.5837310459516306 0.8862250110500448 -0.31017875386751564 0.0732549321483213 0.036585425374796 0.0 0.0 0.0 
19.69 1.4656937540988022 0.583505888846214 0.8821878652525882 -0.30876575283840585 0.031941012733348845 0.054868030195628636 0.0 0.0 0.0 
19.725 1.440261383293592 0.5846696247476838 0.8555917585459082 -0.29945711549106785 0.02863529804962663 0.060329102439906496 0.0 0.0 0.0 
19.735000000000003 1.4376170248577842 0.5841479868450977 0.8534690380126865 -0.29871416330444023 0.008773557245821424 0.07211663647589184 0.0 0.0 0.0 
19.750000000000004 1.430827071645775 0.5828814921365164 0.8479455795092585 -0.29678095282824046 -0.014106217724406397 0.07617745780916295 0.0 0.0 0.0 
19.780000000000005 1.4071923967743336 0.5813612778008893 0.8258311189734443 -0.2890408916407055 -0.024971721364943744 0.08037587550264488 0.0 0.0 0.0 
19.790000000000006 1.399585524874529 0.5815804117556713 0.8180051131188577 -0.2863017895916002 -0.02533792975799345 0.08903288641555321 0.0 0.0 0.0 
19.805000000000007 1.3944530620813342 0.5800459600072594 0.8144071020740749 -0.28504248572592616 -0.04099594961149276 0.09402509251378607 0.0 0.0 0.0 
19.83000000000001 1.3755135047420073 0.578561475827622 0.7969520289143853 -0.27893321012003486 -0.04756052227363744 0.09366467367461015 0.0 0.0 0.0 
19.86000000000001 1.3587359461243889 0.5761625399136718 0.782573406210717 -0.27390069217375096 -0.05577715329097143 0.09573140621126687 0.0 0.0 0.0 
19.87000000000001 1.3455379336042146 0.5755949236762421 0.7699430099279725 -0.26948005347479037 -0.0634331012057301 0.09864932968383068 0.0 0.0 0.0 
19.910000000000014 1.3243558762540928 0.5707187717907708 0.753637104463322 -0.2637729865621627 -0.07585239819282025 0.10138542452485683 0.0 0.0 0.0 
19.930000000000014 1.312523803732206 0.5684005954918331 0.7441232082403729 -0.2604431228841305 -0.09147749726270969 0.10362362891166599 0.0 0.0 0.0 
19.945000000000014 1.300371276426648 0.5670889291896276 0.7332823472370203 -0.2566488215329571 -0.09696292243830668 0.10267718273976785 0.0 0.0 0.0 
19.945000000000014 1.300371276426648 0.5670889291896276 0.7332823472370203 -0.2566488215329571 -0.09696292243830668 0.10267718273976785 0.0 0.0 0.0 
19.985000000000017 1.2812981634542444 0.5610927811551597 0.7202053822990847 -0.25207188380467965 -0.10830568298739851 0.10335843099159175 0.0 0.0 0.0 
20.000000000000018 1.26526438523344 0.5589265677678581 0.7063378174655819 -0.24721823611295365 -0.12476748975395617 0.10018513906480443 0.0 0.0 0.0 
20.01500000000002 1.2578000726639202 0.5564879968452779 0.7013120758186423 -0.2454592265365248 -0.13740247708049425 0.10101902792848592 0.0 0.0 0.0 
20.04000000000002 1.2422348837231745 0.5538350952621128 0.6883997884610616 -0.24093992596137156 -0.13336022849509682 0.10228466604884501 0.0 0.0 0.0 
20.05500000000002 1.23421440753149 0.5511910438820039 0.6830233636494861 -0.23905817727732012 -0.14001150886117084 0.10041099671710162 0.0 0.0 0.0 
20.080000000000023 1.2213299256140333 0.5473114687520864 0.674018456861947 -0.2359064599016814 -0.14429094425555558 0.09875103368544286 0.0 0.0 0.0 
20.090000000000025 1.2179492384053316 0.545954541372931 0.6719946970324007 -0.23519814396134023 -0.14578613048870107 0.10281691095769409 0.0 0.0 0.0 
20.120000000000026 1.2069351968296627 0.5422291935014414 0.6647060033282213 -0.23264710116487744 -0.14156130180913437 0.10323136955086655 0.0 0.0 0.0 
20.150000000000027 1.1960715479181234 0.537745397218596 0.6583261506995274 -0.23041415274483457 -0.14188275242642076 0.10511309379621443 0.0 0.0 0.0 
20.16000000000003 1.1907256149692278 0.5360806653709281 0.6546449495982997 -0.22912573235940487 -0.1471540314105261 0.10510446708049279 0.0 0.0 0.0 
20.17500000000003 1.1910588366975075 0.5347177838997101 0.6563410527977973 -0.22971936847922905 -0.13681728117313172 0.10364748384449562 0.0 0.0 0.0 
20.20500000000003 1.1781564481370497 0.53373722931887 0.6444192188181797 -0.22554672658636285 -0.11416709168283737 0.10160625344304174 0.0 0.0 0.0 
20.22000000000003 1.1684249045606647 0.5334550125758893 0.6349698919847754 -0.22223946219467136 -0.08115481700567306 0.09344418558639363 0.0 0.0 0.0 
20.23500000000003 1.1592592701175743 0.5343763542491382 0.6248829158684361 -0.21870902055395264 -0.04229664088332267 0.08844747787782127 0.0 0.0 0.0 
20.260000000000034 1.144470480450653 0.535348770845894 0.6091217096047589 -0.2131925983616656 -0.018802237704521396 0.0840929480823001 0.0 0.0 0.0 
20.270000000000035 1.1393865354002786 0.5359053413636945 0.6034811940365841 -0.2112184179128044 0.014043410820070084 0.07819517833400604 0.0 0.0 0.0 
20.285000000000036 1.1364754436309255 0.537217765143325 0.5992576784876005 -0.20974018747066014 0.035541213606477655 0.0712845273932507 0.0 0.0 0.0 
20.320000000000036 1.1250376993518312 0.5429030089281457 0.5821346904236855 -0.20374714164828991 0.06402435061029468 0.06297523958120518 0.0 0.0 0.0 
20.345000000000038 1.1067114348906308 0.5466159120224146 0.5600955228682163 -0.19603343300387568 0.09319654319640122 0.04888064114277767 0.0 0.0 0.0 
20.36000000000004 1.0992164565341394 0.5497715704998429 0.5494448860342964 -0.19230571011200373 0.13163327973990824 0.033277514244966055 0.0 0.0 0.0 
20.37500000000004 1.092025825309366 0.5521949121356934 0.5398309131736726 -0.1889408196107854 0.1493197654809677 0.022378177054689113 0.0 0.0 0.0 
20.38500000000004 1.0902078748441542 0.5542670132414999 0.5359408616026543 -0.187579301560929 0.16906780326864973 0.011719808760767645 0.0 0.0 0.0 
20.415000000000042 1.07421380821659 0.5622175077852544 0.5119963004313356 -0.17919870515096745 0.190488671754014 0.004346195593577912 0.0 0.0 0.0 
20.440000000000044 1.0656315322598162 0.5692616704544883 0.49636986180532794 -0.16966261551029638 0.21674820860480284 -0.003992117336307196 0.0 0.0 0.0 
20.450000000000045 1.0578192857550943 0.5717174851169161 0.4861018006381782 -0.15039699771156015 0.24244571801989376 -0.0173222652862844 0.0 0.0 0.0 
20.480000000000047 1.03894355477248 0.5816324631224296 0.45731109165005035 -0.1294157110987358 0.2628677271907678 -0.024802678070005985 0.0 0.0 0.0 
20.50500000000005 1.0282321728309596 0.5908619920370588 0.4373701807939008 -0.10528476265843305 0.2918093859721542 -0.0348484558880611 0.0 0.0 0.0 
20.52500000000005 1.0203621189539624 0.5988267200796272 0.4215353988743352 -0.07898141678432015 0.3243044214705126 -0.044977423156816396 0.0 0.0 0.0 
20.53500000000005 1.0163080552872836 0.6035595445682419 0.41274851071904173 -0.03391506669741004 0.3741319684936678 -0.06286717406350079 0.0 0.0 0.0 
20.55000000000005 1.0135824495516146 0.6101266295189777 0.4034558200326369 -0.009491191123832787 0.3970744470249665 -0.07057915760144819 0.0 0.0 0.0 
20.58000000000005 0.9980202173207701 0.6241866553311803 0.3738335619895897 0.012966345221960773 0.41504209561263405 -0.07372135667452041 0.0 0.0 0.0 
20.590000000000053 0.991478790905059 0.6287578418715398 0.36272094903351915 0.053350734966754354 0.4398682397866487 -0.0872132862486175 0.0 0.0 0.0 
20.605000000000054 0.9865114410507547 0.6365250714388518 0.3499863696119029 0.08583457092131062 0.4606591261303212 -0.09622188492126407 0.0 0.0 0.0 
20.635000000000055 0.977816472117624 0.6534690276650263 0.32434744445259767 0.11626038416371001 0.4848919791750848 -0.10082613684481317 0.0 0.0 0.0 
20.660000000000057 0.9677298781658511 0.668129997410936 0.29959988075491506 0.15065138332209096 0.5142517339892373 -0.10571498672334631 0.0 0.0 0.0 
20.675000000000058 0.9733461055411399 0.678173748258845 0.29517235728229485 0.18740022096305356 0.5605086040219864 -0.11035211095469809 0.0 0.0 0.0 
20.70000000000006 0.9638755273260717 0.6952778881726117 0.26859763915346 0.23707632518236574 0.593944766919976 -0.11860315485655498 0.0 0.0 0.0 
20.71500000000006 0.9655472788219813 0.7064097646074374 0.2591375142145439 0.2739650942986221 0.6408086822832265 -0.1210781348682541 0.0 0.0 0.0 
20.74500000000006 0.9615132688937843 0.7311344717961442 0.2303787970976401 0.3255012676575671 0.685024864843329 -0.12614353312860893 0.0 0.0 0.0 
20.760000000000062 0.9680251027757163 0.7440268654894305 0.22399823728628576 0.38063079296699714 0.7471054350207754 -0.13072585249571916 0.0 0.0 0.0 
20.770000000000064 0.9702392725819761 0.7526249422802527 0.2176143303017234 0.41468863352357943 0.7980966981612038 -0.13085750995318066 0.0 0.0 0.0 
20.800000000000065 0.9712788106804507 0.7798778341157059 0.19140097656474486 0.44231137566670686 0.8255807557061894 -0.1312555637914777 0.0 0.0 0.0 
20.815000000000065 0.9794641476801295 0.7948064773834567 0.1846576702966728 0.47569352312293084 0.8765651916050299 -0.1311511021732377 0.0 0.0 0.0 
20.840000000000067 0.9924823194441844 0.8213966194554996 0.17108569998868484 0.5182001719837552 0.9236945662041794 -0.13315633187483666 0.0 0.0 0.0 
20.85000000000007 0.9923475236164191 0.8324018343920342 0.1599456892243849 0.5858837368530216 0.9951436085532284 -0.13723342264153526 0.0 0.0 0.0 
20.88000000000007 1.007291302945322 0.8654461307838797 0.14184517216144243 0.6076613639682323 1.0238804735696783 -0.13659073873437333 0.0 0.0 0.0 
20.89500000000007 1.021544612909645 0.8826276842902161 0.13891692861942895 0.6221067850379306 1.0658814533423036 -0.13388733143672596 0.0 0.0 0.0 
20.905000000000072 1.023815631192889 0.8948896677334794 0.12892596345940954 0.665436290149079 1.1174035683383587 -0.13529852892590669 0.0 0.0 0.0 
20.940000000000072 1.04818238136531 0.9372155209116161 0.11096686045369386 0.6921229853348627 1.1404676219337193 -0.1363683600155795 0.0 0.0 0.0 
20.965000000000074 1.0764798451260886 0.9694089117221524 0.10707093340393625 0.7 1.1800570207550973 -0.13704892774400182 0.0 0.0 0.0 
20.980000000000075 1.0975605725366242 0.9895499828701557 0.10801058966646848 0.7 1.232959589789337 -0.13868023323975145 0.0 0.0 0.0 
20.990000000000077 1.108562431154394 1.0035398848252641 0.10502254632912988 0.7 1.2905853281471813 -0.1428139486922222 0.0 0.0 0.0 
21.020000000000078 1.142350522272257 1.044905718562843 0.097444803709414 0.7 1.3142717722104407 -0.14119799383596923 0.0 0.0 0.0 
21.04500000000008 1.1834170619686346 1.0804872715758531 0.1029297903927815 0.7 1.3449404969381467 -0.13591577907874555 0.0 0.0 0.0 
21.04500000000008 1.1834170619686346 1.0804872715758531 0.1029297903927815 0.7 1.3449404969381467 -0.13591577907874555 0.0 0.0 0.0 
21.085000000000083 1.2378400179045959 1.1395925653067733 0.09824745259782253 0.7 1.3776089015897677 -0.13216811396842937 0.0 0.0 0.0 
21.100000000000083 1.2669358848817998 1.1623237397285318 0.104612145153268 0.7 1.4318664667972067 -0.12427169862392182 0.0 0.0 0.0 
21.110000000000085 1.2779767772256632 1.1777687586851886 0.10020801854047456 0.7 1.479294511355896 -0.12045878033298715 0.0 0.0 0.0 
21.145000000000085 1.3373263326710991 1.2320111734178056 0.10531515925329349 0.7 1.4976676247533254 -0.11726774908015258 0.0 0.0 0.0 
21.160000000000085 1.3643402299103904 1.2558527979880318 0.10848743192235855 0.7 1.529220218311836 -0.11563715934170962 0.0 0.0 0.0 
21.170000000000087 1.379057075366552 1.2716056687441977 0.10745140662235442 0.7 1.5528657462431685 -0.10708605569128597 0.0 0.0 0.0 
21.200000000000088 1.4294479402545723 1.319684329747955 0.10976361050661732 0.7 1.5653256518040197 -0.10342347065746499 0.0 0.0 0.0 
21.21500000000009 1.4571966156990261 1.343815000034801 0.11338161566422511 0.7 1.5816494990504306 -0.09968200427763779 0.0 0.0 0.0 
21.24000000000009 1.4951676822584075 1.3839571648014832 0.11121051745692423 0.6770536148195755 1.5894797883780412 -0.0958399068629021 0.0 0.0 0.0 
21.25500000000009 1.5154058162512718 1.4076953504274063 0.10771046582386545 0.6410708515700861 1.5920234080507762 -0.0907141471231206 0.0 0.0 0.0 
21.265000000000093 1.534386073594222 1.422856130448224 0.11152994314599818 0.6075672346469437 1.577798630768505 -0.08719429907482155 0.0 0.0 0.0 
21.295000000000094 1.5817977088703605 1.471305061026423 0.11049264784393764 0.6100666242515572 1.583890357731417 -0.08714592184031895 0.0 0.0 0.0 
21.305000000000096 1.6027022618725943 1.4861583498027373 0.11654391206985704 0.5964907233293921 1.5694599002299694 -0.08639387460622502 0.0 0.0 0.0 
21.340000000000096 1.648845192286489 1.5425260642315124 0.10631912805497667 0.5940322855400334 1.5765245572301156 -0.08519196814773851 0.0 0.0 0.0 
21.355000000000096 1.6723436047044087 1.566756625498422 0.1055869792059867 0.6140748029018873 1.5893773818935535 -0.08715178353173181 0.0 0.0 0.0 
21.3800000000001 1.7070068677736234 1.605832203124796 0.1011746646488274 0.5962265049219043 1.5863734285101243 -0.08471585838321057 0.0 0.0 0.0 
21.3950000000001 1.7337079791141858 1.628919329055663 0.10478865005852289 0.5900049191519446 1.5752945161393688 -0.08464218612225204 0.0 0.0 0.0 
21.4200000000001 1.7652611476759628 1.6671010213372246 0.09816012633873816 0.583359236929174 1.5635582615064787 -0.08405749018670462 0.0 0.0 0.0 
21.4350000000001 1.7818345862115013 1.6903439834973308 0.09149060271417042 0.5808170412017957 1.5548006743354224 -0.0838636270323265 0.0 0.0 0.0 
21.460000000000104 1.820972952864009 1.7279383047784729 0.09303464808553619 0.5810989999021253 1.5428780380881775 -0.08462509281603543 0.0 0.0 0.0 
21.475000000000104 1.839826594195248 1.7510221458352377 0.08880444836001034 0.5752846053387233 1.5360660938669801 -0.08398992568920917 0.0 0.0 0.0 
21.500000000000107 1.8638582314937922 1.788002289766611 0.07585594172718113 0.5873573280105626 1.5233155078268672 -0.08574618344709752 0.0 0.0 0.0 
21.515000000000107 1.8845295543296539 1.8106115247634407 0.07391802956621318 0.5662997944437044 1.5136403694872245 -0.08323896126400315 0.0 0.0 0.0 
21.54500000000011 1.9133436208671344 1.8543536245027192 0.058989996364415154 0.5715581399869863 1.5009240032323088 -0.08394894524252376 0.0 0.0 0.0 
21.56000000000011 1.9257677923625414 1.875302652604705 0.0504651397578364 0.5628096030829243 1.4721053703703366 -0.08389668896562662 0.0 0.0 0.0 
21.57000000000011 1.9413622503121262 1.889837331283419 0.05152491902870726 0.5430852004693718 1.4552548214531376 -0.08203855637404711 0.0 0.0 0.0 
21.60000000000011 1.9688057887563637 1.9326324261965333 0.03617336255983039 0.5525108557590318 1.4477335137565701 -0.08306035684356948 0.0 0.0 0.0 
21.625000000000114 1.9896459923666683 1.966372420594872 0.02327357177179623 0.5375340428875913 1.4251311971535308 -0.08146764582135242 0.0 0.0 0.0 
21.640000000000114 2.007967159295102 1.9871771671259586 0.020789992169143234 0.5166655031079151 1.406010873278901 -0.07928603076499281 0.0 0.0 0.0 
21.665000000000116 2.02565576156356 2.0216110160355787 0.004044745527981508 0.5171422051964664 1.396737508824577 -0.0789922660356138 0.0 0.0 0.0 
21.675000000000118 2.034646575461078 2.0346925080228924 -4.593256181451011e-05 0.5062400438958936 1.3717853941620752 -0.07851609120921746 0.0 0.0 0.0 
21.69000000000012 2.0475081947266567 2.0549075582466205 -0.007399363519963842 0.5280824454726633 1.361870020074306 -0.08209810704505055 0.0 0.0 0.0 
21.70500000000012 2.0607697141624755 2.0733030252776983 -0.012533311115222823 0.5159317990851594 1.3314307452672491 -0.08174619064318557 0.0 0.0 0.0 
21.74000000000012 2.0868077834675667 2.1200827506514126 -0.03327496718384593 0.5215434583641737 1.3285239101717752 -0.08166113485062307 0.0 0.0 0.0 
21.75500000000012 2.096326469858672 2.1399607850488347 -0.04363431519016281 0.5267275053490655 1.3257995416222892 -0.0820790132110524 0.0 0.0 0.0 
21.780000000000122 2.1204288418252397 2.1726641846348045 -0.052235342809564766 0.5159625055321981 1.3217281981983748 -0.080114346267746 0.0 0.0 0.0 
21.795000000000122 2.131557218656066 2.192442724438678 -0.06088550578261209 0.5139383488233226 1.3190358897725967 -0.0794630067630165 0.0 0.0 0.0 
21.805000000000124 2.1454070600230035 2.205494832657048 -0.06008777263404452 0.5143216234751277 1.3150146785673897 -0.07981318611763227 0.0 0.0 0.0 
21.835000000000125 2.168271255011248 2.2463537845221846 -0.07808252951093664 0.5235135066884028 1.324116659117295 -0.07972952783807566 0.0 0.0 0.0 
21.860000000000127 2.1956014048665433 2.2813508399488507 -0.08574943508230737 0.5244954424171862 1.3427632035416297 -0.07835274192452557 0.0 0.0 0.0 
21.87000000000013 2.206368343490743 2.294232823176916 -0.08786447968617317 0.5035371871092503 1.3458152644136363 -0.07474463608354298 0.0 0.0 0.0 
21.90000000000013 2.236409296474593 2.3366531577394776 -0.1002438612648846 0.4994986614429303 1.3599326811384156 -0.07265899549566109 0.0 0.0 0.0 
21.91500000000013 2.256218822961021 2.357834633451532 -0.10161581049051094 0.4654258953313957 1.3790372724391058 -0.06632137741657713 0.0 0.0 0.0 
21.93500000000013 2.280918225734923 2.3867804667050043 -0.10586224097008134 0.46078505794478053 1.397193140612948 -0.06452652324154734 0.0 0.0 0.0 
21.960000000000132 2.312410999364294 2.4232811340533575 -0.1108701346890637 0.4251369078527414 1.414310655258533 -0.05811903793120834 0.0 0.0 0.0 
21.990000000000137 2.3507004646776237 2.46875815035465 -0.11805768567702613 0.40118372349091375 1.439197647752595 -0.053200968870206734 0.0 0.0 0.0 
22.005000000000138 2.3689287299573647 2.491967604168466 -0.12303887421110149 0.3544468984906264 1.476144381028111 -0.04488162893599928 0.0 0.0 0.0 
22.020000000000138 2.3880812081967107 2.515734893169713 -0.12765368497300233 0.29725741881895884 1.5092599322025808 -0.03560694397289314 0.0 0.0 0.0 
22.03500000000014 2.4052482540787308 2.5399820321930484 -0.13473377811431764 0.2617159819839938 1.5409886269768462 -0.029624413984283428 0.0 0.0 0.0 
22.06500000000014 2.4446061216502426 2.5861066799012744 -0.1415005582510318 0.22498883549087104 1.5450787671291566 -0.02416232115660056 0.0 0.0 0.0 
22.09000000000014 2.47231458320691 2.6268000156884095 -0.15448543248149926 0.19528543635057743 1.563301057536603 -0.019219496054179715 0.0 0.0 0.0 
22.10500000000014 2.4975110172414787 2.6509855220125877 -0.15347450477110902 0.14227360383962342 1.5824240001755923 -0.011907066029900767 0.0 0.0 0.0 
22.12500000000014 2.513829347089561 2.683381993171309 -0.16955264608174803 0.12361295943924037 1.594335928233312 -0.008576842902015039 0.0 0.0 0.0 
22.15500000000014 2.5483013195340827 2.73232199911897 -0.18402067958488733 0.09692385153451599 1.6042301817377391 -0.004312615808672538 0.0 0.0 0.0 
22.15500000000014 2.5483013195340827 2.73232199911897 -0.18402067958488733 0.09692385153451599 1.6042301817377391 -0.004312615808672538 0.0 0.0 0.0 
22.18500000000014 2.574437977625706 2.7819653727189997 -0.20752739509329388 0.07263458828265285 1.617459353421123 0.0014509785320861593 0.0 0.0 0.0 
22.20000000000014 2.5873101101928557 2.8070263778975098 -0.21971626770465402 0.0769006936966289 1.6362510531316679 0.006113096343289565 0.0 0.0 0.0 
22.210000000000143 2.5930492331372954 2.8242029328247886 -0.23115369968749322 0.08090379489062262 1.6612621858935042 0.017000394550775046 0.0 0.0 0.0 
22.240000000000144 2.619390729687093 2.874164262643825 -0.2547735329567318 0.08917073653485612 1.6646175254153706 0.021390689436389526 0.0 0.0 0.0 
22.250000000000146 2.6235211741989675 2.890152503255127 -0.2666313290561595 0.09332096516965582 1.6543393195136726 0.026654634632543202 0.0 0.0 0.0 
22.280000000000147 2.637531355554944 2.938719646332255 -0.30118829077731135 0.10541590177205896 1.6461274373210024 0.027677446938405664 0.0 0.0 0.0 
22.310000000000148 2.654083384535151 2.9875832611168778 -0.333499876581727 0.11672495680360444 1.6401319366964076 0.028987444511674825 0.0 0.0 0.0 
22.32000000000015 2.655995067071585 3.003864117073326 -0.34786905000174073 0.12175416750060924 1.6322516358165842 0.030196951930391805 0.0 0.0 0.0 
22.33500000000015 2.6607634268624674 3.030166644270993 -0.36940321740852555 0.12929112609298393 1.6552156027214564 0.032751254370252184 0.0 0.0 0.0 
22.36500000000015 2.6604672568434777 3.0780051532775743 -0.41753789643409656 0.14613826375193378 1.646417678959137 0.03722955581593294 0.0 0.0 0.0 
22.38000000000015 2.6632642418937627 3.1030836889479874 -0.4398194470542247 0.15393680646897864 1.6462555866442745 0.03743522643575295 0.0 0.0 0.0 
22.390000000000153 2.6678423468827996 3.1193606391550857 -0.451518292272286 0.1580314022953001 1.6424235226546278 0.04058194059331653 0.0 0.0 0.0 
22.415000000000155 2.6719466751490186 3.1599903653414345 -0.4880436901924159 0.17081529156734554 1.6384698616837166 0.04317841901577353 0.0 0.0 0.0 
22.430000000000156 2.667939284871356 3.184257442815454 -0.5163181579440983 0.1807113552804344 1.6322919565191853 0.04401879376682507 0.0 0.0 0.0 
22.460000000000157 2.664467895827815 3.233657619958723 -0.5691897241309078 0.19921640344581773 1.6342696228849674 0.04727660672413181 0.0 0.0 0.0 
22.48500000000016 2.6660014272759143 3.275106825668877 -0.6091053983929626 0.21318688943753691 1.6397864833937577 0.049890434930897086 0.0 0.0 0.0 
22.51500000000016 2.6722098909554157 3.3246678747401663 -0.6524579837847506 0.2283602943246627 1.6436575103243025 0.05687387208120783 0.0 0.0 0.0 
22.53000000000016 2.6767822594750212 3.350611423188616 -0.6738291637135947 0.23584020729975813 1.6633967398306684 0.062375724874314746 0.0 0.0 0.0 
22.54500000000016 2.6768545758636626 3.375421186779498 -0.6985666109158353 0.24449831382054232 1.6674618254175304 0.07084647029636953 0.0 0.0 0.0 
22.560000000000162 2.680188218873396 3.4007795670524206 -0.7205913481790245 0.25220697186265856 1.6733686278449482 0.07553784961695185 0.0 0.0 0.0 
22.570000000000164 2.6835884594332495 3.4170575720969265 -0.733469112663677 0.2567141894322869 1.666821294458976 0.08117180575839601 0.0 0.0 0.0 
22.600000000000165 2.6930623189188774 3.4676804561261507 -0.7746181372072733 0.27111634802254564 1.6703342600785307 0.08696578974550122 0.0 0.0 0.0 
22.625000000000167 2.703137582209373 3.510468405932407 -0.8073308237230341 0.2825657883030619 1.6799491723631754 0.09414366544277161 0.0 0.0 0.0 
22.640000000000168 2.7100040846931726 3.536082750856865 -0.8260786661636925 0.28912753315729234 1.6904006397166442 0.10546286120676711 0.0 0.0 0.0 
22.655000000000168 2.7171934919540233 3.5604713487517365 -0.8432778567977133 0.2951472498791996 1.6805021506291988 0.11666516279312011 0.0 0.0 0.0 
22.68000000000017 2.732760114056598 3.6015721725904917 -0.8688120585338939 0.30408422048686284 1.671320562451303 0.12462891681650962 0.0 0.0 0.0 
22.705000000000172 2.752704997122167 3.6416931466953235 -0.8889881495731564 0.3111458523506047 1.6550806083802125 0.137113855698235 0.0 0.0 0.0 
22.725000000000172 2.761702132429236 3.674515794244411 -0.912813661815175 0.31948478163531124 1.646115358984607 0.15150254105408073 0.0 0.0 0.0 
22.740000000000173 2.775453543669634 3.696156676764946 -0.9207031330953122 0.32224609658335923 1.6013129288945398 0.1693259886835663 0.0 0.0 0.0 
22.755000000000173 2.7786765855983147 3.719556472673663 -0.9408798870753485 0.32930796047637195 1.579391570458817 0.18272955819640996 0.0 0.0 0.0 
22.780000000000175 2.800297952191696 3.756630062664178 -0.956332110472482 0.3347162386653687 1.5558821298079704 0.1953282280834875 0.0 0.0 0.0 
22.805000000000177 2.8170091164081192 3.7920178052802256 -0.9750086888721063 0.3412530411052372 1.5203451079149366 0.2058855986711516 0.0 0.0 0.0 
22.820000000000178 2.8322800659079244 3.8132764125123817 -0.9809963466044573 0.34334872131156 1.4815498393251834 0.22136510125594674 0.0 0.0 0.0 
22.84500000000018 2.849502519326187 3.8471903039836657 -0.9976877846574785 0.34919072463011747 1.4491971765301674 0.233137439690554 0.0 0.0 0.0 
22.86000000000018 2.86478962216419 3.8669343887315 -1.00214476656731 0.3507506682985585 1.4059687582194051 0.24649712011864516 0.0 0.0 0.0 
22.87500000000018 2.8795630383400623 3.887806842711587 -1.0082438043715247 0.35288533153003365 1.3899616168721334 0.2543072405301276 0.0 0.0 0.0 
22.900000000000183 2.900738111605421 3.920933039520687 -1.020194927915266 0.35706822477034306 1.3739112874546822 0.26185748275705123 0.0 0.0 0.0 
22.915000000000184 2.9127253678843763 3.93930546057758 -1.0265800926932038 0.3593030324426213 1.3356298949318597 0.2707094251326008 0.0 0.0 0.0 
22.930000000000184 2.923645315847659 3.9581522693461073 -1.0345069534984481 0.36207743372445683 1.3080166383451095 0.27784619243997655 0.0 0.0 0.0 
22.960000000000186 2.952332864732423 3.9962831493246034 -1.0439502845921802 0.36538259960726305 1.2963502038763177 0.28271608724031316 0.0 0.0 0.0 
22.970000000000187 2.9582731443722206 4.007780135470244 -1.0495069910980237 0.3673274468843083 1.2560659677601251 0.29398621372766526 0.0 0.0 0.0 
23.00000000000019 2.9837039985116145 4.044643708802717 -1.0609397102911022 0.3713288986018858 1.246479735474496 0.29711728334615767 0.0 0.0 0.0 
23.01500000000019 2.9971423037193703 4.062583604059349 -1.065441300339979 0.3729044551189926 1.2304565044726377 0.30205658559873627 0.0 0.0 0.0 
23.04000000000019 3.0193298324460476 4.092034376028107 -1.0727045435820597 0.37544659025372085 1.2169320988370094 0.30491022809633084 0.0 0.0 0.0 
23.050000000000193 3.0282454014392592 4.103603354349056 -1.0753579529097972 0.37637528351842897 1.1945473280597538 0.3137635598283661 0.0 0.0 0.0 
23.080000000000194 3.050548775651947 4.138060086324137 -1.0875113106721894 0.38062895873526625 1.1829773039060614 0.31643799797344946 0.0 0.0 0.0 
23.095000000000194 3.063794485381167 4.155391803687975 -1.0915973183068077 0.38205906140738266 1.1704027196639035 0.3183936005667045 0.0 0.0 0.0 
23.105000000000196 3.077090642458363 4.166524579963771 -1.089433937505408 0.3813018781268928 1.1531291709169258 0.3193490136460535 0.0 0.0 0.0 
23.140000000000196 3.1032321039353055 4.205509061537658 -1.1022769576023523 0.3857969351608233 1.143680657627745 0.32016324792708456 0.0 0.0 0.0 
23.155000000000197 3.1131781184822676 4.2214309548169995 -1.108252836334732 0.38788849271715614 1.120361808099283 0.32518913487826084 0.0 0.0 0.0 
23.1800000000002 3.13354129341183 4.249267878143371 -1.115726584731541 0.3905043046560393 1.1147352497133551 0.32788732846050206 0.0 0.0 0.0 
23.1950000000002 -3.133140597345903 4.2653970739689955 -1.1153523641353118 0.3903733274473591 1.103908782106083 0.3293601658168742 0.0 0.0 0.0 
23.2050000000002 -3.1266371374342365 4.276169779124636 -1.119621609379287 0.3918675632827504 1.0936020234544956 0.3325395984739362 0.0 0.0 0.0 
23.235000000000202 -3.097274338353448 4.308512987594073 -1.1226020187679344 0.392910706568777 1.0894250060429467 0.3328607239628178 0.0 0.0 0.0 
23.260000000000204 -3.0784607490670046 4.334727006665281 -1.1300024485526992 0.39550085699344467 1.0796337394756257 0.33229581397616376 0.0 0.0 0.0 
23.275000000000205 -3.064311438432335 4.350229989070357 -1.1313561203231055 0.3959746421130869 1.0653617394726393 0.3267856994059063 0.0 0.0 0.0 
23.300000000000207 -3.0403721412526754 4.375615316617496 -1.1328021506905852 0.3964807527417048 1.0526567723606948 0.32847501063084317 0.0 0.0 0.0 
23.315000000000207 -3.024890483412652 4.3905211723214945 -1.1322263485545605 0.39627922199409615 1.0343174070426902 0.3330448554665915 0.0 0.0 0.0 
23.34500000000021 -3.0052462832966875 4.420845838436426 -1.1429068145535268 0.40001738509373436 1.0267857993879757 0.33166274921507954 0.0 0.0 0.0 
23.36000000000021 -2.98658859800703 4.4354058920311 -1.1388091828585436 0.39858321400049024 1.0108657759088981 0.3345104986112593 0.0 0.0 0.0 
23.38500000000021 -2.9678331089981285 4.460053657003865 -1.1447014588224071 0.4006455105878425 1.0029228683052736 0.3342457981746286 0.0 0.0 0.0 
23.40000000000021 -2.954031461396026 4.474183915357272 -1.1450300695737115 0.400760524350799 0.9865849259942823 0.33507868553883274 0.0 0.0 0.0 
23.415000000000212 -2.9452812371141532 4.48824549562777 -1.1503414255623365 0.40261949894681776 0.9716905845830857 0.33564300225127464 0.0 0.0 0.0 
23.440000000000214 -2.9186554015819137 4.512379895226827 -1.1478499896291545 0.40174749637020407 0.9677085549912248 0.33428636595769656 0.0 0.0 0.0 
23.465000000000217 -2.900964611055306 4.535234850504709 -1.153014154380429 0.40355495403315017 0.9556681464047948 0.33596850895714014 0.0 0.0 0.0 
23.465000000000217 -2.900964611055306 4.535234850504709 -1.153014154380429 0.40355495403315017 0.9556681464047948 0.33596850895714014 0.0 0.0 0.0 
23.495000000000218 -2.8745756618208302 4.560410220717134 -1.1518005753583784 0.40313020137543243 0.9290439093605254 0.3356100692690003 0.0 0.0 0.0 
23.50500000000022 -2.860203278582706 4.568425061398367 -1.1454430328014862 0.40090506148052013 0.8790515463922809 0.33303687891196404 0.0 0.0 0.0 
23.54000000000022 -2.833042855069183 4.594839581719948 -1.1446971296095452 0.4006439953633408 0.8495497073090219 0.3329644227307596 0.0 0.0 0.0 
23.55500000000022 -2.8204004543203443 4.604932099972217 -1.142147247112975 0.3997515364895412 0.7929415065649681 0.3329982949447223 0.0 0.0 0.0 
23.580000000000222 -2.8012809412061266 4.621632460760479 -1.139728094787019 0.3989048331754566 0.7573693854354259 0.33146214661806517 0.0 0.0 0.0 
23.590000000000224 -2.7900475445709367 4.6281353257744575 -1.1349975631658076 0.3972491471080326 0.7087836848135913 0.32668505113984414 0.0 0.0 0.0 
23.605000000000224 -2.7767184701305663 4.637250213439274 -1.1307833763902542 0.39577418173658896 0.6785078558217877 0.32728713021568556 0.0 0.0 0.0 
23.635000000000225 -2.7481103052124647 4.653990368154919 -1.1189153661877977 0.3916203781657292 0.6495268402134664 0.3238505477477175 0.0 0.0 0.0 
23.660000000000228 -2.727990021346941 4.666623113729266 -1.1114278278966214 0.38899973976381746 0.6098027855566223 0.3187006027889891 0.0 0.0 0.0 
23.68500000000023 -2.708703167081831 4.678421308961875 -1.1039391688641196 0.3863787091024418 0.5698665763318324 0.31351031618381314 0.0 0.0 0.0 
23.70000000000023 -2.688453865490728 4.684543349068857 -1.0898119073799988 0.38143416758299953 0.5169816305847238 0.30468476967384234 0.0 0.0 0.0 
23.710000000000232 -2.6764829588587697 4.688508964009122 -1.081806615688306 0.37863231549090703 0.4686000087989205 0.2952922642259828 0.0 0.0 0.0 
23.745000000000232 -2.6467712866693285 4.701013049800508 -1.0645990292902505 0.37260966025158765 0.4418720203558146 0.2884889765713658 0.0 0.0 0.0 
23.760000000000232 -2.6354396449979567 4.7056134082068075 -1.0578677460251775 0.3702537111088121 0.3956322695427073 0.2801433359466751 0.0 0.0 0.0 
23.770000000000234 -2.624905162624542 4.709274563992341 -1.0509944194372967 0.36784804680305383 0.3686738526858943 0.2698385497596013 0.0 0.0 0.0 
23.785000000000235 -2.615157773368879 4.71358709336618 -1.045559559555473 0.36594584584441553 0.3467999299977055 0.2666956865551833 0.0 0.0 0.0 
23.825000000000237 -2.5791426082479783 4.722721541353582 -1.0186788424219744 0.356537594847691 0.32033476400445027 0.2547049192025853 0.0 0.0 0.0 
23.840000000000238 -2.5669108284767863 4.726546242795079 -1.0102717640922787 0.35359511743229755 0.285751876519193 0.2417511281105656 0.0 0.0 0.0 
23.86500000000024 -2.546015089097238 4.730995046211149 -0.9938248281288011 0.3478386898450804 0.25764563511564414 0.22933311686637556 0.0 0.0 0.0 
23.86500000000024 -2.546015089097238 4.730995046211149 -0.9938248281288011 0.3478386898450804 0.25764563511564414 0.22933311686637556 0.0 0.0 0.0 
23.89500000000024 -2.5190574176951044 4.735860226974479 -0.9717323374899971 0.34010631812149894 0.2312272491367252 0.21413144912417365 0.0 0.0 0.0 
23.905000000000243 -2.506659564360177 4.737407132699509 -0.9608813898801003 0.33630848645803507 0.19175388684253453 0.18731908660643037 0.0 0.0 0.0 
23.940000000000243 -2.478617338137019 4.740505018431152 -0.9359370493885848 0.32757796728600463 0.16743558017742935 0.17572353854289122 0.0 0.0 0.0 
23.955000000000243 -2.4665805899480495 4.742551659113975 -0.9259469418824384 0.32408142965885345 0.14399485295514816 0.15976471170248716 0.0 0.0 0.0 
23.980000000000246 -2.4533009095556433 4.743986413907773 -0.9141020162838309 0.3199357056993408 0.12220291707065645 0.1463581620101086 0.0 0.0 0.0 
23.995000000000246 -2.430995404822079 4.7453253421838255 -0.8931354398263185 0.3125974039392114 0.10454559041545386 0.1279469565733227 0.0 0.0 0.0 
24.005000000000248 -2.432990515469479 4.745446302777964 -0.8952515110678565 0.31333802887374973 0.0778125484178325 0.11067360477609366 0.0 0.0 0.0 
24.02000000000025 -2.417403479762728 4.7460373945175665 -0.8802555671007077 0.30808944848524766 0.06464408237833527 0.1002736735943125 0.0 0.0 0.0 
24.06000000000025 -2.382221764651016 4.746009696650243 -0.8450461541216736 0.29576615394258576 0.04991963737704247 0.09034660279315898 0.0 0.0 0.0 
24.085000000000253 -2.369430468886014 4.744914634701708 -0.8311597964081354 0.2909059287428474 0.023814277644430247 0.07194642396912233 0.0 0.0 0.0 
24.100000000000254 -2.3631341540240363 4.744609768602389 -0.8245586154468398 0.28859551540639394 0.0017147418821094919 0.05148796070794266 0.0 0.0 0.0 
24.110000000000255 -2.3437941954550183 4.744111774524083 -0.8047206627995154 0.28165223197983036 -0.01874453778686462 0.03167534071085685 0.0 0.0 0.0 
24.130000000000255 -2.3337332311600156 4.742789954328487 -0.7933378783089164 0.27766825740812073 -0.03142666441537482 0.01952950760319573 0.0 0.0 0.0 
24.160000000000256 -2.3032764275935134 4.739482221373077 -0.7595733417870036 0.26585066962545123 -0.04994752452369161 0.010961874944948498 0.0 0.0 0.0 
24.185000000000258 -2.2943756814217 4.7367696404721915 -0.7479600147143053 0.25996463451143864 -0.06852812832413328 -0.005654986897460461 0.0 0.0 0.0 
24.20000000000026 -2.2837497387098376 4.734916750442412 -0.7354811819726637 0.2474258906608034 -0.0890329188232363 -0.023879580247496056 0.0 0.0 0.0 
24.22500000000026 -2.266895032678424 4.7307464812802085 -0.7144562067790456 0.2293454269038473 -0.10850455245096678 -0.04061844568183506 0.0 0.0 0.0 
24.24000000000026 -2.258931387187542 4.728078401966598 -0.7038244819745536 0.20869692255215147 -0.13236839993403646 -0.060504326445111486 0.0 0.0 0.0 
24.255000000000262 -2.239297844818675 4.725836057790973 -0.6819485954300619 0.19035362601835054 -0.1430542591819559 -0.07187926181435289 0.0 0.0 0.0 
24.265000000000263 -2.236772518940412 4.724004147334213 -0.6775913590950395 0.1724236116868288 -0.15603066708073451 -0.08827146885379723 0.0 0.0 0.0 
24.295000000000265 -2.225230454691066 4.717704708061706 -0.6597498555731853 0.15177242972619814 -0.16826412654943673 -0.10007065923274894 0.0 0.0 0.0 
24.305000000000266 -2.224065569897882 4.715336664703906 -0.6562169274222018 0.12526138553476285 -0.19324538338645855 -0.11496191518676552 0.0 0.0 0.0 
24.340000000000266 -2.1966417776595026 4.706484578584452 -0.6199410490643684 0.09308854335216747 -0.20748792871131275 -0.12704232922238373 0.0 0.0 0.0 
24.355000000000267 -2.188293546255756 4.703271217891293 -0.6083794569674632 0.06414018147488645 -0.2189048557467024 -0.14461993521397132 0.0 0.0 0.0 
24.38000000000027 -2.1794849021769447 4.696200796784512 -0.5925003917818703 0.03469412306380196 -0.23391920567984104 -0.15706551833805507 0.0 0.0 0.0 
24.39500000000027 -2.176633499927269 4.691596868171963 -0.5850450609196463 -0.01053265851925872 -0.2562733375570401 -0.1787473367249834 0.0 0.0 0.0 
24.42000000000027 -2.1663818752450923 4.68357943562326 -0.5667760036887657 -0.04562123989590572 -0.27337646528194187 -0.18989699940619847 0.0 0.0 0.0 
24.435000000000272 -2.1639369477374046 4.678849129389816 -0.5596007699476342 -0.0853199274823011 -0.2904996921084834 -0.20594023142641 0.0 0.0 0.0 
24.460000000000274 -2.157085065679592 4.670613584274311 -0.5445133427743167 -0.12079994722681209 -0.30148928556111615 -0.21974572747821744 0.0 0.0 0.0 
24.475000000000275 -2.1453458465621003 4.664547465130472 -0.5267080045129857 -0.17439097340250548 -0.32787090037585503 -0.2327971126588337 0.0 0.0 0.0 
24.485000000000277 -2.141525608491571 4.660765724978134 -0.5191060262901193 -0.23974665352669516 -0.35002793885675443 -0.25617028834941 0.0 0.0 0.0 
24.520000000000277 -2.139991635029374 4.647518268743447 -0.5043245965932348 -0.2676833936122304 -0.35770827920765763 -0.26420970944315 0.0 0.0 0.0 
24.535000000000277 -2.1406673298433656 4.640947236138348 -0.4984292588021271 -0.3299744980757322 -0.37940233306795446 -0.2828775764562276 0.0 0.0 0.0 
24.56000000000028 -2.1348395211751154 4.630791701858647 -0.48244591585417673 -0.3749887993293684 -0.3887706590629053 -0.2976347925049434 0.0 0.0 0.0 
24.57000000000028 -2.139290649507992 4.626904304951098 -0.4830096472795038 -0.4078469204286978 -0.3958491845142045 -0.3100795677732508 0.0 0.0 0.0 
24.600000000000282 -2.1535493386423386 4.613715909923162 -0.4840799413859145 -0.4414187135110821 -0.40542514240498156 -0.32057060082060185 0.0 0.0 0.0 
24.615000000000283 -2.1531821127508244 4.605815803592282 -0.47581260916352086 -0.5247129225643163 -0.43577144105876087 -0.3375023862753712 0.0 0.0 0.0 
24.640000000000285 -2.1693976971642526 4.594008980725828 -0.48022137071049453 -0.5680661032194233 -0.44867084266829116 -0.3490895314637756 0.0 0.0 0.0 
24.650000000000286 -2.169922491634963 4.589022258832753 -0.4757594432881298 -0.6294409619783536 -0.46855128782992095 -0.3614385618890531 0.0 0.0 0.0 
24.680000000000287 -2.1872371795056664 4.572940986268786 -0.4769928585948655 -0.6730409458409876 -0.4842228534049382 -0.3690882096435972 0.0 0.0 0.0 
24.695000000000288 -2.1992769807190076 4.5649105766380575 -0.4810022501774789 -0.7 -0.5040595527781486 -0.3791537219659968 0.0 0.0 0.0 
24.72500000000029 -2.2194480638663965 4.5481987503604815 -0.48446150704729174 -0.7 -0.5177926214944062 -0.3852839817135552 0.0 0.0 0.0 
24.72500000000029 -2.2194480638663965 4.5481987503604815 -0.48446150704729174 -0.7 -0.5177926214944062 -0.3852839817135552 0.0 0.0 0.0 
24.75500000000029 -2.247195313258027 4.529367672100632 -0.49337767817907263 -0.7 -0.5442036471824373 -0.3922434198447647 0.0 0.0 0.0 
24.780000000000292 -2.267796100708945 4.51364572370488 -0.498256517234239 -0.7 -0.5709373929583247 -0.3992467731419345 0.0 0.0 0.0 
24.805000000000295 -2.2997770281354657 4.49700288457213 -0.5135946055280094 -0.7 -0.5982165259567332 -0.4089775666780015 0.0 0.0 0.0 
24.820000000000295 -2.320481537696603 4.485508085419851 -0.5228043159368676 -0.7 -0.6460106975596259 -0.4153812375583934 0.0 0.0 0.0 
24.835000000000296 -2.327008263074286 4.476153365524113 -0.5199763214188131 -0.7 -0.6559399868061306 -0.42112333621782133 0.0 0.0 0.0 
24.860000000000298 -2.3639898641543575 4.457553799013013 -0.5383583559877838 -0.7 -0.6755707942160294 -0.42775240169327566 0.0 0.0 0.0 
24.8700000000003 -2.3768826158293668 4.449452026255726 -0.5431493349055057 -0.7 -0.7176744048260623 -0.4378931115187893 0.0 0.0 0.0 
24.9000000000003 -2.424570441164872 4.427468045380539 -0.5688531793658242 -0.7 -0.7249826561594693 -0.44045418576385664 0.0 0.0 0.0 
24.955000000000304 -2.5034464618012504 4.383161752622973 -0.6034229072446369 -0.7 -0.7425072440009429 -0.4471510117189688 0.0 0.0 0.0 
24.955000000000304 -2.5034464618012504 4.383161752622973 -0.6034229072446369 -0.7 -0.7425072440009429 -0.4471510117189688 0.0 0.0 0.0 
24.970000000000304 -2.5307248155470266 4.370415435189625 -0.6179549435570655 -0.7 -0.7836625011217778 -0.4608059202099862 0.0 0.0 0.0 
24.985000000000305 -2.561057399696025 4.358121707170415 -0.6359937996868545 -0.7 -0.8033856381829991 -0.4682204677785312 0.0 0.0 0.0 
25.000000000000306 -2.5885877299049094 4.345608316803377 -0.6510107395286999 -0.7 -0.8155970653669737 -0.476791429417236 0.0 0.0 0.0 
25.015000000000306 -2.5957477288166744 4.332608546329942 -0.6451709679670294 -0.7 -0.8296295177446781 -0.4823579759217902 0.0 0.0 0.0 
25.030000000000307 -2.6275838486221215 4.32022122438028 -0.664619765822815 -0.7 -0.8331032035660638 -0.4838910636497535 0.0 0.0 0.0 
25.060000000000308 -2.6816355403610257 4.292538241309691 -0.6909884744911299 -0.7 -0.8517853355508883 -0.48823930712390057 0.0 0.0 0.0 
25.08500000000031 -2.726686562439231 4.270150927374023 -0.7136521826336679 -0.7 -0.8674176618912178 -0.49366173301346594 0.0 0.0 0.0 
25.110000000000312 -2.7742952054369248 4.24719445471342 -0.7383043529707587 -0.7 -0.8824417926270632 -0.5002091475509082 0.0 0.0 0.0 
25.140000000000313 -2.8202527717723824 4.219627723730985 -0.756695188323782 -0.7 -0.893610096707838 -0.5029112574149245 0.0 0.0 0.0 
25.150000000000315 -2.825071234907476 4.2103732116241135 -0.7522591393520033 -0.7 -0.9101931582419294 -0.5108748212849251 0.0 0.0 0.0 
25.165000000000315 -2.8536759515635577 4.196036185536723 -0.7665268299206947 -0.7 -0.9227731466204097 -0.5176151005485577 0.0 0.0 0.0 
25.180000000000316 -2.8839314768637343 4.182147626282542 -0.7828937959666895 -0.7 -0.9272125808457095 -0.5195939707154226 0.0 0.0 0.0 
25.195000000000316 -2.9062274810530138 4.167233526560986 -0.7902757004344139 -0.7 -0.9421353083185983 -0.5281061345863944 0.0 0.0 0.0 
25.210000000000317 -2.9311856620187293 4.1523752753840615 -0.8003756302232041 -0.7 -0.95645342433311 -0.5303654179216698 0.0 0.0 0.0 
25.240000000000318 -2.9765283077882927 4.121025607187507 -0.8143686077962133 -0.7 -0.9765474812795867 -0.5297461841512912 0.0 0.0 0.0 
25.26500000000032 -3.005750464757444 4.095841283144798 -0.8184064407226561 -0.7 -0.9900837837379618 -0.5279108466553689 0.0 0.0 0.0 
25.28000000000032 -3.0436535901266057 4.0808436913599415 -0.8413119743069615 -0.7 -0.998883859116017 -0.5268277389742054 0.0 0.0 0.0 
25.310000000000322 -3.083846292577058 4.048939666625746 -0.8496006520232173 -0.7 -1.0132930560017699 -0.5303365622698348 0.0 0.0 0.0 
25.330000000000325 -3.1187453912817036 4.026567958203605 -0.8621280423057227 -0.7 -1.041152933022455 -0.5265536570774699 0.0 0.0 0.0 
25.330000000000325 -3.1187453912817036 4.026567958203605 -0.8621280423057227 -0.7 -1.041152933022455 -0.5265536570774699 0.0 0.0 0.0 
25.350000000000325 3.1389664046273382 4.003416798214808 -0.8644503935874694 -0.7 -1.0731525717707513 -0.5211857801451406 0.0 0.0 0.0 
25.380000000000326 3.0973140510082957 3.967224186517222 -0.8699101355089263 -0.7 -1.106592565426775 -0.5175915725368957 0.0 0.0 0.0 
25.390000000000327 3.082236216354712 3.956281925900433 -0.874045709545721 -0.7 -1.1344351426606285 -0.5048696280373594 0.0 0.0 0.0 
25.42000000000033 3.035340704627436 3.9177275272123135 -0.8823868225848774 -0.7 -1.1677616772877262 -0.5022453889490481 0.0 0.0 0.0 
25.44500000000033 3.0080094130446375 3.8841495717377907 -0.8761401586931532 -0.7 -1.2153689090502113 -0.49729823308013366 0.0 0.0 0.0 
25.46000000000033 2.9921434055261393 3.8650980469610685 -0.8729546414349292 -0.7 -1.2504542688002058 -0.4921995993576412 0.0 0.0 0.0 
25.485000000000333 2.9514416480392542 3.825856453553017 -0.8744148055137626 -0.7 -1.3214621787679777 -0.48946992161862085 0.0 0.0 0.0 
25.500000000000334 2.93727456898213 3.804592195471144 -0.8673176264890143 -0.7 -1.3767333929481564 -0.4862633253031316 0.0 0.0 0.0 
25.515000000000335 2.912697542083719 3.7785902699357248 -0.8658927278520059 -0.7 -1.4656904178938015 -0.48305864541977034 0.0 0.0 0.0 
25.545000000000336 2.875444644587494 3.725094767076758 -0.8496501224892641 -0.7 -1.5434375025913478 -0.48212449174144495 0.0 0.0 0.0 
25.560000000000336 2.853875774633997 3.6927721798153814 -0.8388964051813845 -0.7 -1.7142833225871867 -0.47755896958910266 0.0 0.0 0.0 
25.575000000000337 2.835878171583884 3.658379943682873 -0.8225017720989887 -0.7 -1.8831169981008686 -0.47373786158832665 0.0 0.0 0.0 
25.60000000000034 2.7996750812550215 3.5935058241710287 -0.7938307429160072 -0.7 -2.0579094861370644 -0.4735437044578938 0.0 0.0 0.0 
25.62500000000034 2.7629012088163023 3.5070753451738246 -0.7441741363575223 -0.7 -2.3941444227025497 -0.46892160564202556 0.0 0.0 0.0 
25.64000000000034 2.743641027897145 3.438758390169248 -0.6951173622721032 -0.7 -3.0011275168521365 -0.46004052239123167 0.0 0.0 0.0 
25.665000000000344 2.707270354388975 3.287276851238739 -0.580006496849764 -0.7 -3.730567091614742 -0.4496717111699361 0.0 0.0 0.0 
25.680000000000344 2.6843568955614896 3.160155806355907 -0.4757989107944174 -0.7 -5.059020480423753 -0.43182891603772733 0.0 0.0 0.0 
25.705000000000346 2.6481069144079092 2.8589612797985535 -0.21085436539064428 -0.7 -6.7153587883211205 -0.40424331861428475 0.0 0.0 0.0 
25.725000000000346 2.618574343362353 2.502987992842598 0.11558635051975497 -0.7 -9.586031086788982 -0.3498362842546043 0.0 0.0 0.0 
25.740000000000347 2.596289862577576 2.20829617166772 0.38799369090985625 -0.7 -12.781037204623553 -0.2633497653308555 0.0 0.0 0.0 
25.76500000000035 2.562290584329929 1.7670118886618695 0.7952786956680593 -0.7 -14.347173473421313 -0.16552978514089514 0.0 0.0 0.0 
25.78000000000035 2.5370430658038474 1.5624227762456617 0.9746202895581857 -0.7 -14.993417564857772 -0.029887033330230794 0.0 0.0 0.0 
25.80500000000035 2.4957333485828435 1.312000648238083 1.1837327003447604 -0.4143064451206661 -14.102963047430999 0.072888300460631 0.0 0.0 0.0 
25.820000000000352 2.4714466913079214 1.2121329502661498 1.2593137410417716 -0.44075980936462006 -12.146389467077917 0.18732562682151643 0.0 0.0 0.0 
25.835000000000353 2.4496493932969714 1.1348970216663388 1.3147523716306326 -0.4601633300707214 -10.13756712803524 0.26644260415121357 0.0 0.0 0.0 
25.860000000000355 2.40957758599629 1.0390684466706646 1.3705091393256252 -0.4796781987639688 -8.496319987536769 0.30870363523467514 0.0 0.0 0.0 
25.870000000000356 2.3938618569995067 1.0043357461306992 1.3895261108688075 -0.4863341388040826 -6.237959225992882 0.36823216779903345 0.0 0.0 0.0 
25.900000000000357 2.351544023376147 0.9176192557504899 1.433924767625657 -0.50187366866898 -5.332390749340012 0.3873631937578039 0.0 0.0 0.0 
25.915000000000358 2.331465146898236 0.8836760291748953 1.4477891177233406 -0.5067261912031692 -4.162946252994183 0.40843936107813034 0.0 0.0 0.0 
25.93000000000036 2.3081093416376888 0.8524636958070436 1.455645645830645 -0.5094759760407257 -3.3875591770842304 0.4229045971363925 0.0 0.0 0.0 
25.96000000000036 2.262507461965909 0.7949609233841194 1.4675465385817894 -0.5136412885036262 -2.9724448623480177 0.43143962902994426 0.0 0.0 0.0 
25.97000000000036 2.2501537421310704 0.7789960110258027 1.4711577311052677 -0.5149052058868436 -2.3170980123553377 0.44511898386015064 0.0 0.0 0.0 
26.000000000000362 2.2106992685724483 0.7323062594752477 1.4783930090972004 -0.5174375531840201 -2.0969606804453464 0.4491503961100546 0.0 0.0 0.0 
26.015000000000363 2.189016362264651 0.7107880947779024 1.4782282674867484 -0.517379893620362 -1.829638280263771 0.4540303380804698 0.0 0.0 0.0 
26.040000000000365 2.154525310474943 0.6771640989090066 1.4773612115659365 -0.5170764240480777 -1.682971879415436 0.4556619070847133 0.0 0.0 0.0 
26.055000000000366 2.137389070470982 0.6588836701569094 1.4785054003140727 -0.5174768901099255 -1.5150115515594078 0.4573432118792076 0.0 0.0 0.0 
26.080000000000368 2.107381553963356 0.6294110401092433 1.4779705138541126 -0.5172896798489394 -1.4164652162488356 0.457478090704598 0.0 0.0 0.0 
26.10500000000037 2.0709525041213386 0.6026521062826344 1.4683003978387041 -0.5139051392435464 -1.3165681075225124 0.4565950976465623 0.0 0.0 0.0 
26.12500000000037 2.0553495491178886 0.5826394570702668 1.4727100920476217 -0.5154485322166675 -1.2148175447872849 0.4546757730714325 0.0 0.0 0.0 
26.14000000000037 2.037733118354478 0.5670212959066119 1.4707118224478661 -0.5147491378567531 -1.1386227740406536 0.45205370961850827 0.0 0.0 0.0 
