19.185000000000215 0.7760909791397299 0.7830719557603439 -0.006980976620614032 0.002443341817214911 0.0 0.0 0.0 0.0 0.0 
19.185000000000215 0.7760909791397299 0.7830719557603439 -0.006980976620614032 0.002443341817214911 0.0 0.0 0.0 0.0 0.0 
19.215000000000217 0.7745762032781798 0.7831030830709247 -0.008526879792744912 0.002987852392150657 0.00021010934642003742 -0.003488016312141274 0.0 0.0 0.0 
19.24000000000022 0.787889874900722 0.7834694356303922 0.004420439270329868 -0.001393046175642456 0.0032112876282068903 -0.010210497550681388 0.0 0.0 0.0 
19.25500000000022 0.7797266156459086 0.7838529786386774 -0.004126362992768806 0.002265049520400444 0.009251926545746636 -0.018876401415809613 0.0 0.0 0.0 
19.28000000000022 0.7802860626558559 0.7838627115196273 -0.0035766488637714033 0.00235439496559173 0.008553623719460772 -0.027425675336333596 0.0 0.0 0.0 
19.290000000000223 0.7812920872122754 0.7840647293278017 -0.0027726421155263026 0.002897370018823326 0.010384284019421442 -0.039481620142253246 0.0 0.0 0.0 
19.325000000000223 0.7824544360324296 0.784262090797316 -0.0018076547648864238 0.0027400268651111216 0.009581564933604125 -0.04679526294690236 0.0 0.0 0.0 
19.335000000000225 0.7822306911431208 0.7842603129064053 -0.0020296217632844726 0.002493701476624204 0.006755416911499166 -0.056167182725992526 0.0 0.0 0.0 
19.350000000000225 0.7807320099296026 0.7845506926601826 -0.0038186827305800586 0.003950347789041536 0.00873763181178975 -0.06364762798288263 0.0 0.0 0.0 
19.380000000000226 0.774738175666379 0.7846616244740906 -0.009923448807711566 0.005918167974558597 0.00801686111744971 -0.06488879343864512 0.0 0.0 0.0 
19.395000000000227 0.7831708099659066 0.7848347041411938 -0.0016638941752872283 0.0031878255827452974 0.008293955976983344 -0.0668382796787592 0.0 0.0 0.0 
19.40500000000023 0.7868263157652601 0.7850608594693184 0.0017654562959417142 0.0031273230029526884 0.011319807078678324 -0.07039501796522522 0.0 0.0 0.0 
19.43500000000023 0.7854990920554737 0.7853643396608525 0.00013475239462124033 0.0037761567232984946 0.011381144090855437 -0.07147544631706776 0.0 0.0 0.0 
19.44500000000023 0.7782175429487743 0.7852823877757842 -0.007064844827009864 0.005187229694398407 0.007472600078374464 -0.07729042375163095 0.0 0.0 0.0 
19.460000000000232 0.7826320674278461 0.7854457153081651 -0.0028136478803190146 0.0036195356979542787 0.007376097207128394 -0.0760004908741431 0.0 0.0 0.0 
19.490000000000233 0.7822453137500298 0.7857904791910932 -0.003545165441063425 0.004192330914822863 0.008194997673174354 -0.07663011562534966 0.0 0.0 0.0 
19.520000000000234 0.781172655412094 0.7860002455818992 -0.004827590169805163 0.004621327532144552 0.00819915117327521 -0.07607614108413593 0.0 0.0 0.0 
19.535000000000235 0.778768130509894 0.78577864569917 -0.007010515189275979 0.003748599290490085 0.00354973751140345 -0.07761550663559527 0.0 0.0 0.0 
19.560000000000237 0.7818002433918474 0.7862362973305365 -0.004436053938689066 0.0036676052577128927 0.005694025299782851 -0.0790296983697264 0.0 0.0 0.0 
19.575000000000237 0.7770170310073353 0.7860005919716919 -0.008983560964356596 0.00408675756334939 0.002440041258817534 -0.08218480021280992 0.0 0.0 0.0 
19.60000000000024 0.7905127284978277 0.7863682609193029 0.004144467578524824 0.00015590885630331576 0.004333453276120159 -0.0788753540571383 0.0 0.0 0.0 
19.61500000000024 0.7848501921782041 0.7866110987265518 -0.001760906548347707 0.0033184336174092773 0.007688834610954738 -0.07477314784556514 0.0 0.0 0.0 
19.640000000000242 0.7824731070048757 0.7866345198606639 -0.0041614128557881935 0.003824030274083464 0.0069305585008163795 -0.07268260065967003 0.0 0.0 0.0 
19.655000000000243 0.7869010164339324 0.7865236648860394 0.000377351547892979 0.0010664493312002397 0.0036482807081095487 -0.06989724218260185 0.0 0.0 0.0 
19.680000000000245 0.7821966574152492 0.7867648925256286 -0.004568235110379404 0.0029372533354503367 0.004267714326013638 -0.06672419366485789 0.0 0.0 0.0 
19.690000000000246 0.7764085271548112 0.7868409893902486 -0.010432462235437368 0.005095698305075859 0.005412910357089337 -0.05677271982148886 0.0 0.0 0.0 
19.720000000000248 0.7797410875352112 0.7874513692863803 -0.007710281751169057 0.0046680063657441664 0.00855233424180058 -0.048995153169655116 0.0 0.0 0.0 
19.75000000000025 0.783774816341002 0.7875852161986223 -0.003810399857620328 0.0030096437550462237 0.008673628940595535 -0.041112728786518005 0.0 0.0 0.0 
19.75000000000025 0.783774816341002 0.7875852161986223 -0.003810399857620328 0.0030096437550462237 0.008673628940595535 -0.041112728786518005 0.0 0.0 0.0 
19.76500000000025 0.7848013959619996 0.7878152232610565 -0.0030138272990568593 0.00243161828586312 0.01009569771575647 -0.029015492854698472 0.0 0.0 0.0 
19.79500000000025 0.7812043893268554 0.7879979178667262 -0.006793528539870808 0.0033955941590565154 0.009499595418829856 -0.022797368869356047 0.0 0.0 0.0 
19.820000000000253 0.7830711001887843 0.7880134597462417 -0.004942359557457365 0.002199171603109262 0.0074854314368077626 -0.013340687229229516 0.0 0.0 0.0 
19.835000000000253 0.7793251256743964 0.7882764055997696 -0.008951279925373257 0.0033354977928937656 0.008503926252545682 -0.005067742227903805 0.0 0.0 0.0 
19.860000000000255 0.7792522805531856 0.7883973163593281 -0.009145035806142454 0.0032007625321498587 0.007946115147885041 0.0002650949971783594 0.0 0.0 0.0 
19.875000000000256 0.787124333241647 0.7886410985684758 -0.0015167653268287618 0.0005308678643900665 0.009346856888664464 0.0037182797613852015 0.0 0.0 0.0 
19.890000000000256 0.7809401197755679 0.7885731244006475 -0.0076330046250796535 0.0026715516187778786 0.006960191479615749 0.007764684910700471 0.0 0.0 0.0 
19.920000000000258 0.7739788341014476 0.788779886975862 -0.014801052874414355 0.005180368506045024 0.006585416944572009 0.007265176753138989 0.0 0.0 0.0 
19.93000000000026 0.7856860061661005 0.7886344345906509 -0.0029484284245503423 0.0010339929664716244 0.001966351322218697 -0.00022106154184946096 0.0 0.0 0.0 
19.94500000000026 0.7855183798263594 0.788895651224452 -0.0033772713980926294 0.0012269829175860858 0.0041630781686108845 -0.002296680711560489 0.0 0.0 0.0 
19.97500000000026 0.7908053557490686 0.7893753330312943 0.0014300227177743707 -0.0003956939640502793 0.006890161971169153 -0.003236621784439434 0.0 0.0 0.0 
19.985000000000262 0.7873710911029008 0.789540199298469 -0.002169108195568148 0.0012889668855857418 0.011308274633116348 -0.00996782829152924 0.0 0.0 0.0 
20.015000000000263 0.7891048587648873 0.7896807041258165 -0.0005758453609291392 0.0007749564946525555 0.010412249631252628 -0.011717185386373535 0.0 0.0 0.0 
20.040000000000266 0.784229717428672 0.7895298734733105 -0.005300156044638515 0.0022623931192568857 0.006756783719949439 -0.01282677829018336 0.0 0.0 0.0 
20.055000000000266 0.7866172688745462 0.7898660755426874 -0.003248806668141202 0.0015621090225817157 0.008084298889631103 -0.011186030056924319 0.0 0.0 0.0 
20.08000000000027 0.7813857098413884 0.7896903181829209 -0.00830460834153246 0.003159769377796096 0.005264537753669504 -0.010231302109654682 0.0 0.0 0.0 
20.08000000000027 0.7813857098413884 0.7896903181829209 -0.00830460834153246 0.003159769377796096 0.005264537753669504 -0.010231302109654682 0.0 0.0 0.0 
20.11500000000027 0.7847443218253416 0.7901152765051825 -0.005370954679840945 0.0021635570158110417 0.0060478864776162536 -0.00998143235364892 0.0 0.0 0.0 
20.14000000000027 0.7834636678044391 0.7901278251125222 -0.0066641573080831185 0.0025250952407722617 0.0052565813699411105 -0.007797324930802169 0.0 0.0 0.0 
20.165000000000273 0.7834294720192606 0.7904641397327365 -0.0070346677134759394 0.002666647993388647 0.0066769022711917715 -0.006517046039813983 0.0 0.0 0.0 
20.180000000000273 0.7849884912634758 0.7904429044258897 -0.005454413162413907 0.0019745842798442265 0.005754231373223482 -0.002423366453658554 0.0 0.0 0.0 
20.195000000000274 0.7839544237196489 0.7906168181563886 -0.006662394436739771 0.0023318380528589196 0.006657726935245186 0.0010851620903612634 0.0 0.0 0.0 
20.220000000000276 0.7862940259574512 0.7908715322697721 -0.0045775063123209 0.001602127209312315 0.007536705993771618 0.0042715233227642695 0.0 0.0 0.0 
20.245000000000278 0.787128836518836 0.7908844885179328 -0.0037556519990967763 0.0013144781996838717 0.006381359805338025 0.004958899998251317 0.0 0.0 0.0 
20.245000000000278 0.787128836518836 0.7908844885179328 -0.0037556519990967763 0.0013144781996838717 0.006381359805338025 0.004958899998251317 0.0 0.0 0.0 
20.27500000000028 0.792133089675698 0.7908417049783484 0.0012913846973495735 -0.0004519846440723507 0.004509102034228515 0.004145508655904589 0.0 0.0 0.0 
20.30500000000028 0.7887434001518164 0.7912128157050491 -0.0024694155532326567 0.0008642954436314298 0.005534648301766151 0.002627080786894073 0.0 0.0 0.0 
20.30500000000028 0.7887434001518164 0.7912128157050491 -0.0024694155532326567 0.0008642954436314298 0.005534648301766151 0.002627080786894073 0.0 0.0 0.0 
20.33500000000028 0.801189504407943 0.7910734395866147 0.010116064821328319 -0.003480546512488753 0.00378332096715602 -0.003378556828645936 0.0 0.0 0.0 
20.345000000000283 0.7858886710924684 0.7915421366967226 -0.005653465604254171 0.002215896638805771 0.010918985394833061 -0.004621730899919187 0.0 0.0 0.0 
20.375000000000284 0.7810576184202703 0.7915325141920649 -0.010474895771794612 0.004052360266360366 0.009362451775730963 -0.00877535971827854 0.0 0.0 0.0 
20.400000000000286 0.7895405755733729 0.7913904613597634 -0.0018498857863905593 0.0010396435223227374 0.005750905645769443 -0.014509592469793506 0.0 0.0 0.0 
20.415000000000287 0.7918670162809005 0.791608998986859 0.00025801729404151263 0.00038310053868028857 0.005715784044435713 -0.017622220493154706 0.0 0.0 0.0 
20.42500000000029 0.7908759052350808 0.7915976287241872 -0.000721723489106374 0.0007601770784652246 0.004312153529728888 -0.025044200530937925 0.0 0.0 0.0 
20.45500000000029 0.7811045185649069 0.7916473614356656 -0.010542842870758684 0.004125575131722195 0.0036331054988724704 -0.025508926945693497 0.0 0.0 0.0 
20.46500000000029 0.7824278678798321 0.7921637816522951 -0.009735913772462967 0.004685943734335041 0.012738674934094715 -0.021351863611301064 0.0 0.0 0.0 
20.50000000000029 0.7879601157303566 0.7919933310982769 -0.004033215367920229 0.0025305342031031403 0.009959896412879404 -0.023902428040981624 0.0 0.0 0.0 
20.515000000000292 0.7884400490420105 0.7921995937430738 -0.003759544701063322 0.0024684215659386737 0.00876620858780483 -0.02797446360566996 0.0 0.0 0.0 
20.540000000000294 0.7852294365864414 0.7920256905985674 -0.006796254012126024 0.0030909864828762984 0.005365781538021794 -0.028244287478128356 0.0 0.0 0.0 
20.555000000000295 0.7828104375548691 0.7924081155813829 -0.00959767802651379 0.00434078288771602 0.007727566073647947 -0.02702663698777524 0.0 0.0 0.0 
20.565000000000296 0.7844010187892168 0.7922897600247829 -0.007888741235566155 0.003337599682507324 0.004837693655625185 -0.025356739604175928 0.0 0.0 0.0 
20.595000000000297 0.7883357567700352 0.7922561380873808 -0.0039203813173456226 0.0017560674403320964 0.0033397171440802016 -0.024459580608092182 0.0 0.0 0.0 
20.6200000000003 0.7869013288653061 0.792574294029492 -0.005672965164185917 0.002524547203977077 0.004696722079813305 -0.024417636039103692 0.0 0.0 0.0 
20.6350000000003 0.7845324954857387 0.7927348776130483 -0.008202382127309615 0.0035108969705872064 0.0065976708917611995 -0.02064117282397003 0.0 0.0 0.0 
20.6450000000003 0.7772884936159113 0.7929108849960205 -0.015622391380109124 0.006684245444342696 0.009688347564786587 -0.02671356587748023 0.0 0.0 0.0 
20.685000000000304 0.7923197093263022 0.793173090053875 -0.0008533807275727945 0.0013953210145195708 0.009287602711703593 -0.025122433656302724 0.0 0.0 0.0 
20.685000000000304 0.7923197093263022 0.793173090053875 -0.0008533807275727945 0.0013953210145195708 0.009287602711703593 -0.025122433656302724 0.0 0.0 0.0 
20.705000000000304 0.7873742377474757 0.7934969129345597 -0.006122675187083981 0.003308350033430059 0.010443119193400725 -0.023743898822691862 0.0 0.0 0.0 
20.730000000000306 0.7846331762338485 0.7936033678838632 -0.00897019165001467 0.004163237835186461 0.00947030763466632 -0.022998438622109398 0.0 0.0 0.0 
20.760000000000307 0.7960805783304467 0.7935537087018322 0.002526869628614481 -0.00011064603685913732 0.006972141279505741 -0.023612463658802818 0.0 0.0 0.0 
20.775000000000308 0.7913406305230422 0.7940880282919532 -0.0027473977689110862 0.002276757709685359 0.011262206492167973 -0.024846204275676083 0.0 0.0 0.0 
20.78500000000031 0.7848461879831818 0.794271951937489 -0.009425763954307165 0.004833645871127559 0.014652680589848033 -0.022283751930924432 0.0 0.0 0.0 
20.81500000000031 0.7897579119177359 0.7944011223293034 -0.0046432104115674555 0.0029716823009148245 0.012899285720000136 -0.022210674924597742 0.0 0.0 0.0 
20.825000000000312 0.7916188055628969 0.7945077320411044 -0.0028889264782074875 0.002217875880584 0.01085482118128361 -0.023653605904453777 0.0 0.0 0.0 
20.855000000000313 0.7890099264941143 0.795150132893726 -0.0061402063996117695 0.0036750646861894417 0.012786775472949187 -0.02539179987838792 0.0 0.0 0.0 
20.865000000000315 0.789034124025079 0.7952078810536697 -0.006173757028590687 0.00385505717864918 0.013120102198222055 -0.027475172247142483 0.0 0.0 0.0 
20.880000000000315 0.790910662444227 0.7954592433609796 -0.004548580916752587 0.0036220753115097084 0.013923893541363204 -0.031020792387753453 0.0 0.0 0.0 
20.915000000000315 0.7916425120956169 0.7959679197794195 -0.004325407683802629 0.0035789366233917735 0.014151567326482489 -0.031047518600852506 0.0 0.0 0.0 
20.940000000000317 0.7910485002921976 0.7964109963975033 -0.005362496105305703 0.004299316353331043 0.014971215397346261 -0.034426954008156783 0.0 0.0 0.0 
20.955000000000318 0.790380989302075 0.7967211901562682 -0.006340200854193179 0.0050326744108721375 0.01654039925843704 -0.03619254670894873 0.0 0.0 0.0 
20.96500000000032 0.7912117783454949 0.7968691740460856 -0.0056573957005906506 0.004941085523644112 0.016899659354376324 -0.03727882051004128 0.0 0.0 0.0 
20.99500000000032 0.7926915868043747 0.7975916181093946 -0.004900031305019925 0.0052336879253896814 0.018390201155457538 -0.04070943367332328 0.0 0.0 0.0 
21.020000000000323 0.7901942900365245 0.7975641864696764 -0.00736989643315189 0.005282124435868129 0.014985055813552093 -0.03837384360099857 0.0 0.0 0.0 
21.035000000000323 0.7928119667018033 0.7977711672962863 -0.00495920059448296 0.00412356128861801 0.013028062393996426 -0.03899668871465828 0.0 0.0 0.0 
21.045000000000325 0.7883940645891014 0.7979777668325414 -0.009583702243439962 0.005775071122467529 0.013685534604254626 -0.03763525483588886 0.0 0.0 0.0 
21.075000000000326 0.7924599501394624 0.7984848511307089 -0.006024900991246529 0.004566818618736788 0.014403327974058003 -0.03631110095317895 0.0 0.0 0.0 
21.085000000000328 0.7936827393159829 0.7987385479258738 -0.005055808609890966 0.004627930037781007 0.01727541164449831 -0.03520434662615173 0.0 0.0 0.0 
21.120000000000328 0.7932166521598853 0.7990273612785839 -0.0058107091186985205 0.004409110390413553 0.01569636241582691 -0.032198301691590304 0.0 0.0 0.0 
21.13500000000033 0.7936178754422066 0.799367183214353 -0.005749307772146328 0.004000732206124565 0.015990899578933522 -0.02645752828082046 0.0 0.0 0.0 
21.16000000000033 0.8001107702730639 0.7996924137859179 0.0004183564871459433 0.0016195226176222203 0.015440568538979014 -0.024334174346379966 0.0 0.0 0.0 
21.17500000000033 0.799940345606742 0.8000503867992695 -0.00011004119252755462 0.001392242855402019 0.016869030524105377 -0.01707432604536202 0.0 0.0 0.0 
21.185000000000333 0.7950932298347331 0.8001331913832336 -0.0050399615485005045 0.002806666767226602 0.015778009293998172 -0.014060509935233861 0.0 0.0 0.0 
21.215000000000334 0.7986546387730346 0.8009931362727716 -0.0023384974997370245 0.0018873850633918097 0.018277579108975865 -0.012442996848537592 0.0 0.0 0.0 
21.240000000000336 0.7992726136295023 0.8009816447756118 -0.0017090311461095409 0.0010005490564267113 0.015390632055251149 -0.0055627670662151026 0.0 0.0 0.0 
21.240000000000336 0.7992726136295023 0.8009816447756118 -0.0017090311461095409 0.0010005490564267113 0.015390632055251149 -0.0055627670662151026 0.0 0.0 0.0 
21.300000000000338 0.7985408831460981 0.8020054723817485 -0.003464589235650406 0.0014639152839445505 0.015365571616543948 -0.00347985823663309 0.0 0.0 0.0 
21.32500000000034 0.8041004604904282 0.802169586390775 0.0019308740996532014 -0.0005517700375672484 0.013565172958806878 -0.0019454684823679016 0.0 0.0 0.0 
21.32500000000034 0.8041004604904282 0.802169586390775 0.0019308740996532014 -0.0005517700375672484 0.013565172958806878 -0.0019454684823679016 0.0 0.0 0.0 
21.35500000000034 0.7982396542769693 0.8026920287295884 -0.0044523744526191456 0.0017218111380142712 0.01389086072666791 -0.0025040201858968 0.0 0.0 0.0 
21.370000000000342 0.7943187962767494 0.8028791963602561 -0.00856040008350667 0.0033329534949716995 0.013801765543086613 -0.005192266112357917 0.0 0.0 0.0 
21.380000000000344 0.7899675631871462 0.8029127290053344 -0.012945165818188165 0.004933752529862333 0.011645517143898047 -0.007361877527407088 0.0 0.0 0.0 
21.410000000000345 0.798387276571032 0.8034270071938945 -0.005039730622862448 0.0022072295857452125 0.012541255981454516 -0.007521114896220929 0.0 0.0 0.0 
21.425000000000345 0.7931295114633666 0.8034853563400315 -0.010355844876664855 0.004201116124689931 0.011331287114781046 -0.010826180269572204 0.0 0.0 0.0 
21.435000000000347 0.7943047889717821 0.8035190614193382 -0.009214272447556016 0.003711959753547475 0.009170205956746124 -0.011298486275908095 0.0 0.0 0.0 
21.465000000000348 0.8039003893748676 0.803849508570949 5.088080391868477e-05 0.0005100445278932028 0.009325848507109052 -0.012042776404590724 0.0 0.0 0.0 
21.465000000000348 0.8039003893748676 0.803849508570949 5.088080391868477e-05 0.0005100445278932028 0.009325848507109052 -0.012042776404590724 0.0 0.0 0.0 
21.49500000000035 0.8021543172934322 0.804110095244038 -0.0019557779506057527 0.0012911400636211117 0.009243406099255067 -0.013963209186469074 0.0 0.0 0.0 
21.51000000000035 0.8012143616007013 0.8040593618133558 -0.002845000212654547 0.0014570772015394563 0.006636837393195535 -0.014789379651889038 0.0 0.0 0.0 
21.54000000000035 0.8004559907189086 0.8042196122326449 -0.003763621513736326 0.0018341984492884476 0.005980324634483219 -0.018391192575565183 0.0 0.0 0.0 
21.55500000000035 0.801842698628281 0.8041998927216288 -0.002357194093347892 0.0012508687953622167 0.004105905278263055 -0.0220673786630104 0.0 0.0 0.0 
21.580000000000354 0.7971092941944241 0.8045293500230317 -0.007420055828607608 0.0031850706651610355 0.005602856487623913 -0.022330977233887165 0.0 0.0 0.0 
21.605000000000356 0.7953073231065056 0.8048627908918868 -0.009555467785381189 0.004279982413903927 0.007621976827437392 -0.026116212681222484 0.0 0.0 0.0 
21.605000000000356 0.7953073231065056 0.8048627908918868 -0.009555467785381189 0.004279982413903927 0.007621976827437392 -0.026116212681222484 0.0 0.0 0.0 
21.64500000000036 0.8006548824864037 0.805047682489591 -0.004392800003187314 0.002486424686489888 0.007396280172504753 -0.02729792812585611 0.0 0.0 0.0 
21.66000000000036 0.7984340242418922 0.8051641764190561 -0.006730152177163884 0.0034363296337554614 0.0072891395170391815 -0.031547265487693474 0.0 0.0 0.0 
21.67000000000036 0.7973207531613916 0.8050110684646578 -0.0076903153032661375 0.003023863514510381 0.0026640376158545923 -0.02653572191849595 0.0 0.0 0.0 
21.70000000000036 0.7991178519312152 0.8051266414034067 -0.0060087894721915225 0.0024219448617468593 0.0024383228934963287 -0.027824194971228733 0.0 0.0 0.0 
21.70000000000036 0.7991178519312152 0.8051266414034067 -0.0060087894721915225 0.0024219448617468593 0.0024383228934963287 -0.027824194971228733 0.0 0.0 0.0 
21.745000000000363 0.7953030055832025 0.8058217784601216 -0.010518772876919047 0.004328724434142536 0.00502716012710454 -0.027389683530911608 0.0 0.0 0.0 
21.755000000000365 0.7942649713338027 0.805874478237777 -0.011609506903974331 0.005087837433516519 0.00860038538313838 -0.025345475231251805 0.0 0.0 0.0 
21.770000000000366 0.7969117725213853 0.8059433708207159 -0.009031598299330534 0.004098892069213782 0.008509457639361992 -0.0234490696390788 0.0 0.0 0.0 
21.785000000000366 0.7955169358749998 0.8061529050624054 -0.010635969187405614 0.004883921270061558 0.009587499087708173 -0.025772302476636574 0.0 0.0 0.0 
21.800000000000367 0.7939193270218328 0.8062822134333022 -0.012362886411469431 0.0054287944208596065 0.009717801067677051 -0.024122963997067252 0.0 0.0 0.0 
21.830000000000368 0.7980737049560545 0.806846369472669 -0.008772664516614515 0.0043303240538222695 0.011577707791668258 -0.023153289092885197 0.0 0.0 0.0 
21.85500000000037 0.800664166554124 0.8073725736990024 -0.006708407144878414 0.0037546029171216383 0.014170622337964824 -0.021120416814656002 0.0 0.0 0.0 
21.880000000000372 0.8019831562298949 0.8074092796863356 -0.005426123456440668 0.002944817806365283 0.01238274646218026 -0.017967254470183335 0.0 0.0 0.0 
21.895000000000373 0.8029341675549343 0.807755840904997 -0.004821673350062672 0.0027300997672274835 0.013652429334809174 -0.016247035899044936 0.0 0.0 0.0 
21.915000000000372 0.8046589511560448 0.8082184263496178 -0.003559475193573025 0.0025110843673042324 0.015859549323024028 -0.01697437691998755 0.0 0.0 0.0 
21.925000000000374 0.8062469219229371 0.8084750907554921 -0.0022281688325549442 0.0021371192147541444 0.01918075239693302 -0.015055652858394693 0.0 0.0 0.0 
21.955000000000375 0.8028586190336743 0.8088343041198215 -0.005975685086147209 0.0032438661458272077 0.018056228222396716 -0.01357905193499573 0.0 0.0 0.0 
21.980000000000377 0.8076917046780673 0.8092804157237403 -0.0015887110456730413 0.0015947104263778886 0.01760514372374742 -0.01255268487595333 0.0 0.0 0.0 
21.995000000000378 0.8078991795253534 0.8096366756541172 -0.001737496128763838 0.001592336048112762 0.018622189411708064 -0.011245020101305882 0.0 0.0 0.0 
22.00500000000038 0.8058614092163463 0.8098001299452788 -0.003938720728932532 0.0022564476500074667 0.01862262993277194 -0.010030068519017946 0.0 0.0 0.0 
22.03500000000038 0.8090162289858738 0.8105410748519672 -0.0015248458660934716 0.0013130930707152314 0.01985296991073899 -0.008352863748986484 0.0 0.0 0.0 
22.045000000000382 0.8121889901344105 0.810567695383858 0.0016212947505525044 3.7312537533632254e-05 0.017488342804608138 -0.007357675605826066 0.0 0.0 0.0 
22.075000000000383 0.8140807226255069 0.8109409136653569 0.0031398089601499812 -0.0005714378679188408 0.016227743553591117 -0.006916120864399596 0.0 0.0 0.0 
22.085000000000385 0.8116203930705949 0.8111573647569983 0.0004630283135965696 0.00023906987953743858 0.016180766269427677 -0.0052745810834253755 0.0 0.0 0.0 
22.100000000000385 0.8087485051659808 0.8114556290347867 -0.002707123868805894 0.0015464310103509142 0.016921255097705857 -0.007530974691367121 0.0 0.0 0.0 
22.135000000000385 0.8079634654754277 0.8120346897603362 -0.00407122428490847 0.0018781051705516615 0.0169409799399083 -0.005691557903055437 0.0 0.0 0.0 
22.145000000000387 0.812674195758831 0.81228184418976 0.00039235156907102553 0.0007465055061732114 0.018536192374589852 -0.010144943740185082 0.0 0.0 0.0 
22.175000000000388 0.8091269259309529 0.8126658081752632 -0.003538882244310315 0.001790818139021232 0.017535220908046125 -0.00670030633929936 0.0 0.0 0.0 
22.18500000000039 0.8095128065254873 0.812841560110248 -0.003328753584760702 0.0011650637546662455 0.0166349337517194 0.0009820540179684284 0.0 0.0 0.0 
22.21500000000039 0.8116644847218709 0.8133098364182867 -0.0016453516964157755 0.0006148480349959687 0.016336445791327713 -0.0005076098435062696 0.0 0.0 0.0 
22.240000000000393 0.8102891445846614 0.8135549999916684 -0.003265855407006968 0.0012126767324797437 0.014905789333353181 -0.0009938640171329603 0.0 0.0 0.0 
22.265000000000395 0.8138464545470289 0.8139244488902216 -7.799434319277765e-05 0.00010132209880604951 0.014447129493093286 -0.001090168395308046 0.0 0.0 0.0 
22.265000000000395 0.8138464545470289 0.8139244488902216 -7.799434319277765e-05 0.00010132209880604951 0.014447129493093286 -0.001090168395308046 0.0 0.0 0.0 
22.295000000000396 0.8136127057991275 0.8145229826760566 -0.0009102768769291281 0.0004136294048400573 0.015446068323729174 -0.0013090503022283584 0.0 0.0 0.0 
22.325000000000397 0.8051014504142087 0.8148257530958817 -0.009724302681673014 0.0034035059385855546 0.014664118818260782 6.021725524475285e-06 0.0 0.0 0.0 
22.340000000000398 0.8074621802734647 0.8147676058948117 -0.00730542562134695 0.0025568989674714326 0.010436568092310286 0.004059054316023594 0.0 0.0 0.0 
22.3650000000004 0.8049022740528299 0.8152710712428903 -0.010368797190060453 0.003629079016521158 0.011633931916294173 0.005312517890427965 0.0 0.0 0.0 
22.3750000000004 0.8082584038884146 0.8153022262492786 -0.007043822360863983 0.002465337826302394 0.010814455974493261 0.0055081453952742975 0.0 0.0 0.0 
22.390000000000402 0.8087663459363849 0.8153236181352157 -0.0065572721988308436 0.002295045269590795 0.008748058118213074 0.006432735693771603 0.0 0.0 0.0 
22.405000000000403 0.8118485269264645 0.8153617450832344 -0.0035132181567699705 0.0012296263548694896 0.006866204796003121 0.004577713182138954 0.0 0.0 0.0 
22.445000000000405 0.8105657005992506 0.8155426247757566 -0.00497692417650597 0.0017419234617770895 0.006178029031967369 0.004568640690907178 0.0 0.0 0.0 
22.460000000000406 0.8099478158811613 0.8155939632709287 -0.005646147389767431 0.0019761515864186005 0.00506491938816118 0.004325022925315513 0.0 0.0 0.0 
22.475000000000406 0.8038951027447953 0.8155770179286989 -0.011681915183903602 0.00408867031436626 0.00347379542470351 0.008131704882520827 0.0 0.0 0.0 
22.485000000000408 0.8100607417213322 0.8155896595941067 -0.00552891787277443 0.0019351212554710505 0.0023043730772910357 0.008394177413433002 0.0 0.0 0.0 
22.50000000000041 0.8028976023554031 0.815755167126377 -0.012857564770973884 0.004500147669840859 0.0038362557080607873 0.0017575222591221448 0.0 0.0 0.0 
22.53500000000041 0.8068251608110198 0.8158115712477846 -0.008986410436764736 0.0031452436528676573 0.0035843496992407323 0.000669345390668733 0.0 0.0 0.0 
22.54500000000041 0.804777004822435 0.8158476200228202 -0.011070615200385214 0.003913374473638693 0.0033218010927781975 -0.0024761722871415133 0.0 0.0 0.0 
22.57500000000041 0.8087738961208794 0.8158523870550572 -0.0070784909341778945 0.0025299338354115722 0.002654840187939108 -0.0042044449635836026 0.0 0.0 0.0 
22.600000000000414 0.8074738300164055 0.8157682659108803 -0.008294435894474761 0.0029435532924562144 0.0011937469735910139 -0.007218595444933886 0.0 0.0 0.0 
22.615000000000414 0.8076896706970841 0.8161069930456195 -0.008417322348535428 0.0032120779396014516 0.004788195034851735 -0.011820521257491294 0.0 0.0 0.0 
22.640000000000416 0.8101432347347405 0.8163582211381896 -0.006214986403449085 0.0026296459770381786 0.006505925413229923 -0.014860454352429876 0.0 0.0 0.0 
22.655000000000417 0.8170089959471037 0.816676855910907 0.0003321400361967486 0.0006681350197601639 0.010356067347835087 -0.016115211890799282 0.0 0.0 0.0 
22.66500000000042 0.8130780080172171 0.8170862582709199 -0.004008250253702772 0.0027363130583558217 0.018296363402984545 -0.015506226044274077 0.0 0.0 0.0 
22.68000000000042 0.8100375511936526 0.8173417033020841 -0.007304152108431494 0.004392493406960246 0.019641150772385183 -0.0198892034889974 0.0 0.0 0.0 
22.71000000000042 0.8071607843881619 0.8182467557595902 -0.011085971371428305 0.006008505072498611 0.021976320918764138 -0.020606464415663946 0.0 0.0 0.0 
22.74000000000042 0.8055045426979616 0.819436579923782 -0.013932037225820482 0.007957409876863556 0.026263818010289125 -0.02496110036831057 0.0 0.0 0.0 
22.755000000000422 0.8158346818511301 0.8200798236605888 -0.004245141809458786 0.0057852974193222835 0.032223121050469615 -0.02838914211781117 0.0 0.0 0.0 
22.780000000000424 0.812021761903511 0.8214606661316779 -0.009438904228166844 0.00922358385810285 0.03796437655536241 -0.03317761653346951 0.0 0.0 0.0 
22.795000000000424 0.8058639198372539 0.8223026669543266 -0.016438747117072716 0.013173753801350965 0.044538151059041846 -0.03544745984770695 0.0 0.0 0.0 
22.805000000000426 0.8099994149125428 0.8228631130498888 -0.012863698137346002 0.012905805450694627 0.049851059085762005 -0.035866461384272706 0.0 0.0 0.0 
22.835000000000427 0.8094146875840413 0.8248405828707075 -0.015425895286666158 0.014750819265339419 0.053639859137448495 -0.037094342398748675 0.0 0.0 0.0 
22.84500000000043 0.8071016156347973 0.8254579897203318 -0.018356374085534477 0.016390486253765588 0.0587186124139111 -0.03611075578912461 0.0 0.0 0.0 
22.87500000000043 0.8130493151890613 0.8279286127487647 -0.014879297559703408 0.016518687038530884 0.06401690646405926 -0.03759290474101769 0.0 0.0 0.0 
22.900000000000432 0.810666995717607 0.830105259972044 -0.019438264254436954 0.019368853125563266 0.07060760615385131 -0.037864224673781526 0.0 0.0 0.0 
22.930000000000433 0.812801812702537 0.8331504677956048 -0.020348655093067713 0.022151320540008634 0.07852612426353298 -0.040721754373150613 0.0 0.0 0.0 
22.940000000000435 0.8089248304180556 0.8340797542464533 -0.02515492382839768 0.025445150453902443 0.08862868991438314 -0.03994894648251318 0.0 0.0 0.0 
22.955000000000435 0.8126501126950779 0.8356101436535718 -0.02296003095849386 0.025521737891200085 0.09337898794240786 -0.0398415911399675 0.0 0.0 0.0 
22.985000000000436 0.8107581382685755 0.8390585114943403 -0.02830037322576484 0.028894739198710207 0.09846470838599504 -0.04103340491328179 0.0 0.0 0.0 
22.985000000000436 0.8107581382685755 0.8390585114943403 -0.02830037322576484 0.028894739198710207 0.09846470838599504 -0.04103340491328179 0.0 0.0 0.0 
23.015000000000438 0.8149168998546982 0.8427026460394168 -0.02778574618471863 0.03013148008272821 0.10466194355128178 -0.04148405571444169 0.0 0.0 0.0 
23.02500000000044 0.8172734428305666 0.8441021558028005 -0.02682871297223388 0.03169341177235916 0.11743196360315916 -0.040409749390099226 0.0 0.0 0.0 
23.05500000000044 0.8174956494727562 0.8478131173529977 -0.030317467880241478 0.03225957585458694 0.1199886251259137 -0.03838743681227932 0.0 0.0 0.0 
23.080000000000442 0.818623600049124 0.8511859944193284 -0.03256239437020436 0.03498000446688797 0.12393930090795288 -0.04048509996348623 0.0 0.0 0.0 
23.095000000000443 0.8194430811897602 0.8532224153086714 -0.03377933411891121 0.03447963886122382 0.12832507352033254 -0.03756562076670575 0.0 0.0 0.0 
23.115000000000443 0.8178939405230754 0.8562884360895707 -0.038394495566495324 0.03739883524897727 0.13437772870050543 -0.03793809044833563 0.0 0.0 0.0 
23.125000000000444 0.8195252784209429 0.857794120976562 -0.03826884255561913 0.04027611058246424 0.1413182139842253 -0.04047304055650869 0.0 0.0 0.0 
23.155000000000445 0.816020170398338 0.862484069854541 -0.046463899456202995 0.043631923427175145 0.1450582628448847 -0.04014463037087969 0.0 0.0 0.0 
23.180000000000447 0.8223545612088203 0.8666230238504912 -0.044268462641670836 0.04486664372821987 0.15056712972240932 -0.04150644817532666 0.0 0.0 0.0 
23.20500000000045 0.8232292336735403 0.8711402040639191 -0.04791097039037884 0.04967448262940448 0.15833287791283618 -0.044218236471481355 0.0 0.0 0.0 
23.22000000000045 0.8213477286874172 0.8735886750085369 -0.05224094632111964 0.05484917966642225 0.1632400592671658 -0.04765836906176653 0.0 0.0 0.0 
23.23500000000045 0.8218909589055816 0.8761385478326456 -0.05424758892706394 0.054075786478209126 0.1660916527507155 -0.04494971476317317 0.0 0.0 0.0 
23.245000000000452 0.8210152259218145 0.8779392166407375 -0.05692399071892296 0.05878210266525101 0.1702155469757111 -0.04857258878965264 0.0 0.0 0.0 
23.275000000000453 0.8297554622430405 0.8833689904292792 -0.05361352818623866 0.05868409891257458 0.17281369778680553 -0.049148197284042766 0.0 0.0 0.0 
23.285000000000455 0.8242352397774 0.885419483549481 -0.06118424377208098 0.06797159844627906 0.18169923153012368 -0.05451739485525172 0.0 0.0 0.0 
23.330000000000457 0.8337652047043608 0.8940047728133109 -0.06023956810895015 0.07043109849045437 0.18413624415636373 -0.05701981631995876 0.0 0.0 0.0 
23.340000000000458 0.8344700608620979 0.8960815842331776 -0.06161152337107978 0.07725620615924894 0.1922214694044624 -0.0616445111098192 0.0 0.0 0.0 
23.35500000000046 0.8348130200324647 0.8988521281318584 -0.06403910809939373 0.08136435155128662 0.19232948490728152 -0.06521462070057694 0.0 0.0 0.0 
23.38500000000046 0.8391114339956479 0.9051401394129946 -0.06602870541734673 0.08368224628006529 0.1958431777060257 -0.06580623408766272 0.0 0.0 0.0 
23.39500000000046 0.8403776040882526 0.9072688594370063 -0.06689125534875373 0.09049189336962493 0.20248019092164388 -0.07048754039995 0.0 0.0 0.0 
23.410000000000462 0.8390887701973753 0.9104324770966956 -0.07134370689932035 0.09683683413299454 0.20552525499763125 -0.07439841149165426 0.0 0.0 0.0 
23.440000000000463 0.8446358098233575 0.9173106297435873 -0.07267481992022984 0.09996825540783626 0.21079448716862123 -0.07522913485180195 0.0 0.0 0.0 
23.455000000000464 0.849566957592359 0.9205504527892392 -0.07098349519688019 0.10717575740227456 0.21503410009672233 -0.08146311524280436 0.0 0.0 0.0 
23.470000000000464 0.8487871337559524 0.9241080546593486 -0.07532092090339626 0.1142493794219178 0.2207998029843615 -0.08468926873819359 0.0 0.0 0.0 
23.495000000000466 0.8560853968094967 0.930018195527325 -0.07393279871782832 0.11758580990157175 0.22500645898473884 -0.08672028157252792 0.0 0.0 0.0 
23.515000000000466 0.8602939047254139 0.9350132666258186 -0.07471936190040473 0.12715392320976068 0.2316083877127217 -0.09278514748958007 0.0 0.0 0.0 
23.540000000000468 0.8588620161080445 0.9410701892240805 -0.08220817311603601 0.13292374507377397 0.2353664289989841 -0.09415005678693211 0.0 0.0 0.0 
23.55500000000047 0.8651513292573382 0.9447695281935131 -0.07961819893617494 0.13795795918753218 0.2395404823625181 -0.09778615384141107 0.0 0.0 0.0 
23.56500000000047 0.86977164794002 0.9474096343167179 -0.07763798637669783 0.15090929650375584 0.24638966039270072 -0.10685029858516626 0.0 0.0 0.0 
23.60000000000047 0.8748187051088469 0.9565138189845447 -0.08169511387569783 0.1587369272487681 0.24976193012821377 -0.11086611799149236 0.0 0.0 0.0 
23.625000000000473 0.8886399628681195 0.962939983939032 -0.07430002107091249 0.1651363417905333 0.252665231641583 -0.11716060569743851 0.0 0.0 0.0 
23.640000000000473 0.8947367102499646 0.9669775972945254 -0.07224088704456078 0.17326552324667557 0.257472050379644 -0.12228653314051326 0.0 0.0 0.0 
23.655000000000474 0.8976214401470742 0.9711558314636909 -0.07353439131661665 0.18246441999783972 0.26319418412976187 -0.12669828484342371 0.0 0.0 0.0 
23.680000000000476 0.9085095767628121 0.978001411220491 -0.06949183445767892 0.18956297681278605 0.2663851251492075 -0.1319804339516105 0.0 0.0 0.0 
23.695000000000476 0.9135344292019146 0.9820708745486436 -0.06853644534672898 0.19905638368826012 0.26898865833385427 -0.13847663484061007 0.0 0.0 0.0 
23.715000000000476 0.9213655342243366 0.9875383976277756 -0.06617286340343898 0.20250652507694278 0.2704678027887291 -0.1410841803723621 0.0 0.0 0.0 
23.740000000000478 0.9301279347807557 0.9942399030842933 -0.0641119683035376 0.20236782307651063 0.2703382198798797 -0.14161034328902825 0.0 0.0 0.0 
23.76500000000048 0.9370862473559305 1.0014642189486909 -0.06437797159276037 0.2112931881053462 0.274072490025892 -0.14653748429067967 0.0 0.0 0.0 
23.76500000000048 0.9370862473559305 1.0014642189486909 -0.06437797159276037 0.2112931881053462 0.274072490025892 -0.14653748429067967 0.0 0.0 0.0 
23.79500000000048 0.9444976124252983 1.010026173459519 -0.06552856103422078 0.22076431567808433 0.27730735100971005 -0.15178589526055541 0.0 0.0 0.0 
23.805000000000483 0.9484740887355381 1.012920471349084 -0.06444638261354596 0.22308903048037648 0.28269778103674054 -0.15092637906212772 0.0 0.0 0.0 
23.835000000000484 0.9666910186748043 1.0213520411569126 -0.054661022482108246 0.22063514450458793 0.2829081116073673 -0.15154442143474256 0.0 0.0 0.0 
23.845000000000486 0.9708966254421029 1.0243691661565604 -0.053472540714457506 0.23145117015621908 0.28690687524257835 -0.15776175481826224 0.0 0.0 0.0 
23.875000000000487 0.980470397445441 1.033226909281401 -0.052756511835960085 0.23738999062097188 0.2890012077651792 -0.16117521649698813 0.0 0.0 0.0 
23.905000000000488 0.9926669015818474 1.0423982397281901 -0.049731338146342674 0.24484592596840607 0.29301847929664177 -0.16514822020863842 0.0 0.0 0.0 
23.92000000000049 0.9959235986931346 1.0468141420063624 -0.05089054331322773 0.2516575186221213 0.2957273672709289 -0.16824425837525528 0.0 0.0 0.0 
23.93500000000049 1.0055770919597429 1.0511284266357983 -0.04555133467605543 0.252631727387387 0.2949048565081709 -0.1707646028211725 0.0 0.0 0.0 
23.96000000000049 1.0172651792412568 1.0586302750032242 -0.04136509576196734 0.25800518395083927 0.2958023091379695 -0.17516543622969796 0.0 0.0 0.0 
23.97500000000049 1.0263804125183298 1.0629723333629177 -0.036591920844587955 0.25518040439066547 0.2949725950942498 -0.17482564022500338 0.0 0.0 0.0 
24.000000000000494 1.0322411027287728 1.07071309466553 -0.03847199193675732 0.26391792614305626 0.29779021803988426 -0.17894414069137718 0.0 0.0 0.0 
24.010000000000495 1.0374501736078907 1.073648502898761 -0.0361983292908703 0.2694405384194962 0.2990605429623608 -0.18267924388922885 0.0 0.0 0.0 
24.040000000000497 1.045054715240776 1.0827800369112353 -0.037725321670459167 0.2750025209903296 0.3002667286930303 -0.1855078731380772 0.0 0.0 0.0 
24.055000000000497 1.0588940606122772 1.0871856225234073 -0.028291561911130136 0.27882861417546523 0.29966786426406755 -0.19093945478250604 0.0 0.0 0.0 
24.0800000000005 1.0731698333283464 1.0950432784015909 -0.021873445073244513 0.28236355049181994 0.30252344047001856 -0.19320313661770838 0.0 0.0 0.0 
24.0950000000005 1.0809571282131505 1.099519458897401 -0.018562330684250616 0.2863465103765048 0.30313056680544126 -0.1964252198256805 0.0 0.0 0.0 
24.1250000000005 1.096069295936806 1.1088761806518341 -0.012806884715028222 0.2914871193329755 0.3049963267279938 -0.20021497472605962 0.0 0.0 0.0 
24.1250000000005 1.096069295936806 1.1088761806518341 -0.012806884715028222 0.2914871193329755 0.3049963267279938 -0.20021497472605962 0.0 0.0 0.0 
24.1650000000005 1.1138490971928563 1.121266188534886 -0.007417091342029725 0.29783935279533785 0.3063822797559561 -0.20503058637586422 0.0 0.0 0.0 
24.1900000000005 1.132361340472691 1.1292193661702905 0.0031419743024005964 0.3080630001610147 0.30943140821768833 -0.212581186802703 0.0 0.0 0.0 
24.1900000000005 1.132361340472691 1.1292193661702905 0.0031419743024005964 0.3080630001610147 0.30943140821768833 -0.212581186802703 0.0 0.0 0.0 
24.2100000000005 1.1428656423646961 1.1355002854251126 0.007365356939583512 0.31796166126914815 0.31151880720827374 -0.21892707515770354 0.0 0.0 0.0 
24.2400000000005 1.15534456434625 1.1452436133740997 0.010100950972150358 0.3288217176207872 0.3146246712006931 -0.22475753660917808 0.0 0.0 0.0 
24.2650000000005 1.1709316477898553 1.1532256736925193 0.017705974097335986 0.3360635057271973 0.3166952924909935 -0.2299415408804062 0.0 0.0 0.0 
24.2650000000005 1.1709316477898553 1.1532256736925193 0.017705974097335986 0.3360635057271973 0.3166952924909935 -0.2299415408804062 0.0 0.0 0.0 
24.280000000000502 1.1789936737122673 1.1581169168290906 0.020876756883176695 0.34945193001119207 0.31964021633913886 -0.23747364286054523 0.0 0.0 0.0 
24.315000000000502 1.2059039933845845 1.1695564207253302 0.03634757265925437 0.35158448896254285 0.32148056198616304 -0.24110927289936215 0.0 0.0 0.0 
24.340000000000504 1.2216506959212492 1.1778497231080334 0.04380097281321582 0.36027082649456915 0.32433588386537 -0.24639623885601042 0.0 0.0 0.0 
24.355000000000505 1.234859437644645 1.1827548663455207 0.05210457129912416 0.3677822086679506 0.3263168592028107 -0.2516929759918631 0.0 0.0 0.0 
24.380000000000507 1.249565975219917 1.191335849965921 0.05823012525399607 0.37806753254262765 0.3301032095632239 -0.2568172135506533 0.0 0.0 0.0 
24.40500000000051 1.2727428088372503 1.1997622838467006 0.07298052499054974 0.3836985095833601 0.33265679504500467 -0.2617493525023046 0.0 0.0 0.0 
24.40500000000051 1.2727428088372503 1.1997622838467006 0.07298052499054974 0.3836985095833601 0.33265679504500467 -0.2617493525023046 0.0 0.0 0.0 
24.43500000000051 1.294165576100056 1.209907512364162 0.08425806373589384 0.38947309196896507 0.33441780288145295 -0.26655623954723723 0.0 0.0 0.0 
24.460000000000512 1.3175460703869206 1.2184333046777824 0.09911276570913818 0.39397388699836655 0.33639636138290946 -0.2711235305080768 0.0 0.0 0.0 
24.475000000000513 1.3313972486722194 1.2235589616369125 0.10783828703530696 0.4048504751872615 0.3384699903956063 -0.27821937656162526 0.0 0.0 0.0 
24.485000000000515 1.3396190796915977 1.227149614595642 0.11246946509595568 0.4179702955601044 0.3435814489192669 -0.2832086427363267 0.0 0.0 0.0 
24.520000000000515 1.3652997759274976 1.2392618667495536 0.126037909177944 0.4192410251569408 0.34452601189029164 -0.28614971428393843 0.0 0.0 0.0 
24.535000000000515 1.3783746413233862 1.2445357684071712 0.133838872916215 0.430994396058297 0.3466238708907247 -0.29330830461607466 0.0 0.0 0.0 
24.560000000000517 1.3986973259117907 1.2532958077988718 0.1454015181129189 0.4306145810102477 0.3477696175167004 -0.2945855275575132 0.0 0.0 0.0 
24.575000000000518 1.4130211562443542 1.2585881401094545 0.15443301613489968 0.4394629862633431 0.3493704034196955 -0.30054948271443505 0.0 0.0 0.0 
24.58500000000052 1.4237907225106747 1.262055426977068 0.16173529553360666 0.4481720025012344 0.34956181239985373 -0.3072414066862647 0.0 0.0 0.0 
24.61500000000052 1.4458463629917513 1.2725291132835783 0.17331724970817297 0.44554099445687634 0.34949222836332444 -0.3081686836742124 0.0 0.0 0.0 
24.640000000000523 1.4723404210641056 1.2813609329992328 0.19097948806487275 0.44710482814741936 0.3502325328112861 -0.3122227473642079 0.0 0.0 0.0 
24.655000000000523 1.481200367129345 1.2865531318519325 0.19464723527741246 0.4508650869398066 0.3497783662542927 -0.3156963364171234 0.0 0.0 0.0 
24.680000000000526 1.5062759441273592 1.2951182937906922 0.211157650336667 0.446080596732072 0.3482436275616515 -0.317695034114275 0.0 0.0 0.0 
24.695000000000526 1.5191882228243534 1.3004318267173396 0.2187563961070138 0.44826336238949227 0.3486832233992798 -0.32024928621851034 0.0 0.0 0.0 
24.710000000000527 1.5333300395630993 1.3056037704811592 0.22772626908194016 0.44923254563868986 0.34802908921336995 -0.32336300431209064 0.0 0.0 0.0 
24.740000000000528 1.5607216926482181 1.315959710049609 0.24476198259860915 0.4464245312486753 0.3473568529390768 -0.32592101757003045 0.0 0.0 0.0 
24.75000000000053 1.5681091332018424 1.3193624877814427 0.2487466454203997 0.4508275572662357 0.3453132848696139 -0.3314220687149727 0.0 0.0 0.0 
24.76500000000053 1.5816187217590214 1.32465615152641 0.2569625702326115 0.4540302251171412 0.34643968567989597 -0.33407744808143924 0.0 0.0 0.0 
24.79500000000053 1.6124906048514192 1.3348990516891601 0.27759155316225903 0.4473654542428338 0.3455955935508334 -0.3352353235061196 0.0 0.0 0.0 
24.820000000000533 1.6353374345866232 1.3432974450758892 0.29203998951073395 0.4460753017237559 0.3433330668464389 -0.3397788000133359 0.0 0.0 0.0 
24.835000000000534 1.6482410291873943 1.3483108881819734 0.2999301410054209 0.4451827167537804 0.3403489121953683 -0.3439263239603313 0.0 0.0 0.0 
24.860000000000536 1.6695121122252485 1.3565819324789228 0.31293017974632575 0.4411683620722921 0.33788209221192117 -0.34677457879527906 0.0 0.0 0.0 
24.875000000000536 1.6813817117600176 1.3614608430689168 0.3199208686911008 0.4407702384101464 0.3340825730956053 -0.3520231395988872 0.0 0.0 0.0 
24.885000000000538 1.6901076930182093 1.364659880001316 0.3254478130168932 0.43987445166909456 0.3294873181257931 -0.3576033972215251 0.0 0.0 0.0 
24.920000000000538 1.7288181405037621 1.3760540121585696 0.35276412834519255 0.43454699254499585 0.3282921680784669 -0.3616488226066318 0.0 0.0 0.0 
24.93000000000054 1.7393986502163563 1.3793014275776156 0.36009722263874067 0.4430130673321103 0.3263078011656424 -0.3710418495110925 0.0 0.0 0.0 
24.96000000000054 1.7677241893842086 1.3890050285508257 0.37871916083338286 0.4413529542911009 0.32552968766838936 -0.37510365173351023 0.0 0.0 0.0 
24.985000000000543 1.7928836027027661 1.3969073169434256 0.3959762857593405 0.4427807392823464 0.3233360066960904 -0.3825626008819814 0.0 0.0 0.0 
24.995000000000545 1.8047855758368572 1.400109209375219 0.4046763664616382 0.44935755222687224 0.32103981584863456 -0.39167560447704086 0.0 0.0 0.0 
25.010000000000545 1.8195326555975904 1.4048320192911163 0.414700636306474 0.45591061207404426 0.3193241218496601 -0.4004840580958207 0.0 0.0 0.0 
25.040000000000546 1.8463746029232715 1.4143525905201175 0.43202201240315397 0.4548886670181831 0.3186653442535144 -0.4046774369499795 0.0 0.0 0.0 
25.055000000000547 1.8595798299549249 1.4190185788920777 0.44056125106284716 0.4558063177661415 0.31672789461796935 -0.40977704380944213 0.0 0.0 0.0 
25.08000000000055 1.8843750884754416 1.426741847419976 0.45763324105546554 0.4513377045187902 0.314797323924951 -0.41330837363545 0.0 0.0 0.0 
25.08000000000055 1.8843750884754416 1.426741847419976 0.45763324105546554 0.4513377045187902 0.314797323924951 -0.41330837363545 0.0 0.0 0.0 
25.11500000000055 1.9245610883020299 1.4372222823109773 0.4873388059910526 0.4408673451180598 0.3112705265319131 -0.4179411135410648 0.0 0.0 0.0 
25.14000000000055 1.9487235089741615 1.4448448339163913 0.5038786750577702 0.43722346993050853 0.30848731421709696 -0.42319130881213646 0.0 0.0 0.0 
25.155000000000552 1.9671015084155121 1.4494872784581427 0.5176142299573694 0.4400236638944173 0.30728843152639024 -0.4301099003954463 0.0 0.0 0.0 
25.165000000000553 1.9783841614843145 1.4524295528324518 0.5259546086518627 0.43851570898317094 0.3040995872011372 -0.43560745496453046 0.0 0.0 0.0 
25.195000000000555 2.0063454280655635 1.4611884553505456 0.5451569727150178 0.4286828067243704 0.3013204709872429 -0.4374276438050443 0.0 0.0 0.0 
25.220000000000557 2.030540582494339 1.4686135722857312 0.561927010208608 0.42577716218066797 0.2994377036016798 -0.4422840290223288 0.0 0.0 0.0 
25.235000000000557 2.0462883637518887 1.4729193482369685 0.5733690155149203 0.42088613289762433 0.29598031540715214 -0.44681327373023044 0.0 0.0 0.0 
25.26000000000056 2.0648605623757654 1.4802377460784315 0.5846228162973339 0.4153078643414624 0.29469580809574214 -0.4475771741826462 0.0 0.0 0.0 
25.28500000000056 2.084854002520268 1.4871318975387477 0.5977221049815202 0.40306679569625325 0.2904739703232085 -0.4484743095572729 0.0 0.0 0.0 
25.300000000000562 2.104452180907335 1.491077504315789 0.6133746765915462 0.38337742656746643 0.28279017294582687 -0.4499679091395304 0.0 0.0 0.0 
25.330000000000563 2.13068764614006 1.4990862592867529 0.6316013868533072 0.36732447488536135 0.27842208462497336 -0.44963491165133956 0.0 0.0 0.0 
25.345000000000564 2.140884463160189 1.5033274869505988 0.6375569762095903 0.3607405692134453 0.276655492516218 -0.44904570168931923 0.0 0.0 0.0 
25.360000000000564 2.154018034058556 1.5073648140057196 0.6466532200528365 0.3543673391292632 0.27460227641291696 -0.44993193369286666 0.0 0.0 0.0 
25.375000000000565 2.1667299611569435 1.5111873224420933 0.6555426387148502 0.3414131221159959 0.2699780814590955 -0.4498813169060782 0.0 0.0 0.0 
25.400000000000567 2.186752634612241 1.5172733532554918 0.669479281356749 0.32097442506003815 0.2637650781680353 -0.4479261310309054 0.0 0.0 0.0 
25.415000000000568 2.2009829867329844 1.5208600412645406 0.6801229454684439 0.29255863064011794 0.2556405488019212 -0.44161214280170336 0.0 0.0 0.0 
25.44000000000057 2.2139702905440646 1.5268869628541488 0.6870833276899158 0.28164135114378486 0.25121680046540623 -0.4422055819853784 0.0 0.0 0.0 
25.45500000000057 2.2287294170675915 1.5303652659069864 0.6983641511606051 0.26513015420749775 0.245072183131474 -0.4423860381318382 0.0 0.0 0.0 
25.465000000000572 2.2390711021186744 1.5324143589492838 0.7066567431693906 0.2382901094238251 0.23415108003859259 -0.4412680810866763 0.0 0.0 0.0 
25.480000000000572 2.248663925781485 1.535584695775636 0.7130792300058488 0.22338401283744852 0.2273326110294662 -0.44265606109761385 0.0 0.0 0.0 
25.515000000000573 2.270193328526825 1.5433609425245505 0.7268323860022747 0.21393600460055584 0.22540493339675002 -0.4420671425797267 0.0 0.0 0.0 
25.540000000000575 2.288407806479011 1.5484412017240712 0.7399666047549398 0.1971804247421931 0.22009416242256738 -0.44098024632052407 0.0 0.0 0.0 
25.550000000000576 2.2950552789099965 1.5503312077902174 0.7447240711197791 0.17209128117565636 0.2097814468222228 -0.43890126181908173 0.0 0.0 0.0 
25.565000000000577 2.304955937500246 1.5531993140567601 0.7517566234434858 0.15731469331091452 0.20394040745964373 -0.4386236581111352 0.0 0.0 0.0 
25.595000000000578 2.313476734130777 1.559432291814592 0.7540444423161852 0.15666263980315187 0.20383161761083876 -0.4390129623025692 0.0 0.0 0.0 
25.62000000000058 2.3292427673079565 1.5641487140100019 0.7650940532979547 0.14854548812255225 0.2007192441123453 -0.44131549255236446 0.0 0.0 0.0 
25.63500000000058 2.3383269708777634 1.566922398157845 0.7714045727199184 0.1366953996657605 0.19594917820331897 -0.4415897517642864 0.0 0.0 0.0 
25.645000000000582 2.3453595971206274 1.5685606831244272 0.7767989139962002 0.11926713250984444 0.18728032278420806 -0.44437510594372426 0.0 0.0 0.0 
25.660000000000583 2.342366082673448 1.5708428500698308 0.771523232603617 0.10540675160732338 0.1784170920071654 -0.4477195837883057 0.0 0.0 0.0 
25.690000000000584 2.3737955522889127 1.5758132295173097 0.797982322771603 0.08924337375533897 0.17449712849116716 -0.4493607892943184 0.0 0.0 0.0 
25.720000000000585 2.378399284089367 1.5798535552525348 0.7985457288368323 0.07210079123502289 0.16524786972088498 -0.4526942786161523 0.0 0.0 0.0 
25.735000000000586 2.380929857178129 1.5824529125958933 0.7984769445822357 0.06992940327935387 0.16128069868172268 -0.46093330519205467 0.0 0.0 0.0 
25.745000000000587 2.3816455952729947 1.5835695366600775 0.7980760586129172 0.05252612346809871 0.14943289063937773 -0.4724995046452427 0.0 0.0 0.0 
25.77000000000059 2.3953464429724525 1.587443688478122 0.8079027544943305 0.05073846253047387 0.1491197752379381 -0.47584828052361183 0.0 0.0 0.0 
25.78500000000059 2.400646127978015 1.5894007048994523 0.8112454230785626 0.046214457658037056 0.14518488009198588 -0.4838296969696143 0.0 0.0 0.0 
25.81500000000059 2.411260962065517 1.5932930295461094 0.8179679325194076 0.037738243876002386 0.14146298034746693 -0.4873495456864285 0.0 0.0 0.0 
25.840000000000593 2.4170826520725406 1.596511806568898 0.8205708455036427 0.030920086168473193 0.13753777110442783 -0.49211995187390306 0.0 0.0 0.0 
25.855000000000594 2.4290708901047053 1.5982483801975071 0.8308225099071982 0.018326421511588198 0.1311511567819745 -0.5014747990739349 0.0 0.0 0.0 
25.870000000000594 2.4300090063411814 1.6002001302934354 0.829808876047746 0.014657318981371403 0.12900972299611352 -0.503162513667174 0.0 0.0 0.0 
25.895000000000596 2.4313876398568786 1.603110620603039 0.8282770192538396 0.008691246097838112 0.12607155536505368 -0.503915452418369 0.0 0.0 0.0 
25.925000000000598 2.4358634633706977 1.6058990940633906 0.8299643693073071 -0.007650385725273601 0.11862359817067328 -0.5073030710009631 0.0 0.0 0.0 
25.940000000000598 2.4385529969176387 1.6075550785365562 0.8309979183810825 -0.01962862848530733 0.1124520958262462 -0.5131653558983006 0.0 0.0 0.0 
25.9550000000006 2.440463976994409 1.6094327736223666 0.8310312033720426 -0.01490124392408021 0.11316255062067994 -0.518853848963916 0.0 0.0 0.0 
25.9650000000006 2.4479424772018814 1.610010037798626 0.8379324394032555 -0.04082728012456527 0.10225910255221343 -0.5252595370451537 0.0 0.0 0.0 
25.9950000000006 2.4506869168247802 1.6132071007442306 0.8374798160805497 -0.04068192336358911 0.10203237815465023 -0.5263994705888831 0.0 0.0 0.0 
26.005000000000603 2.447148296761521 1.6144416448355243 0.8327066519259967 -0.028992309647022985 0.1061645870362398 -0.525989832038544 0.0 0.0 0.0 
26.045000000000606 2.451845638173492 1.6170869307081481 0.8347587074653438 -0.04847396387692762 0.09837051618822881 -0.5270814380611263 0.0 0.0 0.0 
26.045000000000606 2.451845638173492 1.6170869307081481 0.8347587074653438 -0.04847396387692762 0.09837051618822881 -0.5270814380611263 0.0 0.0 0.0 
26.075000000000607 2.4503489943059553 1.6187374949187148 0.8316114993872405 -0.075096754752736 0.08644818650607293 -0.5315378476155049 0.0 0.0 0.0 
26.08500000000061 2.4587872447715386 1.6190799451295852 0.8397072996419535 -0.12958455520918932 0.06505753132216341 -0.5373737979952522 0.0 0.0 0.0 
26.11500000000061 2.4605469370817987 1.618954666957547 0.8415922701242518 -0.17054774595913114 0.04888086250378899 -0.5397820125422705 0.0 0.0 0.0 
26.14500000000061 2.4558113089904903 1.6179812973721932 0.8378300116182971 -0.22265036102552582 0.027518800828074605 -0.5457788464051483 0.0 0.0 0.0 
26.14500000000061 2.4558113089904903 1.6179812973721932 0.8378300116182971 -0.22265036102552582 0.027518800828074605 -0.5457788464051483 0.0 0.0 0.0 
26.175000000000612 2.4572925749045837 1.617083843898914 0.8402087310056698 -0.2696652517459606 0.00942640905885151 -0.5509149642637099 0.0 0.0 0.0 
26.185000000000613 2.457810749609129 1.6160854504711408 0.841725299137988 -0.37091909476341145 -0.029118751218535036 -0.5576229900237558 0.0 0.0 0.0 
26.215000000000614 2.4501000975967107 1.6132811994156302 0.8368188981810805 -0.41482634526899254 -0.04603753571611511 -0.5635537001138292 0.0 0.0 0.0 
26.240000000000617 2.44434047003329 1.6103611763785783 0.8339792936547117 -0.4693491857439628 -0.06650864010634064 -0.5676959836268615 0.0 0.0 0.0 
26.255000000000617 2.4425835805490674 1.6076344057789471 0.8349491747701203 -0.5622251726462457 -0.10017289204323063 -0.5734616399783989 0.0 0.0 0.0 
26.26500000000062 2.4345951595137194 1.6062217749153158 0.8283733845984036 -0.6 -0.1237688107093658 -0.5767793735939217 0.0 0.0 0.0 
26.28000000000062 2.4333543901754675 1.6032484885788332 0.8301059015966343 -0.6 -0.143603502347572 -0.5793968579292634 0.0 0.0 0.0 
26.31000000000062 2.42068837762512 1.5957988243128853 0.8248895533122345 -0.6 -0.16780902402761394 -0.5853900482753502 0.0 0.0 0.0 
26.34000000000062 2.4012929272243553 1.5859167142652444 0.8153762129591109 -0.6 -0.2078541097918087 -0.5890877035993755 0.0 0.0 0.0 
26.365000000000624 2.379810254820894 1.5762670775781198 0.8035431772427744 -0.6 -0.258462075857072 -0.5955844143416409 0.0 0.0 0.0 
26.380000000000624 2.370340591848903 1.5715821095921516 0.7987584822567513 -0.6 -0.2948854228644896 -0.6065149749399592 0.0 0.0 0.0 
26.380000000000624 2.370340591848903 1.5715821095921516 0.7987584822567513 -0.6 -0.2948854228644896 -0.6065149749399592 0.0 0.0 0.0 
26.420000000000627 2.335986143958279 1.5509374760549657 0.7850486679033135 -0.6 -0.3438163554425807 -0.6106680136139148 0.0 0.0 0.0 
26.435000000000628 2.322181149722658 1.5420587224120912 0.7801224273105667 -0.6 -0.4335276699239212 -0.6192600820778357 0.0 0.0 0.0 
26.44500000000063 2.3143444121354224 1.5357126413850588 0.7786317707503636 -0.6 -0.5149529665076139 -0.6229623930475795 0.0 0.0 0.0 
26.47500000000063 2.278133167407761 1.513007105866617 0.7651260615411439 -0.6 -0.5721477396114883 -0.6248611766293861 0.0 0.0 0.0 
26.485000000000632 2.2687688317488264 1.5058995334729508 0.7628692982758756 -0.6 -0.6521204199036379 -0.6287283507573802 0.0 0.0 0.0 
26.520000000000632 2.2277832461407563 1.4728829338214033 0.754900312319353 -0.6 -0.7180025716537835 -0.6293235658449987 0.0 0.0 0.0 
26.535000000000633 2.208913983443477 1.456431403416389 0.7524825800270878 -0.6 -0.8412045301385549 -0.6289349804702102 0.0 0.0 0.0 
26.545000000000634 2.197150034535738 1.444089132380919 0.7530609021548189 -0.6 -0.9766944899161806 -0.629100058475256 0.0 0.0 0.0 
26.575000000000635 2.159090324988493 1.404114426505975 0.7549758984825179 -0.6 -1.0624050246415941 -0.6287161284948275 0.0 0.0 0.0 
26.600000000000637 2.1247922156039105 1.3629104448118428 0.7618817707920678 -0.6 -1.2121331829794386 -0.6258417037352594 0.0 0.0 0.0 
26.615000000000638 2.1003210305167075 1.3334883515889666 0.7668326789277409 -0.6 -1.4393624184302498 -0.6214166409854263 0.0 0.0 0.0 
26.63000000000064 2.082064041043917 1.3022047387485962 0.7798593022953209 -0.6 -1.6389571457669798 -0.6209530410081908 0.0 0.0 0.0 
26.65500000000064 2.0497002441299976 1.2362201796361336 0.813480064493864 -0.6 -1.8777696955716827 -0.6163552393285543 0.0 0.0 0.0 
26.680000000000643 2.0182096851148437 1.1504702138082343 0.8677394713066093 -0.6 -2.264336851740265 -0.6056421967981631 0.0 0.0 0.0 
26.695000000000643 1.98441247712415 1.0882555698078475 0.8961569073163025 -0.6 -2.8406006078363886 -0.5885326243224529 0.0 0.0 0.0 
26.715000000000643 1.9708959310093592 0.9887178667802049 0.9821780642291543 -0.6 -3.4039380675687374 -0.5696982386590947 0.0 0.0 0.0 
26.740000000000645 1.9388203433511277 0.8366697694545708 1.102150573896557 -0.6 -4.082557862478813 -0.5500732035590904 0.0 0.0 0.0 
26.765000000000647 1.9114914323357068 0.6318876400091131 1.2796037923265937 -0.6 -5.119857631795217 -0.506356916408447 0.0 0.0 0.0 
26.765000000000647 1.9114914323357068 0.6318876400091131 1.2796037923265937 -0.6 -5.119857631795217 -0.506356916408447 0.0 0.0 0.0 
26.79500000000065 1.8723666640742438 0.31998802443370633 1.5523786396405375 -0.6 -6.449894850005791 -0.4394136288555024 0.0 0.0 0.0 
26.80500000000065 1.8632533641617421 0.20589562510779713 1.657357739053945 -0.6 -8.66117100475487 -0.2925664213519954 0.0 0.0 0.0 
26.83500000000065 1.823761170752676 6.15435134072665 1.9525951372056127 -0.6 -9.389678964930766 -0.19594990517030098 0.0 0.0 0.0 
26.860000000000653 1.7884362874513091 5.907302246128686 2.164319348502209 -0.6 -9.75381503031946 -0.06203495005473442 0.0 0.0 0.0 
26.875000000000654 1.7723420339764708 5.787195974322478 2.2683313668335785 0.037134359494662594 -9.583687422363653 0.10301309355323301 0.0 0.0 0.0 
26.885000000000655 1.758521466234787 5.718197980867675 2.323508792546698 0.03886859449249214 -8.963004684684623 0.25412689184393267 0.0 0.0 0.0 
26.905000000000655 1.7271529797128806 5.592456906441257 2.4178813804512105 -0.36302192145837026 -8.327246350529531 0.3336107036500634 0.0 0.0 0.0 
26.935000000000656 1.7010614163829474 5.459343763864633 2.5249029596979002 -0.6 -7.411281412884872 0.40563991114387055 0.0 0.0 0.0 
26.945000000000658 1.691962622119112 5.422928249731486 2.5522196795672123 -0.07057406299330604 -5.816672907059376 0.5229901071649334 0.0 0.0 0.0 
26.97500000000066 1.6553417641670514 5.333726240498942 2.6048008308476955 -0.5808323702949627 -5.08012051469541 0.5660753492506847 0.0 0.0 0.0 
26.99000000000066 1.6367501668134348 5.296675128650338 2.623260345342683 -0.14153547133115896 -4.105971923045527 0.6223543949413856 0.0 0.0 0.0 
27.01500000000066 1.6203113346345444 5.243980409479298 2.6595162323348323 -0.30543991186523545 -3.5245318645297505 0.6507371351142185 0.0 0.0 0.0 
27.030000000000662 1.6115555981491982 5.218139355638359 2.676601549690426 0.053887006048464636 -2.8665256926467615 0.6805768621074144 0.0 0.0 0.0 
27.055000000000664 1.5862281824822921 5.179259258387288 2.6901542312745907 -0.6 -2.481554907422684 0.7014443826944566 0.0 0.0 0.0 
27.065000000000666 1.5769846195695807 5.166012035619336 2.694157891129831 -0.6 -1.9561621433948782 0.7274883330886893 0.0 0.0 0.0 
27.095000000000667 1.5505117735409402 5.130376111167521 2.7033209695530056 -0.6 -1.747604695701018 0.7377845489454011 0.0 0.0 0.0 
27.110000000000667 1.5433191503382224 5.114856659550575 2.7116477979672338 -0.6 -1.4770500857955382 0.7513242044994836 0.0 0.0 0.0 
27.14000000000067 1.5198027827308 5.086104678962355 2.716883410948031 -0.6 -1.3311019276442109 0.760369383113691 0.0 0.0 0.0 
27.15500000000067 1.5112866812105439 5.074752187251914 2.7197198011382167 -0.6 -1.1265137897056614 0.7715321109299553 0.0 0.0 0.0 
27.18000000000067 1.4921178278692728 5.056944106178535 2.7183590288703243 -0.6 -1.0055074569487759 0.7785777599375645 0.0 0.0 0.0 
27.19500000000067 1.480828537901756 5.047086333859502 2.71692751122184 -0.6 -0.8739647637919888 0.786016118668883 0.0 0.0 0.0 
27.220000000000674 1.4556087591849058 5.031595179638801 2.707198886725691 -0.6 -0.7985902495038223 0.7930118728186134 0.0 0.0 0.0 
27.235000000000674 1.4414014731572666 5.02397379986706 2.7006129804697925 -0.6 -0.7017630332775077 0.7992654524038154 0.0 0.0 0.0 
27.260000000000677 1.4179338625482119 5.011667062702449 2.6894521070253496 -0.6 -0.6417664503270841 0.8013862972573568 0.0 0.0 0.0 
27.275000000000677 1.4004541702620557 5.004334896360913 2.6793045810807294 -0.6 -0.5805447125090746 0.8061160512980154 0.0 0.0 0.0 
27.30000000000068 1.370404314186824 4.9934270113000006 2.6601626100664095 -0.6 -0.5402265318053997 0.8074394491902804 0.0 0.0 0.0 
27.31500000000068 1.3580003311528994 4.98753227484155 2.6536533634909354 -0.6 -0.4900825185324449 0.8082213690094574 0.0 0.0 0.0 
27.33000000000068 1.3423872623961357 4.982026409900925 2.6435461596747967 -0.6 -0.45000142121299236 0.8107611193795597 0.0 0.0 0.0 
27.36000000000068 1.304851809640403 4.972420231818713 2.615616885001276 -0.6 -0.4176555695027217 0.8106316534787226 0.0 0.0 0.0 
27.385000000000684 1.2748344372953082 4.965112901377767 2.592906843097128 -0.6 -0.3805281490792544 0.8101715942148203 0.0 0.0 0.0 
27.395000000000685 1.2617856425995682 4.9623589569604105 2.5826119928187437 -0.6 -0.3311609616469097 0.8089441557075379 0.0 0.0 0.0 
27.410000000000686 1.2399094015988794 4.9582920007391715 2.564802708039294 -0.6 -0.3090490597679453 0.8057313244287321 0.0 0.0 0.0 
27.425000000000686 1.221012428015441 4.954628492927101 2.5495692422679257 -0.6 -0.28923513030949355 0.8050282106821045 0.0 0.0 0.0 
27.490000000000688 1.1177618007634211 4.939414841110951 2.4615322668320565 -0.6 -0.27667822854263135 0.8020622685752463 0.0 0.0 0.0 
27.50500000000069 1.1047370729775674 4.936584938767538 2.451337441389615 -0.6 -0.24239456349942198 0.7933344075847324 0.0 0.0 0.0 
27.52000000000069 1.0864948992854047 4.933455163760354 2.4362250427046366 -0.6 -0.22519081831220153 0.7859004518392473 0.0 0.0 0.0 
27.54000000000069 1.0515694302865375 4.929714557239502 2.4050401802266217 -0.6 -0.2135602189382558 0.7819428019976778 0.0 0.0 0.0 
27.54000000000069 1.0515694302865375 4.929714557239502 2.4050401802266217 -0.6 -0.2135602189382558 0.7819428019976778 0.0 0.0 0.0 
27.55500000000069 1.0292405115412375 4.926693027526657 2.385732791194167 -0.6 -0.20641391731251404 0.7757535067756365 0.0 0.0 0.0 
27.58500000000069 0.9842975682900715 4.9220422884865815 2.3454405869830763 -0.6 -0.1949267094563423 0.7716077472048797 0.0 0.0 0.0 
27.58500000000069 0.9842975682900715 4.9220422884865815 2.3454405869830763 -0.6 -0.1949267094563423 0.7716077472048797 0.0 0.0 0.0 
27.61500000000069 0.9437440130475249 4.917222112104687 2.309707208122424 -0.6 -0.18451536099272767 0.7650253365132338 0.0 0.0 0.0 
27.625000000000693 0.9267833009423745 4.91591394423867 2.2940546638832906 -0.6 -0.16419310094781092 0.7513557000721041 0.0 0.0 0.0 
27.660000000000693 0.8802080970765636 4.910330975922079 2.2530624283340703 -0.6 -0.16148903364798728 0.7448663875282547 0.0 0.0 0.0 
27.685000000000695 0.8448755999528303 4.906369904546958 2.221691002585459 -0.6 -0.1597270099712743 0.7389564049664095 0.0 0.0 0.0 
