-1.0783460935985287 -0.685221438474412 -0.002555568475961117 3.030802301204257 4.089999999999958 
-1.0783460935985287 -0.685221438474412 -0.002555568475961117 3.030802301204257 4.089999999999958 
-1.07828514235568 -0.6851994298350348 -0.002508542125113593 3.030802301204257 4.289999999999954 
-1.0784153041961733 -0.685147886187775 -0.0025008968112916175 3.030802301204257 4.48499999999995 
-1.078324875611274 -0.6852057865889227 -0.0026019160563473414 3.030802301204257 4.689999999999945 
-1.078399501278817 -0.6851905199770211 -0.0025851791946392188 3.030802301204257 4.889999999999941 
-1.078235734194371 -0.6852530382250597 -0.0025468922604076952 3.030802301204257 5.084999999999937 
-1.0783429324523208 -0.6851896356931655 -0.0025687775313523115 3.030802301204257 5.2899999999999325 
-1.0786000633283277 -0.6850683982657703 -0.0024628071243060906 3.030802301204257 5.484999999999928 
-1.0783272988451054 -0.6852100046230257 -0.002479306660784563 3.030802301204257 5.699999999999924 
-1.0781991192012983 -0.6852015540535763 -0.0024104233739088844 3.030802301204257 5.88999999999992 
-1.078236742494627 -0.6852286966498963 -0.0024650576738103375 3.030802301204257 6.084999999999916 
-1.0783803794558386 -0.6852047055148864 -0.0025079724266135607 3.030802301204257 6.279999999999911 
-1.0784372200931223 -0.6852098259942534 -0.0025420292927891 3.030802301204257 6.489999999999907 
-1.0783165810765634 -0.6852592099635194 -0.0025666913715434257 3.030802301204257 6.689999999999903 
-1.078390159374157 -0.6852457280074321 -0.002652692998930238 3.030802301204257 6.889999999999898 
-1.0783289916171996 -0.6851973986432384 -0.002576503905720948 3.030802301204257 7.084999999999894 
-1.0782687669696893 -0.685197362301128 -0.0025411647846772215 3.030802301204257 7.28999999999989 
-1.0783939685115234 -0.6852372353504395 -0.0025318937017750997 3.030802301204257 7.484999999999886 
-1.0783197975077234 -0.6851930099590977 -0.0025020484800877332 3.030802301204257 7.689999999999881 
-1.0783036638967927 -0.6851738919555161 -0.002476143001475635 3.030802301204257 7.889999999999877 
-1.078259714458031 -0.6852362874082958 -0.002507854567126114 3.030802301204257 8.084999999999873 
-1.078370336239455 -0.6852272308406832 -0.002510829416848517 3.030802301204257 8.28999999999987 
-1.0784067141143563 -0.6851816744111511 -0.0025545395332406567 3.030802301204257 8.494999999999866 
-1.0783607247467737 -0.6851669062593836 -0.0025338207773917382 3.030802301204257 8.679999999999863 
-1.078320151857743 -0.6851665102262088 -0.002546166891637005 3.030802301204257 8.88999999999986 
-1.078509060504268 -0.6851713846465916 -0.0025555869838252174 3.030802301204257 9.089999999999858 
-1.0783761054019647 -0.6851653480650867 -0.0024751667397107033 3.030802301204257 9.314999999999856 
-1.0783349863054128 -0.6852151690652505 -0.0024887918479809725 3.030802301204257 9.489999999999853 
-1.0784243903581638 -0.685204737463647 -0.002563767081417391 3.030802301204257 9.68999999999985 
-1.0784689978382695 -0.6851966690274081 -0.002581860844128836 3.030802301204257 9.889999999999848 
-1.078358989490266 -0.6852218004161488 -0.002521768434722273 3.030802301204257 10.089999999999845 
-1.0751761835863511 -0.686340382662874 0.0277994726751388 3.030802301204257 10.284999999999842 
-1.0679132057358975 -0.689087810375397 0.14275756171979292 3.030802301204257 10.489999999999839 
-1.075581068839597 -0.6907410968467108 0.28861243296955297 3.030802301204257 10.694999999999835 
-1.0868550736127733 -0.6917491015187454 0.45723870107950315 3.030802301204257 10.889999999999832 
-1.092670663660963 -0.694259157234107 0.624382482233171 3.030802301204257 11.094999999999828 
-1.0949606869284503 -0.7018164774975444 0.7592041850203831 3.030802301204257 11.289999999999825 
-1.0931753830429616 -0.7569202201246775 0.8161361091321088 3.030802301204257 11.494999999999822 
-1.0879523877908854 -0.86609633438375 0.8289934578245517 3.030802301204257 11.689999999999818 
-1.0808569288401906 -0.9712196701484898 0.8313258149041133 3.030802301204257 11.889999999999816 
-1.076460534424025 -1.0410795186181736 0.832155851094184 3.030802301204257 12.084999999999813 
-1.0768991563350572 -1.06749723789614 0.8360851706908276 3.030802301204257 12.289999999999809 
-1.077705207462051 -1.0770629526398883 0.8469023667396602 3.030802301204257 12.484999999999806 
-1.076666448162995 -1.0842852301024362 0.8600257396832264 3.030802301204257 12.689999999999802 
-1.075516696392072 -1.090544524719826 0.8729571388092897 3.030802301204257 12.8899999999998 
-1.0760037523567272 -1.0933776619744284 0.8826988593092411 3.030802301204257 13.089999999999797 
-1.076971177235037 -1.0940808683940022 0.8873870842648826 3.030802301204257 13.289999999999795 
-1.0783623780460336 -1.0927818563642426 0.8892338647143626 3.030802301204257 13.494999999999791 
-1.0800239448681173 -1.0906825756461687 0.889217314902361 3.030802301204257 13.689999999999788 
-1.0805744312873011 -1.0895039959127863 0.8891727324199666 3.030802301204257 13.884999999999785 
-1.0806604990209883 -1.0892126518951195 0.888361999722589 3.030802301204257 14.089999999999781 
-1.0811509598432822 -1.0887705699967831 0.8889986584032625 3.030802301204257 14.284999999999778 
-1.0815991066282755 -1.0882909926472235 0.887018847055272 3.030802301204257 14.489999999999775 
-1.081341301449911 -1.087829688102627 0.8858406708070617 3.030802301204257 14.689999999999772 
-1.0809644163103913 -1.0871866455869263 0.8861060804374535 3.030802301204257 14.884999999999769 
-1.0813278638272013 -1.086259214507615 0.8835993363997476 3.030802301204257 15.089999999999765 
-1.0822349201090165 -1.0856962764704716 0.8808852357121909 3.030802301204257 15.294999999999762 
-1.0829322057747424 -1.0852274147288306 0.8781272745736817 3.030802301204257 15.489999999999759 
-1.0830360733210878 -1.0847962574795178 0.876805992410369 3.030802301204257 15.684999999999755 
-1.0830352907598297 -1.0837270412875064 0.8755273621399271 3.030802301204257 15.879999999999752 
-1.0839532397432878 -1.0823801890242024 0.8801656783235845 3.030802301204257 16.099999999999767 
-1.0851319242990356 -1.082239814447951 0.8968060300276942 3.030802301204257 16.294999999999796 
-1.0865042240770353 -1.0816650506594363 0.9148625362859552 3.030802301204257 16.489999999999824 
-1.085811178978319 -1.0800011936664933 0.9210711519581405 3.030802301204257 16.684999999999853 
-1.0844301497063626 -1.0793296464797906 0.9172488589708678 3.030802301204257 16.889999999999883 
-1.0837265215126066 -1.0799244163847102 0.9082702484250995 3.030802301204257 17.084999999999912 
-1.0836175305239217 -1.0810269759916542 0.8962216870417233 3.030802301204257 17.289999999999942 
-1.083279277188384 -1.08142723190515 0.8845773246977586 3.030802301204257 17.48999999999997 
-1.0840526273774809 -1.0805686597630866 0.8759020023279748 3.030802301204257 17.689999999999998 
-1.0848225744062086 -1.0797465678789333 0.8674234028376251 3.030802301204257 17.895000000000028 
-1.0859508573725651 -1.079892777284111 0.8597251626472168 3.030802301204257 18.080000000000055 
-1.0863872655838998 -1.0794052365568478 0.856192912451533 3.030802301204257 18.285000000000085 
-1.086650969069671 -1.0781398467715988 0.8530235212213132 3.030802301204257 18.490000000000116 
-1.0856653736850255 -1.076940661201018 0.8476580131824635 3.030802301204257 18.685000000000144 
-1.0829655214665193 -1.0750373073510389 0.8417162904865778 3.030802301204257 18.890000000000175 
-1.0518499875533833 -1.046076567431329 0.833453913917286 3.030802301204257 19.090000000000202 
-0.992889431470723 -0.9906486741673836 0.8286118593856073 3.030802301204257 19.290000000000223 
-0.922335132912622 -0.9239291752774013 0.827430845722435 3.030802301204257 19.500000000000234 
-0.857005441221033 -0.8610194114450869 0.8280425354561828 3.030802301204257 19.710000000000246 
-0.8005573894486233 -0.8067480715860507 0.8283563410581712 3.030802301204257 19.890000000000256 
-0.7400332361048086 -0.7485046486203261 0.8259016960867792 3.030802301204257 20.09500000000027 
-0.6827054394919891 -0.6934674012493061 0.8243323846912605 3.030802301204257 20.28500000000028 
-0.6218644215188248 -0.634201328183631 0.8224759183957072 3.030802301204257 20.50000000000029 
-0.5609487589979592 -0.5754079594617671 0.8216789383307673 3.030802301204257 20.705000000000304 
-0.49904637505517385 -0.5166254666833472 0.819781148034637 3.030802301204257 20.895000000000316 
-0.4334958386078689 -0.4553872867934067 0.8167560082473513 3.030802301204257 21.085000000000328 
-0.376965639165327 -0.4033218432651463 0.8149716018097213 3.030802301204257 21.300000000000338 
-0.31627568823707025 -0.34465819239009476 0.8127796993773329 3.030802301204257 21.49500000000035 
-0.2536333713531007 -0.2830062444585108 0.8102667976060819 3.030802301204257 21.68500000000036 
-0.1946131902346103 -0.22589061959642537 0.8096710616586899 3.030802301204257 21.895000000000373 
-0.1332798036678108 -0.1687941892165949 0.808703496314636 3.030802301204257 22.085000000000385 
-0.07666149550523361 -0.1148200435096405 0.8095393955001662 3.030802301204257 22.295000000000396 
-0.019698830865130388 -0.05694305879607828 0.8092216510115163 3.030802301204257 22.485000000000408 
0.036505447177793714 0.0012019009554969432 0.8078540191942647 3.030802301204257 22.68000000000042 
0.09920242905713543 0.064106729390703 0.8059913811237694 3.030802301204257 22.88500000000043 
0.15796516135396263 0.12011674384415136 0.8053764015267334 3.030802301204257 23.095000000000443 
0.21889827498593017 0.17726491099834832 0.8058001587848516 3.030802301204257 23.300000000000455 
0.27721576896075506 0.23241170643979492 0.8047604534846436 3.030802301204257 23.480000000000466 
0.3380407206787596 0.2923411750312301 0.7976877153944344 3.030802301204257 23.680000000000476 
0.3933941351209016 0.35460677316186967 0.7830025669002204 3.030802301204257 23.890000000000487 
0.44291951095754134 0.42391650150081106 0.7662279382211415 3.030802301204257 24.0950000000005 
0.4846385791102478 0.4964920179401796 0.756188172971347 3.030802301204257 24.280000000000502 
0.5193463687222396 0.5727160119881445 0.7552300707186265 3.030802301204257 24.485000000000515 
0.5448017997972651 0.6524525489358657 0.7617916458163245 3.030802301204257 24.695000000000526 
0.5556717071255981 0.7342384584269008 0.7725087625928575 3.030802301204257 24.905000000000538 
0.5516168978507124 0.8215244260832156 0.7828838935885096 3.030802301204257 25.09500000000055 
0.5320675861106421 0.9097038181031664 0.790548835281448 3.030802301204257 25.300000000000562 
0.4971631406732843 0.9832106670241306 0.7950684435356183 3.030802301204257 25.495000000000573 
0.44813643830810446 1.047817855913189 0.7980182781833691 3.030802301204257 25.690000000000584 
0.391690421278226 1.1099087389507685 0.8007727975329817 3.030802301204257 25.895000000000596 
0.3301622452239701 1.1691884489212316 0.803925979468059 3.030802301204257 26.10000000000061 
0.2652616135970172 1.2232165944217948 0.8170757670148141 3.030802301204257 26.29500000000062 
0.1973393466334246 1.2790967995414624 0.8270153339111075 3.030802301204257 26.485000000000632 
0.1343741303449247 1.3397690930106465 0.8204028722593636 3.030802301204257 26.695000000000643 
0.09244967131971862 1.4084465038828236 0.8072718220505615 3.030802301204257 26.905000000000655 
0.06989472927396079 1.4860887697531469 0.7983823775497846 3.030802301204257 27.095000000000667 
0.06596974812992663 1.5735907997063074 0.7924774098777526 3.030802301204257 27.30000000000068 
0.07590597460125717 1.6548281010860324 0.7907052218482068 3.030802301204257 27.490000000000688 
0.10479280121217546 1.7379679309147926 0.7922582400766682 3.030802301204257 27.685000000000695 
0.14300586537218393 1.8005696294393263 0.7932797589529867 3.030802301204257 27.88500000000072 
0.12368853174746693 1.7789995836916324 0.7734775696765886 3.030802301204257 28.10000000000075 
0.0452756197870941 1.644289540226061 0.7429130942059664 3.030802301204257 28.285000000000778 
-0.056609777183150356 1.4324661449479534 0.7291771166942611 3.030802301204257 28.49000000000081 
-0.15587608486705984 1.2121592288079597 0.7361999038851172 3.030802301204257 28.685000000000837 
-0.2440533973430646 1.034535146554812 0.7539511758135929 3.030802301204257 28.90000000000087 
-0.32747695796824855 0.8807890302632444 0.7834343065609727 3.030802301204257 29.085000000000896 
-0.41502068614526555 0.7220130506606581 0.816320931071944 3.030802301204257 29.300000000000928 
-0.4925653458176679 0.5832197079473644 0.8415091829223668 3.030802301204257 29.495000000000957 
-0.5590985611996658 0.45610264663199473 0.8579648685163513 3.030802301204257 29.690000000000985 
-0.6188407738014329 0.3385486853039587 0.8686344737003968 3.030802301204257 29.885000000001014 
-0.6686331484882755 0.23997080078273464 0.8749353404788945 3.030802301204257 30.080000000001043 
-0.7188618729737506 0.14351055080022812 0.8785780456450097 3.030802301204257 30.285000000001073 
-0.7624893462997171 0.06116982598179057 0.8794956211959364 3.030802301204257 30.490000000001103 
-0.8004337986735374 -0.012292981015597058 0.8808916341584462 3.030802301204257 30.69000000000113 
-0.8364762389590229 -0.08157607564009632 0.8812794373789626 3.030802301204257 30.88500000000116 
-0.8664565857237193 -0.13949842982996655 0.8805141589621766 3.030802301204257 31.09000000000119 
-0.894849750947414 -0.194552759516489 0.8788926973244015 3.030802301204257 31.28500000000122 
-0.9211099640321706 -0.24383879568061795 0.8761605019404383 3.030802301204257 31.49000000000125 
-0.9438180973640146 -0.28661621275834887 0.8733824629248809 3.030802301204257 31.685000000001278 
-0.9632450678175692 -0.327179519752658 0.868217844155157 3.030802301204257 31.890000000001308 
-0.9784992903967207 -0.3635637009136823 0.8634646825637757 3.030802301204257 32.095000000001306 
-0.9904893241342186 -0.3957757161237062 0.8591729893199838 3.030802301204257 32.28000000000127 
-1.0023458326938885 -0.4268526886118678 0.8543594918536788 3.030802301204257 32.49000000000124 
-1.0137216157404778 -0.45252388043977704 0.8504432054418684 3.030802301204257 32.6850000000012 
-1.0236557697961308 -0.47599638372149095 0.8466767720109203 3.030802301204257 32.890000000001166 
-1.0325902853654603 -0.4989577261300825 0.8421213815173749 3.030802301204257 33.09000000000113 
-1.0403793033211042 -0.5192587032961508 0.8386253906846676 3.030802301204257 33.2850000000011 
-1.047884920554048 -0.5368921458246342 0.8350992144250146 3.030802301204257 33.50500000000106 
-1.0545311369858605 -0.5513105885892767 0.8305899153712292 3.030802301204257 33.69500000000102 
-1.0610513147428864 -0.5661918538616446 0.793618578045454 3.030802301204257 33.88000000000099 
-1.0675884466228882 -0.5852983954811104 0.7086044871406662 3.030802301204257 34.090000000000956 
-1.0738187990817452 -0.6049703047018433 0.624928317489474 3.030802301204257 34.28500000000092 
-1.080776641722045 -0.6226408904776278 0.548864815457591 3.030802301204257 34.49000000000089 
-1.0867623812514566 -0.6345230358638184 0.4903848947516039 3.030802301204257 34.70500000000086 
-1.0907441298216327 -0.6431548864299517 0.43671797224271747 3.030802301204257 34.88500000000082 
-1.0932058201551789 -0.6492070809829407 0.3845810386750189 3.030802301204257 35.10000000000078 
-1.0944334536545641 -0.6540147876838193 0.3435818953218294 3.030802301204257 35.29500000000075 
-1.0953868327172787 -0.6580102989431658 0.30478104752017593 3.030802301204257 35.50000000000071 
-1.0964692933212443 -0.6616451264711697 0.2695496855227933 3.030802301204257 35.69000000000068 
-1.0973256191069802 -0.6654725988060795 0.24171999981740655 3.030802301204257 35.88000000000065 
-1.0971178963797623 -0.6688030237704875 0.21626952035524646 3.030802301204257 36.08500000000061 
-1.0980129068113698 -0.672521105613152 0.1920180043956623 3.030802301204257 36.305000000000575 
-1.0996764657593898 -0.6756858455591547 0.1700875022341118 3.030802301204257 36.49000000000054 
-1.1015733623634665 -0.6784288119303948 0.149394622609144 3.030802301204257 36.69000000000051 
-1.1027246237847883 -0.6806225558183 0.12702026379125625 3.030802301204257 36.905000000000484 
-1.1009318974430833 -0.681792610256403 0.0799046380694565 3.030802301204257 37.08000000000045 
-1.0956266457121857 -0.6814662171888354 0.021020193118377745 3.030802301204257 37.28500000000042 
-1.0894304001699442 -0.683363607098511 0.009570925608488998 3.030802301204257 37.490000000000386 
-1.0877298599724732 -0.6862534764807688 0.01810501293801481 3.030802301204257 37.68500000000036 
-1.0895149623744755 -0.68882855186325 0.008942941399913909 3.030802301204257 37.89000000000032 
