-1.0608370097765796 -0.733875326261553 -0.0018624667955301063 -1.49979922916386 1.5000000000000009 
-1.0608370097765796 -0.733875326261553 -0.0018624667955301063 -1.49979922916386 1.5000000000000009 
-1.0608257074810565 -0.7339041815941529 -0.001901183204783549 -1.49979922916386 1.705000000000001 
-1.0608272981363138 -0.7338339775485544 -0.0018873676204512635 -1.49979922916386 1.900000000000001 
-1.0608371583704712 -0.7338754441566957 -0.001901384940112988 -1.49979922916386 2.1049999999999986 
-1.0608359680111241 -0.7338916687584781 -0.0019140828355081654 -1.49979922916386 2.299999999999995 
-1.0608219924684537 -0.7338545851714927 -0.001926622453561966 -1.49979922916386 2.4949999999999912 
-1.060798039888099 -0.7340600179229397 -0.0021453096267107855 -1.49979922916386 2.709999999999987 
-1.060849587718706 -0.7338422754855245 -0.0018064872707838256 -1.49979922916386 2.9049999999999834 
-1.0608131764820896 -0.7338704212336672 -0.0018885356025625305 -1.49979922916386 3.08999999999998 
-1.0608596612149965 -0.7339008076442943 -0.0018934739357910119 -1.49979922916386 3.294999999999976 
-1.0608338211851256 -0.7338880759361538 -0.0018607346617807198 -1.49979922916386 3.5049999999999724 
-1.060835497388056 -0.7338764861038736 -0.0019445665912870105 -1.49979922916386 3.689999999999969 
-1.0608268020882523 -0.7338445336303194 -0.0018880434844475871 -1.49979922916386 3.894999999999965 
-1.060796155100675 -0.7338491717415621 -0.0019570758069269523 -1.49979922916386 4.0999999999999615 
-1.0608304363011671 -0.7339164290062302 -0.0018904355922824397 -1.49979922916386 4.294999999999957 
-1.060790586131719 -0.7340505125551486 -0.002093570046783741 -1.49979922916386 4.499999999999953 
-1.0608454639790283 -0.7338330620985396 -0.0018533408571313982 -1.49979922916386 4.694999999999949 
-1.0608292864743032 -0.7338348829687857 -0.0018912794705848945 -1.49979922916386 4.909999999999944 
-1.0607987138546144 -0.7340445340360787 -0.002105110840260076 -1.49979922916386 5.09999999999994 
-1.0608193876672185 -0.7338587409849784 -0.0019077815195305164 -1.49979922916386 5.294999999999936 
-1.0608494914431157 -0.7338787158574637 -0.0019142308966570414 -1.49979922916386 5.499999999999932 
-1.0608320046663642 -0.7338413898662461 -0.0018092800533245 -1.49979922916386 5.714999999999927 
-1.0608596910864363 -0.7337543362121853 -0.0020605578346468683 -1.49979922916386 5.894999999999923 
-1.0608359153996563 -0.733895014359562 -0.0019175754920993263 -1.49979922916386 6.099999999999919 
-1.0608327212950421 -0.7338726524813132 -0.0019080161034158607 -1.49979922916386 6.294999999999915 
-1.0608626464976678 -0.7338964229082886 -0.0019246334562924906 -1.49979922916386 6.4899999999999105 
-1.0608249371264968 -0.733847234889664 -0.0018938063031145509 -1.49979922916386 6.694999999999906 
-1.0608299436261548 -0.7338627660186986 -0.001902475156492718 -1.49979922916386 6.899999999999902 
-1.060802636304057 -0.7339473010734153 -0.0018221377321513464 -1.49979922916386 7.104999999999897 
-1.0630151033506277 -0.7341588407330596 0.03525993549824257 -1.49979922916386 7.314999999999893 
-1.0730619609537524 -0.7420643184544193 0.16191162435100093 -1.49979922916386 7.504999999999889 
-1.0741490881095712 -0.754448450947624 0.3130579924909589 -1.49979922916386 7.699999999999885 
-1.0703817659917505 -0.7630037647224339 0.4829301808983351 -1.49979922916386 7.894999999999881 
-1.067144286492885 -0.7676886638591993 0.6417868309696153 -1.49979922916386 8.099999999999877 
-1.0651274730240046 -0.773202523760723 0.7540924592389033 -1.49979922916386 8.294999999999874 
-1.0658800838808635 -0.8168526940007744 0.806729309773368 -1.49979922916386 8.494999999999873 
-1.0695283535141706 -0.9120391731937615 0.8295689696494398 -1.49979922916386 8.70499999999987 
-1.0739379946010073 -1.0045977867375695 0.8420481371418035 -1.49979922916386 8.904999999999868 
-1.0760815973144164 -1.0612272001224259 0.8501968721527131 -1.49979922916386 9.114999999999865 
-1.0756700859408268 -1.0830463155752046 0.8561315255333701 -1.49979922916386 9.304999999999861 
-1.0733980326657353 -1.0861500937578914 0.8601397502358319 -1.49979922916386 9.499999999999858 
-1.0720756310290003 -1.0849564409401855 0.8653821525869951 -1.49979922916386 9.704999999999854 
-1.0719982732126783 -1.085489380122632 0.870138979058412 -1.49979922916386 9.899999999999851 
-1.0732989262885861 -1.0899016976253988 0.8761203605107137 -1.49979922916386 10.104999999999848 
-1.0750434855208162 -1.0927991154468963 0.8825250057337931 -1.49979922916386 10.299999999999844 
-1.0761750998619783 -1.093853721105368 0.8860764246161191 -1.49979922916386 10.504999999999841 
-1.076722419064071 -1.0930222341512854 0.8863238322510001 -1.49979922916386 10.714999999999838 
-1.0771084936262882 -1.091933626831655 0.8865640906349362 -1.49979922916386 10.899999999999835 
-1.0770636498312673 -1.0917237642559825 0.884945865474918 -1.49979922916386 11.104999999999832 
-1.0773160324229822 -1.0930168215917708 0.8835603501644486 -1.49979922916386 11.309999999999828 
-1.0770365787461658 -1.0948033651782787 0.885100925688124 -1.49979922916386 11.504999999999825 
-1.0762392015928994 -1.096079420621356 0.8866409884630468 -1.49979922916386 11.699999999999822 
-1.075253172779234 -1.096408804440666 0.8871981269013002 -1.49979922916386 11.904999999999818 
-1.0747116060373478 -1.096317842180565 0.8852954111152236 -1.49979922916386 12.114999999999815 
-1.0750240126534953 -1.0965756509552622 0.8816123067051916 -1.49979922916386 12.299999999999812 
-1.0747986604759812 -1.0968371079336154 0.8755886900978532 -1.49979922916386 12.51999999999981 
-1.0757347918550964 -1.0974891795207875 0.8701598144961525 -1.49979922916386 12.714999999999806 
-1.076412034771108 -1.0979514961752281 0.8677729910904849 -1.49979922916386 12.909999999999803 
-1.0759310098642556 -1.0983566267439473 0.8673846923451386 -1.49979922916386 13.0949999999998 
-1.0735511500203099 -1.0978710185525598 0.8789949552310399 -1.49979922916386 13.299999999999796 
-1.072846072742833 -1.0964654639071758 0.8964587022651257 -1.49979922916386 13.504999999999793 
-1.0732718551821512 -1.0958296977006619 0.9052259060194547 -1.49979922916386 13.69999999999979 
-1.0743354200676 -1.0956657454622145 0.9042950060470628 -1.49979922916386 13.894999999999786 
-1.0743134255025848 -1.0957385364300456 0.8975979345031899 -1.49979922916386 14.099999999999783 
-1.0727220949076366 -1.0957336423254236 0.8880713136416128 -1.49979922916386 14.31999999999978 
-1.071973055086078 -1.0959715097745129 0.8800547628170489 -1.49979922916386 14.509999999999778 
-1.0720973475787907 -1.0958587771051298 0.8755448948447909 -1.49979922916386 14.714999999999776 
-1.0718305743427465 -1.0949288943281605 0.8705913598571949 -1.49979922916386 14.904999999999772 
-1.0718649881209377 -1.0934166345138103 0.8660168959180693 -1.49979922916386 15.10499999999977 
-1.0713391506013572 -1.0927096205315001 0.8616435849634357 -1.49979922916386 15.294999999999767 
-1.071139059555777 -1.0917970624284004 0.8569187206968747 -1.49979922916386 15.499999999999764 
-1.0708582026887992 -1.0908822184510043 0.8525336233874885 -1.49979922916386 15.69499999999976 
-1.0702387803583815 -1.0897401189528255 0.8484215890270441 -1.49979922916386 15.914999999999758 
-1.0676463729847907 -1.0861507600483622 0.8425103285630623 -1.49979922916386 16.104999999999773 
-1.036525055114631 -1.05631749286184 0.8330752712042943 -1.49979922916386 16.2999999999998 
-0.975292702665627 -0.99862005946727 0.8251134871797635 -1.49979922916386 16.49999999999982 
-0.9041512834115139 -0.9347493951796 0.815808874476803 -1.49979922916386 16.70499999999983 
-0.8335691523209524 -0.8796294530098255 0.8010615457799904 -1.49979922916386 16.899999999999842 
-0.7628503855911375 -0.8383214712239478 0.7893332116573447 -1.49979922916386 17.124999999999854 
-0.6971342637804324 -0.8039040712464932 0.7906813060219255 -1.49979922916386 17.299999999999866 
-0.6223962708024666 -0.7615768631478068 0.7956547231332929 -1.49979922916386 17.504999999999878 
-0.5469351214730069 -0.7105816943349446 0.7966923539709494 -1.49979922916386 17.69999999999989 
-0.4840592840091988 -0.6584399460459514 0.7957381616856042 -1.49979922916386 17.8949999999999 
-0.4284584104285167 -0.6028691434760702 0.7943362575535551 -1.49979922916386 18.099999999999913 
-0.3698368189065059 -0.5387385764461708 0.7940778134726314 -1.49979922916386 18.304999999999925 
-0.314204193611917 -0.4722438665573069 0.7951763474605725 -1.49979922916386 18.514999999999937 
-0.260933183617955 -0.39883882909112783 0.7982003574799309 -1.49979922916386 18.70499999999995 
-0.21849666916466992 -0.3243283773373521 0.8022074668100788 -1.49979922916386 18.909999999999958 
-0.18521522103239224 -0.25010369245719744 0.8036027897245935 -1.49979922916386 19.129999999999967 
-0.1572322909130521 -0.16712799405322978 0.8039192225373621 -1.49979922916386 19.324999999999978 
-0.14258537636192983 -0.09198557350829661 0.8054104144550673 -1.49979922916386 19.49999999999999 
-0.13856061511411175 -0.00806120353015406 0.8097220408868964 -1.49979922916386 19.705000000000002 
-0.13418340008686153 0.07406467208294808 0.8124247991349774 -1.49979922916386 19.900000000000013 
-0.11885599222044019 0.15094940298888188 0.8139767720226617 -1.49979922916386 20.105000000000025 
-0.09292542005362202 0.21945241482656475 0.8134190896397931 -1.49979922916386 20.305000000000035 
-0.05312805322289904 0.2953808058069478 0.8133151931356489 -1.49979922916386 20.490000000000048 
-0.005102492472139513 0.36939146464135 0.8132121446572756 -1.49979922916386 20.71500000000006 
0.04378234897628426 0.42685534314412343 0.8161770401957135 -1.49979922916386 20.905000000000072 
0.09808621638431542 0.48958364213341765 0.8157525813009475 -1.49979922916386 21.110000000000085 
0.1375279725972516 0.557597482203345 0.8121542027432992 -1.49979922916386 21.295000000000094 
0.1525708777311855 0.6388647953846407 0.8074859742577865 -1.49979922916386 21.500000000000107 
0.1337362437641306 0.7251818707383793 0.8052098904821092 -1.49979922916386 21.69000000000012 
0.0875756931152951 0.8043493170739555 0.8051599000675856 -1.49979922916386 21.91500000000013 
0.03872883892737817 0.8665353791618077 0.8039082772894302 -1.49979922916386 22.10500000000014 
-0.020602031883817512 0.9209240946655758 0.8024711048682951 -1.49979922916386 22.310000000000148 
-0.0945788682598752 0.9657405126163262 0.8010566225718196 -1.49979922916386 22.50000000000016 
-0.1763486278477475 1.0035838050354515 0.8088899848546208 -1.49979922916386 22.705000000000172 
-0.24657777273839937 1.0319518531875247 0.8131254389837035 -1.49979922916386 22.900000000000183 
-0.32081447043181577 1.053940181430846 0.8100241525622737 -1.49979922916386 23.095000000000194 
-0.3978364275866215 1.0643188169611457 0.8070887539929625 -1.49979922916386 23.300000000000207 
-0.480707713230502 1.0601575339901872 0.8042474356483844 -1.49979922916386 23.495000000000218 
-0.5642275144897372 1.0400902061307808 0.8024252063802307 -1.49979922916386 23.70000000000023 
-0.6376581434183202 1.007214848294298 0.802340497127471 -1.49979922916386 23.89500000000024 
-0.7081125169878073 0.9585696184186965 0.8027667190353028 -1.49979922916386 24.110000000000255 
-0.7659648676108687 0.9016481112082658 0.803437420123727 -1.49979922916386 24.305000000000266 
-0.8151906754780819 0.8359007029941822 0.8028307239050105 -1.49979922916386 24.500000000000277 
-0.8635777637069976 0.759350512466382 0.8030429664947252 -1.49979922916386 24.70500000000029 
-0.9082116661845655 0.6861571367746475 0.8024587727998703 -1.49979922916386 24.910000000000302 
-0.9628695636187886 0.6205053119221876 0.7974162944626062 -1.49979922916386 25.110000000000312 
-1.0321700904443267 0.5730090340814674 0.7934891568896671 -1.49979922916386 25.310000000000322 
-1.1130547418757393 0.554403984104434 0.7942645067225474 -1.49979922916386 25.500000000000334 
-1.198080225461312 0.5651669393108968 0.7977173951244825 -1.49979922916386 25.705000000000346 
-1.2686269254835694 0.5981341764070588 0.8015937986213382 -1.49979922916386 25.900000000000357 
-1.333377472972613 0.6516146665295339 0.8029348299168286 -1.49979922916386 26.09500000000037 
-1.3745392671754444 0.709918127769565 0.8019801555146278 -1.49979922916386 26.15500000000037 
-1.3824805109585783 0.7082646031393381 0.7858499856340466 -1.49979922916386 26.15500000000037 
-1.3533397341729763 0.603541575913557 0.7655086266761907 -1.49979922916386 26.15500000000037 
-1.3184852115301284 0.4588039213182001 0.772432539102299 -1.49979922916386 26.15500000000037 
-1.2896678892188131 0.33388414924663823 0.7864228182119257 -1.49979922916386 26.15500000000037 
-1.2678600033800953 0.22442365889575558 0.8005296720849616 -1.49979922916386 26.15500000000037 
-1.2525250079978008 0.13011576672168654 0.8182902770247142 -1.49979922916386 26.15500000000037 
-1.237942924777307 0.03970516004856644 0.8355566916686415 -1.49979922916386 26.15500000000037 
-1.2221978351018945 -0.04076701009499056 0.8503787703318496 -1.49979922916386 26.15500000000037 
-1.2067777563300608 -0.11107783401545256 0.861250765818952 -1.49979922916386 26.15500000000037 
-1.1929878607764184 -0.17165555364071733 0.8672147759941565 -1.49979922916386 26.15500000000037 
-1.179393441234826 -0.22884767783763965 0.8710423672063495 -1.49979922916386 26.15500000000037 
-1.167527919255101 -0.27926875027763526 0.8733839176234823 -1.49979922916386 26.15500000000037 
-1.1568534771029768 -0.32332003655978236 0.8732171490076672 -1.49979922916386 26.15500000000037 
-1.1467542783181066 -0.3643953894074156 0.8728022083301643 -1.49979922916386 26.15500000000037 
-1.1387725770790358 -0.39809937659421285 0.8712442341582726 -1.49979922916386 26.15500000000037 
-1.1333526842368462 -0.4280681511372557 0.8686059201570605 -1.49979922916386 26.15500000000037 
-1.1282453395543783 -0.45549868296983853 0.8646496812353957 -1.49979922916386 26.15500000000037 
-1.123346207071975 -0.4815642081216729 0.8601865809360062 -1.49979922916386 26.15500000000037 
-1.1184421056110263 -0.5043586215365049 0.856375092924278 -1.49979922916386 26.15500000000037 
-1.113818124814663 -0.5243645164339108 0.8520569171638213 -1.49979922916386 26.15500000000037 
-1.1090005313925253 -0.5420007975778038 0.8476763407450344 -1.49979922916386 26.15500000000037 
-1.1040298454081714 -0.5573431578049368 0.8434051240885758 -1.49979922916386 26.15500000000037 
-1.0991757546286671 -0.5710813013813733 0.8385659124577679 -1.49979922916386 26.15500000000037 
-1.0945881299190519 -0.5822650317509626 0.8344927602368455 -1.49979922916386 26.15500000000037 
-1.0903018249191943 -0.5920539633504402 0.8306119155988281 -1.49979922916386 26.15500000000037 
-1.085936224850367 -0.6026585523369136 0.7993890353968376 -1.49979922916386 26.15500000000037 
-1.0819852800163887 -0.6181050595432465 0.7164104575636859 -1.49979922916386 26.15500000000037 
-1.076979786535437 -0.6378182641261856 0.6295331172204419 -1.49979922916386 26.15500000000037 
-1.0741836815066033 -0.6542068499103975 0.5554766811937075 -1.49979922916386 26.15500000000037 
-1.073014565579686 -0.6652849684222917 0.4910652064596178 -1.49979922916386 26.15500000000037 
-1.0720935186653937 -0.6736037674549487 0.4366131188535152 -1.49979922916386 26.15500000000037 
-1.0717568283515242 -0.6805490887055413 0.38990977260049814 -1.49979922916386 26.15500000000037 
-1.07182851722041 -0.6859139948424813 0.34467827983475896 -1.49979922916386 26.15500000000037 
-1.0718593585512277 -0.6911342638339202 0.3065581859762793 -1.49979922916386 26.15500000000037 
-1.0727669352208447 -0.6953012886828636 0.2774321803902571 -1.49979922916386 26.15500000000037 
-1.0713327848472312 -0.6987360022662157 0.25041636437423304 -1.49979922916386 26.15500000000037 
-1.0681302705002755 -0.7001696202463518 0.22667581164745707 -1.49979922916386 26.15500000000037 
-1.065053396884197 -0.7006337802118874 0.20428181114640925 -1.49979922916386 26.15500000000037 
-1.062408657369883 -0.7013198261034871 0.18357939795714057 -1.49979922916386 26.15500000000037 
-1.0595489382954035 -0.7027017748779233 0.1619938213664012 -1.49979922916386 26.15500000000037 
-1.0602681845880313 -0.7015853305880555 0.14332274744171578 -1.49979922916386 26.15500000000037 
-1.0634244057063365 -0.6997057337473854 0.11310935108146014 -1.49979922916386 26.15500000000037 
-1.0667493063128561 -0.7006186286074981 0.0486197401712218 -1.49979922916386 26.15500000000037 
-1.0679392468871844 -0.7089134190314383 0.004770460044467851 -1.49979922916386 26.15500000000037 
