-1.065351070606627 -0.6952654014963563 -0.002077398975266635 -2.406669105636845 4.234999999999957 
-1.065351070606627 -0.6952654014963563 -0.002077398975266635 -2.406669105636845 4.234999999999957 
-1.0652533479727866 -0.6953713656077187 -0.002226407909471765 -2.406669105636845 4.439999999999952 
-1.0653721804764247 -0.695313570970626 -0.002232666265306271 -2.406669105636845 4.639999999999949 
-1.065296143222972 -0.6953585534482818 -0.0022248691751904897 -2.406669105636845 4.834999999999945 
-1.0650853020270563 -0.6953401179199193 -0.002083995669274007 -2.406669105636845 5.0399999999999405 
-1.0650875557282036 -0.6953951809155685 -0.0020715163174168526 -2.406669105636845 5.244999999999936 
-1.0653057944269215 -0.6952863220231883 -0.0020596478929533887 -2.406669105636845 5.439999999999932 
-1.0652441076034338 -0.6954008276087611 -0.0021412926467208842 -2.406669105636845 5.634999999999928 
-1.0654608021744887 -0.695413532901418 -0.002307103841457075 -2.406669105636845 5.829999999999924 
-1.0654128243724152 -0.6954827574860409 -0.002390822435688129 -2.406669105636845 6.044999999999919 
-1.065271034599136 -0.6954447796850177 -0.0021970536738788503 -2.406669105636845 6.239999999999915 
-1.0652851885067862 -0.6954074715389245 -0.0021782667542566848 -2.406669105636845 6.444999999999911 
-1.0652774558292257 -0.6954418056368262 -0.0021868575639793415 -2.406669105636845 6.629999999999907 
-1.0653118932107735 -0.6953830296796075 -0.00224775228746291 -2.406669105636845 6.839999999999902 
-1.0653091278557743 -0.6953902524979149 -0.002227708813455456 -2.406669105636845 7.034999999999898 
-1.0653306927702026 -0.6954512068524238 -0.0023478343409713003 -2.406669105636845 7.219999999999894 
-1.0653524800722305 -0.6954662769491535 -0.0023455943831340435 -2.406669105636845 7.4349999999998895 
-1.065283114270748 -0.695424562587884 -0.0022216502708113425 -2.406669105636845 7.629999999999885 
-1.065337672408375 -0.6954212043612701 -0.002272759663636928 -2.406669105636845 7.85999999999988 
-1.0653801018959135 -0.6954663604503132 -0.0023128403693728704 -2.406669105636845 8.039999999999877 
-1.0653618230302124 -0.6955223048140391 -0.0023310113269401126 -2.406669105636845 8.259999999999874 
-1.0652671397243063 -0.6954506305067484 -0.0022846305473658303 -2.406669105636845 8.42999999999987 
-1.065471009803296 -0.695474711021424 -0.002379737996486444 -2.406669105636845 8.634999999999867 
-1.0653015741459222 -0.6953282410563619 -0.0022558495414309477 -2.406669105636845 8.829999999999863 
-1.0653139542432437 -0.6953066055208789 -0.002245861844696635 -2.406669105636845 9.02499999999986 
-1.0653981508013357 -0.6952982084054008 -0.002228449276158373 -2.406669105636845 9.239999999999856 
-1.0653052315994416 -0.6953444876270484 -0.002229329089255058 -2.406669105636845 9.434999999999853 
-1.0653211926316206 -0.6953067438983104 -0.0021936095153844842 -2.406669105636845 9.62999999999985 
-1.0652513800678474 -0.6954054488478937 -0.002110759920229323 -2.406669105636845 9.834999999999846 
-1.0652736791692927 -0.6953204313877979 -0.0021600859754486116 -2.406669105636845 10.054999999999843 
-1.0662582209157703 -0.6936500195636865 0.019524211945790702 -2.406669105636845 10.24499999999984 
-1.0723034547286194 -0.6888346445146972 0.1334758512210048 -2.406669105636845 10.439999999999836 
-1.077400359048746 -0.6934716411204773 0.29097942365241986 -2.406669105636845 10.644999999999833 
-1.078643212041143 -0.7007865536688154 0.45287649704882543 -2.406669105636845 10.82999999999983 
-1.0773090573691346 -0.7068437148994146 0.6136259024690014 -2.406669105636845 11.044999999999826 
-1.0761323817794324 -0.7105394309667099 0.7275713778920028 -2.406669105636845 11.239999999999823 
-1.0770904940533232 -0.7408800896492748 0.7990234902496772 -2.406669105636845 11.45999999999982 
-1.079341084815274 -0.8367922748627231 0.8225471093176624 -2.406669105636845 11.629999999999816 
-1.079732051047438 -0.9531642919450032 0.8286829203533489 -2.406669105636845 11.834999999999813 
-1.0774104017497135 -1.023773130271518 0.8277903294883351 -2.406669105636845 12.039999999999809 
-1.0765632800272245 -1.0540783680897774 0.8260463559913543 -2.406669105636845 12.234999999999806 
-1.0788895320111689 -1.065545630460582 0.8309611398630323 -2.406669105636845 12.444999999999803 
-1.0807076912233493 -1.069063850860191 0.8418134564699293 -2.406669105636845 12.6349999999998 
-1.0786924636706243 -1.071105622010223 0.8536498511684363 -2.406669105636845 12.834999999999798 
-1.0761981760933654 -1.0738049893795043 0.8643312201858743 -2.406669105636845 13.029999999999795 
-1.0728203851421063 -1.077304533673402 0.874473764559477 -2.406669105636845 13.224999999999792 
-1.0710802742123051 -1.0789137557207815 0.8813542540153004 -2.406669105636845 13.44999999999979 
-1.0713457951848933 -1.0789322552161644 0.8843567545554387 -2.406669105636845 13.639999999999786 
-1.0713454760932357 -1.080493966602747 0.8848177251078907 -2.406669105636845 13.824999999999783 
-1.0725757632624564 -1.0812624517372766 0.8838826700151289 -2.406669105636845 14.039999999999779 
-1.0736961389246669 -1.0825107490660117 0.8831192082326266 -2.406669105636845 14.234999999999776 
-1.0749767654116555 -1.0827805350909683 0.8828040048655738 -2.406669105636845 14.434999999999773 
-1.076175963456198 -1.0837205070169953 0.8830476618896709 -2.406669105636845 14.63999999999977 
-1.0782535709387033 -1.0860062777201482 0.8823727164330717 -2.406669105636845 14.834999999999766 
-1.0806216736080638 -1.0869364825821834 0.8835589924277695 -2.406669105636845 15.039999999999763 
-1.082237724893207 -1.085446766226909 0.8848496208595458 -2.406669105636845 15.24499999999976 
-1.0828850347685381 -1.0830497848194118 0.8847712575356905 -2.406669105636845 15.429999999999756 
-1.0833264438810213 -1.0796930979807262 0.881049606031632 -2.406669105636845 15.659999999999753 
-1.0842349570928937 -1.0784144884705251 0.8770088390385101 -2.406669105636845 15.84499999999975 
-1.084693173176333 -1.077999994362707 0.8738156849478654 -2.406669105636845 16.039999999999754 
-1.0853475352992812 -1.0772750945370522 0.8710536182780896 -2.406669105636845 16.259999999999785 
-1.085276578407891 -1.0774822166053541 0.868286396445208 -2.406669105636845 16.439999999999813 
-1.0848408473483655 -1.0776369758709727 0.8640113346750737 -2.406669105636845 16.644999999999843 
-1.0843722215929308 -1.0777457324758535 0.8588915315412108 -2.406669105636845 16.824999999999868 
-1.085014155994602 -1.077681264871057 0.853487487621864 -2.406669105636845 17.034999999999897 
-1.0855668481898095 -1.0773241409652425 0.8529136987546571 -2.406669105636845 17.239999999999927 
-1.0867442944670564 -1.07683897905587 0.8577535162359968 -2.406669105636845 17.46999999999996 
-1.0881127372278308 -1.0758075949706132 0.874595608282979 -2.406669105636845 17.639999999999986 
-1.0875956715526973 -1.0754356832141974 0.8960832089445225 -2.406669105636845 17.835000000000015 
-1.085463695128466 -1.0763388923973638 0.9069079866550618 -2.406669105636845 18.055000000000046 
-1.0837293168849926 -1.0778432961894668 0.9051601136651103 -2.406669105636845 18.235000000000074 
-1.0830553909916913 -1.0796219061347783 0.8951200247053936 -2.406669105636845 18.430000000000103 
-1.0836285063439626 -1.0801952920459035 0.8845158750757774 -2.406669105636845 18.635000000000133 
-1.0845729383527625 -1.0804052005317715 0.8740762572912993 -2.406669105636845 18.83000000000016 
-1.0855820881053697 -1.0800415569758681 0.8647682665992726 -2.406669105636845 19.02500000000019 
-1.0862081381856583 -1.079910966746971 0.857733751053044 -2.406669105636845 19.23500000000022 
-1.0864140260671304 -1.0796192433191834 0.8512945285072532 -2.406669105636845 19.44000000000025 
-1.0871458707243644 -1.0787609016161963 0.8439825815342966 -2.406669105636845 19.66000000000028 
-1.0881380660923186 -1.079276373218943 0.8391646999314128 -2.406669105636845 19.85500000000031 
-1.0898431856394672 -1.080263600261186 0.8359451864064694 -2.406669105636845 20.035000000000338 
-1.0891749976347833 -1.0801105550650227 0.8377460821468948 -2.406669105636845 20.240000000000368 
-1.0862508696307287 -1.0791158988920981 0.8340081166819383 -2.406669105636845 20.4600000000004 
-1.0645384905763 -1.0598835462036773 0.8255156773807333 -2.406669105636845 20.630000000000425 
-1.0100529407215024 -1.0092572056794258 0.8199974124258992 -2.406669105636845 20.84000000000045 
-0.9419226050570588 -0.9461550222718205 0.8163847514460955 -2.406669105636845 21.045000000000464 
-0.8770928716575642 -0.8892422073755302 0.8041588877639407 -2.406669105636845 21.240000000000475 
-0.8103817839310355 -0.8394524920249594 0.7864487965831654 -2.406669105636845 21.445000000000487 
-0.743347994179289 -0.7982169183492421 0.7752615813273734 -2.406669105636845 21.640000000000498 
-0.671252266500875 -0.756918748195106 0.7844001457771224 -2.406669105636845 21.84500000000051 
-0.6023978171819303 -0.7132447148863608 0.7931429882614037 -2.406669105636845 22.055000000000522 
-0.5328191541362801 -0.6622184084291656 0.7939990782230286 -2.406669105636845 22.24500000000053 
-0.4676735983204808 -0.6055493877577658 0.7905822938210589 -2.406669105636845 22.44000000000054 
-0.413037794433917 -0.5460926534390971 0.7872463613769307 -2.406669105636845 22.645000000000554 
-0.3609206577664035 -0.4844238003805185 0.7888479553196097 -2.406669105636845 22.855000000000565 
-0.3057185375290871 -0.4178856583058176 0.7913463738738314 -2.406669105636845 23.045000000000577 
-0.2566664013029755 -0.34943470692332324 0.7922294487586458 -2.406669105636845 23.240000000000588 
-0.2141838335245692 -0.27242181708227964 0.792230505168315 -2.406669105636845 23.4450000000006 
-0.18563184598786386 -0.19579651603865125 0.7929606300602414 -2.406669105636845 23.63000000000061 
-0.16964405817833586 -0.11773802521093803 0.794499279430048 -2.406669105636845 23.84000000000062 
-0.16399258341156914 -0.025852131753717724 0.79721779130545 -2.406669105636845 24.045000000000634 
-0.16106480734553988 0.054523308128149026 0.797876104258429 -2.406669105636845 24.225000000000644 
-0.15047201239240368 0.1366520001632007 0.7992496534812424 -2.406669105636845 24.420000000000655 
-0.12032972064906648 0.21796261429988628 0.8027034886777993 -2.406669105636845 24.64000000000067 
-0.07973741671117184 0.2940516285983001 0.8050451630417198 -2.406669105636845 24.845000000000677 
-0.03745845988403223 0.36406904879026275 0.8056892475545465 -2.406669105636845 25.04000000000069 
0.011118195782412698 0.43727714387145167 0.8085044659626824 -2.406669105636845 25.2350000000007 
0.05723003179278828 0.49551580189734146 0.815067016507069 -2.406669105636845 25.440000000000712 
0.10256479178556517 0.5576550321737405 0.8157492438620667 -2.406669105636845 25.630000000000724 
0.12681739436664238 0.629031370507774 0.8112716094034628 -2.406669105636845 25.840000000000735 
0.12455841610546291 0.7151271197205493 0.8059953844209282 -2.406669105636845 26.045000000000748 
0.1012433792837515 0.7973327365845195 0.8034854466350694 -2.406669105636845 26.245000000000758 
0.05228095532763874 0.8856382841332184 0.8032513354550561 -2.406669105636845 26.44500000000077 
-0.014713266014666588 0.9515494673339675 0.8050101375799511 -2.406669105636845 26.640000000000782 
-0.096872980347275 0.9947415570041139 0.8025818217232646 -2.406669105636845 26.845000000000795 
-0.17984072092833617 1.0286665226663247 0.8076749126244529 -2.406669105636845 27.040000000000806 
-0.2649213084171944 1.065017930517273 0.813444566763842 -2.406669105636845 27.245000000000818 
-0.3467378498430959 1.0930606271579808 0.815641319894064 -2.406669105636845 27.44000000000083 
-0.43503854584225654 1.107459945524658 0.8146826821400847 -2.406669105636845 27.64500000000084 
-0.5170016722176651 1.1036176187250883 0.8135725090976335 -2.406669105636845 27.840000000000853 
-0.5965182112535242 1.0770169130015856 0.8108032821060771 -2.406669105636845 28.04500000000086 
-0.6754430377078412 1.0372576730618954 0.8059872043626208 -2.406669105636845 28.24500000000087 
-0.7451998984585686 0.9906734603093389 0.803054726285493 -2.406669105636845 28.440000000000882 
-0.8073251083777694 0.9325347042163347 0.800113437425907 -2.406669105636845 28.635000000000893 
-0.8606198915348939 0.8660642463310367 0.7968832072458639 -2.406669105636845 28.840000000000906 
-0.8988733921637505 0.7943815909683449 0.7952531203032311 -2.406669105636845 29.035000000000917 
-0.9340869258059038 0.71335497123285 0.7943598073848036 -2.406669105636845 29.24000000000093 
-0.9695633013538858 0.6369980647243796 0.7885713292340405 -2.406669105636845 29.44500000000094 
-1.0194023879865735 0.579970328871655 0.7878147061479436 -2.406669105636845 29.640000000000953 
-1.0947925419460782 0.5395089740283806 0.7939401288518215 -2.406669105636845 29.830000000000965 
-1.1842187857856588 0.521890968014045 0.8027292357129369 -2.406669105636845 30.055000000000977 
-1.2747482834992245 0.5292902875880043 0.8091995014317546 -2.406669105636845 30.24500000000099 
-1.3599451738453832 0.5533975892356837 0.8090075747295746 -2.406669105636845 30.435000000001 
-1.4318486748211774 0.5835724963693041 0.8003250378012152 -2.406669105636845 30.550000000001006 
-1.4798854514926723 0.5720815103562389 0.7783946365864375 -2.406669105636845 30.550000000001006 
-1.447085630797905 0.46242011077926537 0.7327760078911877 -2.406669105636845 30.550000000001006 
-1.4033170791524392 0.3406047107215105 0.7111766068372358 -2.406669105636845 30.550000000001006 
-1.3874896202227005 0.24342263905958453 0.7128031777620418 -2.406669105636845 30.550000000001006 
-1.372490239842417 0.16600809559896954 0.7259424542660707 -2.406669105636845 30.550000000001006 
-1.3548265448551648 0.10175475877451355 0.7463164668289206 -2.406669105636845 30.550000000001006 
-1.3321174386858632 0.031231603564624396 0.7707783342424961 -2.406669105636845 30.550000000001006 
-1.3084110215646174 -0.03738811925800092 0.8038425625982439 -2.406669105636845 30.550000000001006 
-1.2864148269034292 -0.0998145976522832 0.8357722750687054 -2.406669105636845 30.550000000001006 
-1.2662537188117047 -0.1560641359351391 0.860170306906797 -2.406669105636845 30.550000000001006 
-1.2482190854796753 -0.20593373715407812 0.8793344942703544 -2.406669105636845 30.550000000001006 
-1.232837956507164 -0.24993131505898628 0.8932429264257757 -2.406669105636845 30.550000000001006 
-1.2188690556301016 -0.29059255750289376 0.9022950237545715 -2.406669105636845 30.550000000001006 
-1.2067474265953104 -0.32773171743205043 0.9075396442356259 -2.406669105636845 30.550000000001006 
-1.1971376027754004 -0.36008344235498463 0.9102317959773302 -2.406669105636845 30.550000000001006 
-1.1881458962771563 -0.3875232215130851 0.9110841696184667 -2.406669105636845 30.550000000001006 
-1.180568663386558 -0.41375816165149704 0.9092666487829044 -2.406669105636845 30.550000000001006 
-1.173680521145291 -0.4392112368062172 0.9053686821697533 -2.406669105636845 30.550000000001006 
-1.1677698143037851 -0.4624430617557247 0.9009640828183406 -2.406669105636845 30.550000000001006 
-1.161901442301541 -0.4830635661220629 0.8947562137537156 -2.406669105636845 30.550000000001006 
-1.1566397592861177 -0.5002455007303591 0.8884916175772155 -2.406669105636845 30.550000000001006 
-1.1518776566705509 -0.5160603356718297 0.8828783667313568 -2.406669105636845 30.550000000001006 
-1.1476354645288602 -0.5291607122240118 0.8786421087460407 -2.406669105636845 30.550000000001006 
-1.1435601360420329 -0.5414319377570862 0.8751653023644025 -2.406669105636845 30.550000000001006 
-1.1402630846273327 -0.5515901192644503 0.8698316942247617 -2.406669105636845 30.550000000001006 
-1.137791633540693 -0.5610026546297471 0.864258373121002 -2.406669105636845 30.550000000001006 
-1.1348947782038104 -0.5686679780431853 0.8620652686305765 -2.406669105636845 30.550000000001006 
-1.1331778909345314 -0.5751589106244628 0.8588547430098616 -2.406669105636845 30.550000000001006 
-1.1323649621520764 -0.5831877194327282 0.8353586575421349 -2.406669105636845 30.550000000001006 
-1.1308124582172896 -0.5969233230459987 0.7585759253493127 -2.406669105636845 30.550000000001006 
-1.1279801931371523 -0.6140019771648573 0.6673329529707706 -2.406669105636845 30.550000000001006 
-1.1231213713929251 -0.629402691499504 0.5895212685595204 -2.406669105636845 30.550000000001006 
-1.11879818872528 -0.6405917905423537 0.5280210040688162 -2.406669105636845 30.550000000001006 
-1.116307226490462 -0.6511577858260345 0.46804351521732535 -2.406669105636845 30.550000000001006 
-1.1144564188632886 -0.6578592814941524 0.4194317690576939 -2.406669105636845 30.550000000001006 
-1.112159998027674 -0.6627697739222173 0.37449390040045044 -2.406669105636845 30.550000000001006 
-1.1117216366512417 -0.6651250339672478 0.3305333840964473 -2.406669105636845 30.550000000001006 
-1.1096904872462012 -0.6669883249950149 0.29432766688261647 -2.406669105636845 30.550000000001006 
-1.1061184500513215 -0.6700366017704954 0.26156256742367756 -2.406669105636845 30.550000000001006 
-1.102451683832484 -0.6747401213060075 0.2298360493241127 -2.406669105636845 30.550000000001006 
-1.0992005149066884 -0.6783700951818655 0.20421474958354938 -2.406669105636845 30.550000000001006 
-1.0973840036425102 -0.6784808206384917 0.182631153610707 -2.406669105636845 30.550000000001006 
-1.0949688454968525 -0.6785174965907276 0.1619152726337707 -2.406669105636845 30.550000000001006 
-1.0931031916613791 -0.6805285132360102 0.1409477114856363 -2.406669105636845 30.550000000001006 
-1.0911965398475707 -0.6831973268233184 0.11045904976859926 -2.406669105636845 30.550000000001006 
-1.0885538185816879 -0.6847458222524934 0.0487896810566475 -2.406669105636845 30.550000000001006 
-1.0827643959040834 -0.6866349746179158 0.003111249901054901 -2.406669105636845 30.550000000001006 
