-1.0571432325741335 -0.6845085271336926 -0.00292199892419154 -0.017419337659370707 3.574999999999969 
-1.0571432325741335 -0.6845085271336926 -0.00292199892419154 -0.017419337659370707 3.574999999999969 
-1.0571600711401126 -0.6845239723927868 -0.002904692291916116 -0.017419337659370707 3.7699999999999654 
-1.0571220580926295 -0.6844448761502084 -0.0029669158075193566 -0.017419337659370707 3.9749999999999615 
-1.0571151246803459 -0.684493327939166 -0.0030046499999211917 -0.017419337659370707 4.179999999999958 
-1.0570918416838098 -0.684496234143693 -0.002881747542836081 -0.017419337659370707 4.369999999999954 
-1.0571578481928436 -0.6844547284168025 -0.002963553219219103 -0.017419337659370707 4.5749999999999496 
-1.0570771989109737 -0.68458885255233 -0.00274611082963292 -0.017419337659370707 4.769999999999945 
-1.0570215521345026 -0.6846377089853922 -0.0026317994043882588 -0.017419337659370707 4.979999999999941 
-1.0570514603122052 -0.6844960948826169 -0.002852572295906647 -0.017419337659370707 5.174999999999937 
-1.057125095331672 -0.6845278588824504 -0.0028368717616815116 -0.017419337659370707 5.369999999999933 
-1.0570767562321695 -0.684584156529246 -0.002955607245560154 -0.017419337659370707 5.574999999999928 
-1.05684377628354 -0.684583709869983 -0.00253067828064193 -0.017419337659370707 5.769999999999924 
-1.0571778796575708 -0.684485128528467 -0.002897684217169661 -0.017419337659370707 5.97499999999992 
-1.0570657335039586 -0.6845001279082272 -0.0029311316393020085 -0.017419337659370707 6.179999999999915 
-1.057037627247481 -0.6845533324714603 -0.0029507669501271316 -0.017419337659370707 6.374999999999911 
-1.0571710717243044 -0.6845237953480752 -0.00284117955949245 -0.017419337659370707 6.579999999999907 
-1.057168380825901 -0.6845662888572849 -0.002911447555573278 -0.017419337659370707 6.774999999999903 
-1.057024212973707 -0.6846146876912406 -0.0028837641980798486 -0.017419337659370707 6.9699999999998985 
-1.0571211125420827 -0.6845960717671102 -0.0027603415147487782 -0.017419337659370707 7.174999999999894 
-1.0571716088668706 -0.6845562239807641 -0.0028463229616360977 -0.017419337659370707 7.36999999999989 
-1.0571279425329747 -0.6846539461054382 -0.0028214446600019452 -0.017419337659370707 7.574999999999886 
-1.0571462605176398 -0.6844712706862088 -0.0028448596310496903 -0.017419337659370707 7.7699999999998814 
-1.0571083121147158 -0.6845954389219502 -0.002835882120013772 -0.017419337659370707 7.984999999999877 
-1.0571431284154633 -0.6844524818111204 -0.0029518144290266017 -0.017419337659370707 8.174999999999875 
-1.0571163487528905 -0.6845438275803596 -0.0028201943114199387 -0.017419337659370707 8.369999999999871 
-1.0571696734303828 -0.6844823583785216 -0.002982395204934713 -0.017419337659370707 8.574999999999868 
-1.057182321651777 -0.6845143140643831 -0.0028726663543160113 -0.017419337659370707 8.779999999999864 
-1.057162813394549 -0.6845440317935224 -0.0029464272862887485 -0.017419337659370707 8.974999999999861 
-1.0576863539006671 -0.6852657822219465 0.0008942168654730147 -0.017419337659370707 9.194999999999858 
-1.0633508339936508 -0.6968129942310418 0.08983559789494937 -0.017419337659370707 9.374999999999854 
-1.065548791117677 -0.712208204036229 0.24983848869793698 -0.017419337659370707 9.569999999999851 
-1.0628978677610579 -0.7177268567038215 0.4301926410677208 -0.017419337659370707 9.799999999999848 
-1.0621044658489622 -0.7160512684095524 0.5756304054367065 -0.017419337659370707 9.969999999999844 
-1.063651051849945 -0.714823278812687 0.703570524987814 -0.017419337659370707 10.17499999999984 
-1.0487740681471114 -0.7009419349122714 0.7826163956337054 -0.017419337659370707 10.369999999999838 
-0.9345028629751924 -0.5972420105728556 0.7947224486386157 -0.017419337659370707 10.574999999999834 
-0.7536727846388754 -0.4275431783952794 0.7871080492793698 -0.017419337659370707 10.779999999999832 
-0.5684054581244816 -0.2505927624076698 0.7948517106509452 -0.017419337659370707 10.974999999999831 
-0.3733775118622135 -0.06810605310834239 0.8184030881053259 -0.017419337659370707 11.169999999999828 
-0.1870251081692466 0.10333421998158789 0.8468877917662135 -0.017419337659370707 11.369999999999825 
-0.009991025740725069 0.27400392266108947 0.8711270892637407 -0.017419337659370707 11.574999999999823 
0.1402043045948243 0.4504053535215771 0.8866583479136847 -0.017419337659370707 11.78499999999982 
0.2321590491300707 0.5811278985342541 0.8902224504201572 -0.017419337659370707 11.969999999999818 
0.2718609128153078 0.6518624148192713 0.8832159244790134 -0.017419337659370707 12.164999999999814 
0.2831182216382311 0.6794488304217956 0.8902821384710015 -0.017419337659370707 12.369999999999811 
0.2824328882657161 0.6897760972220541 0.9134493710537167 -0.017419337659370707 12.564999999999808 
0.2807448051750123 0.6995417083929872 0.9300056396144146 -0.017419337659370707 12.769999999999804 
0.28062217421300556 0.7111568443769841 0.9331788676139385 -0.017419337659370707 12.9749999999998 
0.27963171632955547 0.7180937327976376 0.9284067314514138 -0.017419337659370707 13.169999999999797 
0.27666700694584806 0.7196268462426537 0.9219976941300304 -0.017419337659370707 13.374999999999794 
0.27350426233589487 0.7164297465941823 0.9154323094823951 -0.017419337659370707 13.56999999999979 
0.27139804348151925 0.7124125966841311 0.9086067779187833 -0.017419337659370707 13.774999999999787 
0.27053728406301664 0.709839654933788 0.9020187335613811 -0.017419337659370707 13.979999999999784 
0.27008610405225036 0.7090170714908217 0.8960293907928054 -0.017419337659370707 14.18499999999978 
0.26947162818801407 0.7082089326536408 0.8909960782031848 -0.017419337659370707 14.369999999999777 
0.2693067581792076 0.7081012095691498 0.8852082201388574 -0.017419337659370707 14.599999999999774 
0.26987294173828724 0.7082313585973541 0.8800135919464256 -0.017419337659370707 14.76999999999977 
0.2706502429857386 0.7084355210220833 0.8746540898165627 -0.017419337659370707 14.984999999999767 
0.2709813858778913 0.7082583896643388 0.8701624707913632 -0.017419337659370707 15.169999999999764 
0.27126130029051704 0.7076365774638798 0.8649973771788247 -0.017419337659370707 15.38499999999976 
0.27159041286764346 0.7072997744182602 0.8613462968585095 -0.017419337659370707 15.569999999999757 
0.2720694922410409 0.7070609799345826 0.8595662490961143 -0.017419337659370707 15.774999999999753 
0.27275868996461095 0.7072456366297842 0.8563902392920353 -0.017419337659370707 15.97999999999975 
0.2734393216221428 0.7078983537766328 0.8513673401839724 -0.017419337659370707 16.174999999999777 
0.2739722309800527 0.7083062829940369 0.8471967369138987 -0.017419337659370707 16.369999999999806 
0.27953039205206703 0.7015834801221639 0.84452619537043 -0.017419337659370707 16.574999999999836 
0.316789665911355 0.6597364763566256 0.8402959596305952 -0.017419337659370707 16.779999999999863 
0.37613741008758117 0.5925209210892947 0.8345977251780662 -0.017419337659370707 16.974999999999874 
0.44495676920233174 0.5217697315655463 0.8167385817098366 -0.017419337659370707 17.179999999999882 
0.5216544883007348 0.4667261754290707 0.7997980549883553 -0.017419337659370707 17.389999999999894 
0.6053371948120502 0.441096429978033 0.7926017125681911 -0.017419337659370707 17.564999999999905 
0.6910866448935169 0.4422647888914132 0.7938017497914409 -0.017419337659370707 17.774999999999917 
0.7722985427064223 0.46002719034162476 0.8000355736336925 -0.017419337659370707 17.97999999999993 
0.8522709750237697 0.4950998330692109 0.8067297372613592 -0.017419337659370707 18.17499999999994 
0.9124958592454195 0.5462738282160433 0.8133083148427329 -0.017419337659370707 18.379999999999953 
0.9494953618993148 0.6121572381840656 0.81791245198674 -0.017419337659370707 18.574999999999964 
0.9711915667048471 0.6928655600774573 0.8203863435371654 -0.017419337659370707 18.769999999999975 
0.9732248634658798 0.7768053472884218 0.8218769560573974 -0.017419337659370707 18.98499999999999 
0.9551791865447373 0.8520134782026568 0.8231117989218611 -0.017419337659370707 19.18 
0.9135136151368668 0.9247586490164964 0.8242151295515642 -0.017419337659370707 19.385000000000012 
0.8547136749427512 0.9818974698844026 0.8242828518754314 -0.017419337659370707 19.580000000000023 
0.7792959647347871 1.0214302738135297 0.8232825840591169 -0.017419337659370707 19.785000000000036 
0.6953157303739278 1.0450596816674251 0.8212453941883113 -0.017419337659370707 19.985000000000046 
0.610378678043111 1.050378698887185 0.8204193465860893 -0.017419337659370707 20.175000000000054 
0.5266270826462559 1.0385213089519747 0.8197326252023477 -0.017419337659370707 20.380000000000067 
0.45125103392341687 1.0112813801827059 0.8192684450287999 -0.017419337659370707 20.575000000000077 
0.372708744412585 0.9697213905828144 0.8193327924949628 -0.017419337659370707 20.775000000000087 
0.29981067754989926 0.9168238305856593 0.8186589796326376 -0.017419337659370707 20.9800000000001 
0.23720389078647597 0.8518907655629062 0.8195025050097899 -0.017419337659370707 21.185000000000112 
0.19019137440436507 0.7790323683730997 0.8204320167938031 -0.017419337659370707 21.380000000000123 
0.1561172181382678 0.6961342672349938 0.8192342841035366 -0.017419337659370707 21.575000000000134 
0.1311628609866522 0.6101106975636051 0.8172266640525435 -0.017419337659370707 21.765000000000146 
0.11364507708412064 0.5230983662124167 0.822045372945757 -0.017419337659370707 21.975000000000158 
0.09840639540420108 0.43420836899826604 0.8350062623186116 -0.017419337659370707 22.18000000000017 
0.08094671744928568 0.3520146715379269 0.8368952709777633 -0.017419337659370707 22.37500000000018 
0.055740550664915484 0.2660364667970229 0.8277778503992347 -0.017419337659370707 22.580000000000194 
0.019831679040874736 0.18254049953844814 0.8152433533872303 -0.017419337659370707 22.785000000000206 
-0.023295996682785678 0.10847590702056933 0.8072671555527993 -0.017419337659370707 22.980000000000217 
-0.0720325860602854 0.039370611228468744 0.8071141278842964 -0.017419337659370707 23.17000000000023 
-0.11553601951319412 -0.03284450749715857 0.8033001560968596 -0.017419337659370707 23.380000000000237 
-0.14254427093441954 -0.11948111070076674 0.7984479009067705 -0.017419337659370707 23.575000000000248 
-0.14470399861690536 -0.2081973940867203 0.7832664520926029 -0.017419337659370707 23.78000000000026 
-0.14780805239903183 -0.2999169460712479 0.761846721640279 -0.017419337659370707 23.97500000000027 
-0.17457019161659218 -0.37435435076631124 0.7640353751479422 -0.017419337659370707 24.11500000000028 
-0.22987740293029454 -0.43096506231709614 0.7787998395400558 -0.017419337659370707 24.11500000000028 
-0.29957280398901787 -0.4586969211571904 0.7939645368119198 -0.017419337659370707 24.11500000000028 
-0.367923825983713 -0.47743766964569123 0.8116091790730746 -0.017419337659370707 24.11500000000028 
-0.42918058045871726 -0.4973681582469104 0.8318165764924734 -0.017419337659370707 24.11500000000028 
-0.4812477209200055 -0.5178047585158962 0.8499103019864642 -0.017419337659370707 24.11500000000028 
-0.5287015299969668 -0.5359452466533016 0.8673901571571343 -0.017419337659370707 24.11500000000028 
-0.5733150173148784 -0.5521779197651832 0.8818127575308085 -0.017419337659370707 24.11500000000028 
-0.6144859428270338 -0.5654989079019066 0.8910727601864745 -0.017419337659370707 24.11500000000028 
-0.6510278195891276 -0.5773520429632644 0.8963222091642548 -0.017419337659370707 24.11500000000028 
-0.6833505740964626 -0.588808373450467 0.8970242342864754 -0.017419337659370707 24.11500000000028 
-0.7132291108228072 -0.6001674025296851 0.8968373211497823 -0.017419337659370707 24.11500000000028 
-0.7406973728671262 -0.6098790110563291 0.8953077156847724 -0.017419337659370707 24.11500000000028 
-0.7660330277993712 -0.6192720209523666 0.8917559510933977 -0.017419337659370707 24.11500000000028 
-0.7892926897983512 -0.6276896509970964 0.8879745040689685 -0.017419337659370707 24.11500000000028 
-0.8105075737751668 -0.6357242008372351 0.8832792681458979 -0.017419337659370707 24.11500000000028 
-0.8304369958051319 -0.6431029024985421 0.8771779842766593 -0.017419337659370707 24.11500000000028 
-0.8488137339315469 -0.6493976956188162 0.872230609800957 -0.017419337659370707 24.11500000000028 
-0.8661494046115228 -0.6554159232640484 0.8681242021682325 -0.017419337659370707 24.11500000000028 
-0.8822094494857915 -0.6611323710257184 0.8633837873950428 -0.017419337659370707 24.11500000000028 
-0.8970086793563442 -0.6671448573844858 0.8587318229589241 -0.017419337659370707 24.11500000000028 
-0.9102523667752545 -0.6728727146470628 0.8551635038105085 -0.017419337659370707 24.11500000000028 
-0.9222044887829565 -0.6777667472091916 0.8486925314856094 -0.017419337659370707 24.11500000000028 
-0.9365989448020918 -0.6837005693456272 0.7976228890418747 -0.017419337659370707 24.11500000000028 
-0.9554922426099768 -0.689052347736321 0.7102697282204372 -0.017419337659370707 24.11500000000028 
-0.9728303888004595 -0.6914615223233503 0.628389501019048 -0.017419337659370707 24.11500000000028 
-0.9877271330710564 -0.6923205887938545 0.5588177687720807 -0.017419337659370707 24.11500000000028 
-0.9998416861797979 -0.6930768525596928 0.4966724494650782 -0.017419337659370707 24.11500000000028 
-1.0094634082926524 -0.6937164867844152 0.4416720395630483 -0.017419337659370707 24.11500000000028 
-1.0189316278673513 -0.6939570207103686 0.39230753984107386 -0.017419337659370707 24.11500000000028 
-1.0278059271953057 -0.6938259586587175 0.3474157638936282 -0.017419337659370707 24.11500000000028 
-1.034217365439897 -0.6951329155938217 0.3091116506904967 -0.017419337659370707 24.11500000000028 
-1.0354211845047263 -0.6977262624560066 0.27316890654357284 -0.017419337659370707 24.11500000000028 
-1.0321388918006003 -0.7010235892445826 0.2429259624205568 -0.017419337659370707 24.11500000000028 
-1.028977698366185 -0.7041834122116917 0.21680262154792687 -0.017419337659370707 24.11500000000028 
-1.0271584327768915 -0.7077323499526801 0.1899020941510423 -0.017419337659370707 24.11500000000028 
-1.0274967032288287 -0.7118734086790128 0.16838381389415033 -0.017419337659370707 24.11500000000028 
-1.0312048481950113 -0.7144684645713474 0.15354209220256687 -0.017419337659370707 24.11500000000028 
-1.0375392728740664 -0.7168735318941958 0.1401102459353119 -0.017419337659370707 24.11500000000028 
-1.0465656230151883 -0.7165047725010693 0.11294081474873735 -0.017419337659370707 24.11500000000028 
-1.056263983730421 -0.7106108759251656 0.049110651301112085 -0.017419337659370707 24.11500000000028 
