-1.0672636049234565 -0.7162189844962342 -0.001974738868219452 1.857327886106724 1.2000000000000008 
-1.0672636049234565 -0.7162189844962342 -0.001974738868219452 1.857327886106724 1.2000000000000008 
-1.067308962190642 -0.7162227967088395 -0.0019263269865021423 1.857327886106724 1.405000000000001 
-1.0672951715120405 -0.7162031292157253 -0.0019539119069940333 1.857327886106724 1.590000000000001 
-1.0672933730395142 -0.7161776241510335 -0.0018690390472030343 1.857327886106724 1.795000000000001 
-1.06725177723878 -0.7162463878221118 -0.0019508857822703087 1.857327886106724 2.000000000000001 
-1.0672999465754203 -0.716233492685923 -0.001907309560390725 1.857327886106724 2.204999999999997 
-1.0672751325227159 -0.7162202430313459 -0.0019429543640169286 1.857327886106724 2.409999999999993 
-1.0673155042674471 -0.7162510880402578 -0.001937924083794991 1.857327886106724 2.6049999999999893 
-1.067299030849294 -0.7162442006183465 -0.0019114112531444303 1.857327886106724 2.7999999999999856 
-1.0672620899126153 -0.7162238452017963 -0.0018915481852304873 1.857327886106724 2.994999999999982 
-1.0672960189749297 -0.7161977695857992 -0.0019463963411651235 1.857327886106724 3.214999999999978 
-1.067243144087111 -0.7161905809420875 -0.0019236995333694487 1.857327886106724 3.3949999999999743 
-1.06727288290168 -0.7162065275216928 -0.001970330599226148 1.857327886106724 3.60999999999997 
-1.067279427340112 -0.7161932796170452 -0.0019925535707438938 1.857327886106724 3.8049999999999664 
-1.0673351633047266 -0.7162493907347637 -0.0019808432381690534 1.857327886106724 4.0099999999999625 
-1.0673007432817079 -0.7162783513392785 -0.0019058195578705887 1.857327886106724 4.1949999999999585 
-1.06727043375535 -0.7162253829346888 -0.0018846051622355157 1.857327886106724 4.399999999999954 
-1.0672840014026683 -0.7162085730284045 -0.0019495733613074861 1.857327886106724 4.59499999999995 
-1.0673250722413896 -0.7161860154078847 -0.0019425863442191344 1.857327886106724 4.799999999999946 
-1.0672456202933847 -0.7161563389775967 -0.0019713290036736794 1.857327886106724 5.004999999999941 
-1.067280256412943 -0.7162322722988491 -0.0019123335428745082 1.857327886106724 5.199999999999937 
-1.0672943363849432 -0.7162020030823922 -0.0019182306694816404 1.857327886106724 5.394999999999933 
-1.0672482809068828 -0.7162072873256844 -0.0019099421683304136 1.857327886106724 5.599999999999929 
-1.0672594793327548 -0.7162322028605486 -0.0019268172027599444 1.857327886106724 5.804999999999924 
-1.0672583057763412 -0.7162084473913238 -0.0019274037078339011 1.857327886106724 6.00999999999992 
-1.0673019813098876 -0.7162171765201193 -0.001895267911522083 1.857327886106724 6.194999999999916 
-1.0672811069518784 -0.7161639415297197 -0.0019368048016427037 1.857327886106724 6.409999999999911 
-1.0672743508064335 -0.7162020426541031 -0.001947931513609948 1.857327886106724 6.594999999999907 
-1.0672858387765458 -0.7161500928532055 -0.0019355896938106883 1.857327886106724 6.809999999999903 
-1.0672575653241896 -0.7162081246262378 -0.001919219775416261 1.857327886106724 7.004999999999899 
-1.0667415960951665 -0.7180895344205617 0.008407422406699012 1.857327886106724 7.1999999999998945 
-1.0592112956352817 -0.7170074644125441 0.10429236847103693 1.857327886106724 7.39499999999989 
-1.0556222596589568 -0.7124088873504526 0.25069215390599636 1.857327886106724 7.599999999999886 
-1.059255939495318 -0.7140064753932327 0.40956096221754607 1.857327886106724 7.804999999999882 
-1.0641947570522252 -0.7213503264304754 0.5832372977000885 1.857327886106724 8.009999999999877 
-1.068297884243454 -0.7287633810927824 0.7252760874270378 1.857327886106724 8.194999999999874 
-1.0735346701760977 -0.7563388715719451 0.8046975199908983 1.857327886106724 8.39999999999987 
-1.0758190262091418 -0.8470489786557845 0.8297603599426033 1.857327886106724 8.604999999999867 
-1.076747372313295 -0.9565381923741832 0.8357159073904185 1.857327886106724 8.799999999999864 
-1.0776605583121595 -1.0306108318488068 0.8376298504206308 1.857327886106724 9.00499999999986 
-1.0772055283210082 -1.0595428821288564 0.8385117806921887 1.857327886106724 9.199999999999857 
-1.0767306853484164 -1.071231277466753 0.8431499013320729 1.857327886106724 9.394999999999854 
-1.0769923987422734 -1.0769385882769749 0.8527599227142034 1.857327886106724 9.59999999999985 
-1.0796112104192641 -1.0819196276369847 0.8630981829467665 1.857327886106724 9.804999999999847 
-1.081375818646874 -1.0840553393168746 0.8725580194642464 1.857327886106724 9.999999999999844 
-1.0833350565048745 -1.0852232699313882 0.881108005453791 1.857327886106724 10.19499999999984 
-1.0843687963903472 -1.0851863472455132 0.8880244084161205 1.857327886106724 10.399999999999837 
-1.0855615857858176 -1.083267127939522 0.8915114544759869 1.857327886106724 10.619999999999834 
-1.0864008798977547 -1.0809126328131318 0.894354820217127 1.857327886106724 10.804999999999831 
-1.0867487876690451 -1.0785507006481758 0.9083788890218426 1.857327886106724 10.999999999999828 
-1.0864606589980144 -1.0769311974740023 0.9241024718393669 1.857327886106724 11.194999999999824 
-1.0852338838796107 -1.0756959299296056 0.9306174335090677 1.857327886106724 11.399999999999821 
-1.084051649332776 -1.0749356185222376 0.9286686764490741 1.857327886106724 11.604999999999817 
-1.0824081444577627 -1.0744155117158023 0.9212780734096516 1.857327886106724 11.799999999999814 
-1.080967142390051 -1.074775671672552 0.9130265424194819 1.857327886106724 12.00499999999981 
-1.0796394612614384 -1.0744546279426008 0.9039620116011937 1.857327886106724 12.199999999999807 
-1.0783686186422867 -1.0739258806416896 0.8952823224651376 1.857327886106724 12.404999999999804 
-1.077847365399352 -1.0729292577494793 0.8900328107298997 1.857327886106724 12.5999999999998 
-1.0776445933980012 -1.0720000758356452 0.8855745728589026 1.857327886106724 12.804999999999797 
-1.0771283932896316 -1.0714455441405277 0.8824265072111976 1.857327886106724 13.009999999999794 
-1.077183602163926 -1.0711334199090077 0.8784523766162903 1.857327886106724 13.19499999999979 
-1.076661028368419 -1.071989600180698 0.8722635998549247 1.857327886106724 13.399999999999787 
-1.0756459899040314 -1.0721363747851023 0.8655332354084134 1.857327886106724 13.594999999999784 
-1.075036350516423 -1.0714229914105065 0.859068069101083 1.857327886106724 13.79999999999978 
-1.0751298094402737 -1.0703410031507579 0.8548909368006116 1.857327886106724 13.994999999999777 
-1.074724142100468 -1.0703790300518896 0.8500424228169964 1.857327886106724 14.209999999999773 
-1.072144204516261 -1.067433829483294 0.8457579483403298 1.857327886106724 14.40499999999977 
-1.039056402569145 -1.035645795896248 0.8394090475870506 1.857327886106724 14.599999999999767 
-0.9739184941258155 -0.9740143841879336 0.8332155483166932 1.857327886106724 14.81499999999977 
-0.905216332442584 -0.9111138960059049 0.8235601120285866 1.857327886106724 15.009999999999774 
-0.8354434564354045 -0.8523900060001648 0.8100532900681031 1.857327886106724 15.199999999999777 
-0.7605529671910658 -0.8002139818214367 0.7994795875480014 1.857327886106724 15.409999999999782 
-0.6830726573575018 -0.7572526445647699 0.7998854138874951 1.857327886106724 15.629999999999786 
-0.605400589875072 -0.715252557893531 0.811304770117084 1.857327886106724 15.81499999999979 
-0.5280156588137664 -0.6682684120802893 0.8182782506112871 1.857327886106724 15.999999999999794 
-0.4560615973572427 -0.6167348989094137 0.8170565986377728 1.857327886106724 16.209999999999805 
-0.3936013299858234 -0.5636478900104774 0.8123611626950087 1.857327886106724 16.419999999999817 
-0.3263324649041845 -0.49907937265147784 0.8083718636047418 1.857327886106724 16.60999999999983 
-0.26639670040327385 -0.43276371461662577 0.8063063750633692 1.857327886106724 16.81499999999984 
-0.2148634197648769 -0.3650626607277298 0.8064139963741793 1.857327886106724 17.004999999999853 
-0.16829062596244365 -0.28881924818491517 0.809476470768537 1.857327886106724 17.219999999999864 
-0.13498237208004218 -0.21802805778784884 0.8125265209334338 1.857327886106724 17.379999999999875 
-0.10254708806393512 -0.12265320725735814 0.8139985788000452 1.857327886106724 17.614999999999885 
-0.08727693593474928 -0.038424035266949555 0.8147542085232758 1.857327886106724 17.809999999999896 
-0.08286742927550324 0.05320480565355616 0.8167309609045683 1.857327886106724 18.009999999999906 
-0.07821675026496608 0.14214045821602608 0.8179862243893068 1.857327886106724 18.209999999999916 
-0.0634312713491016 0.22649069777177672 0.8175296568818086 1.857327886106724 18.419999999999927 
-0.03526282798495155 0.30816057828232296 0.8174861401151462 1.857327886106724 18.60499999999994 
0.0020360053261967255 0.38969627712269356 0.8177459823847387 1.857327886106724 18.79999999999995 
0.04504766434882093 0.46453621283528823 0.8180306381661604 1.857327886106724 18.994999999999962 
0.09618637667729325 0.5382198013185902 0.818104182410065 1.857327886106724 19.199999999999974 
0.14314555413858626 0.6103210999522762 0.813581055820694 1.857327886106724 19.409999999999986 
0.17110133604177205 0.6896359827941602 0.8100118425025613 1.857327886106724 19.599999999999998 
0.1714079430959854 0.7795180350964734 0.810967087784652 1.857327886106724 19.81000000000001 
0.15049235773743172 0.8699814800131829 0.8117837320892564 1.857327886106724 20.02000000000002 
0.11782462272416078 0.9592634882323746 0.8167216080890549 1.857327886106724 20.210000000000033 
0.08349987311051649 1.0423698142989706 0.8208417183522417 1.857327886106724 20.400000000000045 
0.04385801150171981 1.1140953106985167 0.8202381183740628 1.857327886106724 20.610000000000056 
-0.009106432532915681 1.176999536060563 0.8170586119461606 1.857327886106724 20.805000000000067 
-0.07951791308040819 1.2338275815145614 0.8139476441360886 1.857327886106724 21.01500000000008 
-0.1520495896425366 1.274201699791085 0.8130807383733989 1.857327886106724 21.20500000000009 
-0.23537985716416718 1.3007975476245244 0.8117454224592209 1.857327886106724 21.415000000000102 
-0.31730013761863834 1.3108535417192817 0.8119470821218165 1.857327886106724 21.610000000000113 
-0.4034653845432659 1.3069674654311139 0.811972424039517 1.857327886106724 21.815000000000126 
-0.48081410503656075 1.2887908921445965 0.8129898893005187 1.857327886106724 22.010000000000137 
-0.558917083563406 1.2549652858747906 0.8130847487414737 1.857327886106724 22.21500000000015 
-0.6225484769169387 1.2125702128678906 0.8118716506765009 1.857327886106724 22.41000000000016 
-0.679867655062056 1.1614084677580165 0.8103834914103393 1.857327886106724 22.600000000000172 
-0.7366542988960845 1.0979797275016152 0.8092861321011174 1.857327886106724 22.805000000000184 
-0.7856021853997012 1.0282881686408738 0.8099432888434718 1.857327886106724 23.015000000000196 
-0.82750753601828 0.9607631632664257 0.811982411581312 1.857327886106724 23.195000000000206 
-0.8745840475692284 0.8952556137762349 0.8076279288237797 1.857327886106724 23.42000000000022 
-0.9342932063591795 0.8400598089691045 0.8004094466320475 1.857327886106724 23.61000000000023 
-1.0013869419357395 0.8049579569121881 0.7970859471727485 1.857327886106724 23.785000000000238 
-1.0869937636643274 0.7946268918629185 0.7952431795998586 1.857327886106724 24.01000000000025 
-1.173939747251794 0.8050729432835607 0.7868673939116946 1.857327886106724 24.215000000000263 
-1.2416719075410925 0.827445211994387 0.7704887627772073 1.857327886106724 24.395000000000273 
-1.3170266182693084 0.827375283497171 0.7674365114312036 1.857327886106724 24.615000000000286 
-1.3884663189811124 0.790140033847643 0.7808117440381878 1.857327886106724 24.810000000000297 
-1.4520577232210419 0.7263715311395679 0.8003294336247143 1.857327886106724 25.000000000000316 
-1.4701862881574412 0.6395544058244891 0.8096098196012227 1.857327886106724 25.205000000000346 
-1.4348585526413324 0.5191273634487004 0.811604789656435 1.857327886106724 25.400000000000375 
-1.3942349493864163 0.4008685679827588 0.82461557698383 1.857327886106724 25.595000000000404 
-1.3623779020499953 0.2931240073853835 0.8396972983448546 1.857327886106724 25.810000000000436 
-1.3406215995572353 0.20910549320121388 0.8500193936831197 1.857327886106724 25.995000000000463 
-1.3197061128137 0.12949992687390938 0.8640105919934868 1.857327886106724 26.210000000000495 
-1.3004185294248416 0.06003389411884186 0.8747784628439323 1.857327886106724 26.395000000000522 
-1.2811226014767805 -0.008468373872800495 0.8815684575132027 1.857327886106724 26.600000000000552 
-1.2643272589452683 -0.06814518236022361 0.8857293009888314 1.857327886106724 26.79500000000058 
-1.2491670424384915 -0.12183080567967947 0.8879250235433245 1.857327886106724 27.00000000000061 
-1.235262976627508 -0.17457916982303354 0.8884813808581166 1.857327886106724 27.20500000000064 
-1.2230244251370326 -0.22314563605033497 0.8880483537550715 1.857327886106724 27.40000000000067 
-1.2125598550605814 -0.26431048399950313 0.8855577295537214 1.857327886106724 27.6050000000007 
-1.2031212885899345 -0.3024065414873301 0.8817434590476944 1.857327886106724 27.81000000000073 
-1.1947748511092526 -0.33766110648532077 0.8775379659679613 1.857327886106724 28.00500000000076 
-1.1875669713916583 -0.36932279362119963 0.8729945970685252 1.857327886106724 28.200000000000788 
-1.1814594246163088 -0.39738941072599604 0.8694606666580805 1.857327886106724 28.395000000000817 
-1.1753848531249929 -0.4234409512575595 0.865544602067131 1.857327886106724 28.600000000000847 
-1.1695981824675543 -0.4491039651435726 0.8598152695297249 1.857327886106724 28.795000000000876 
-1.1646069047064542 -0.4711827074785328 0.8548402146841201 1.857327886106724 29.000000000000906 
-1.1600551849188276 -0.4921743074926307 0.850725181619588 1.857327886106724 29.195000000000935 
-1.1563772640366845 -0.511611906732372 0.8448133450951072 1.857327886106724 29.410000000000966 
-1.1533264715318081 -0.528992056701183 0.8382569936241773 1.857327886106724 29.605000000000995 
-1.1504718481708185 -0.5446440231122822 0.8320097525991252 1.857327886106724 29.815000000001024 
-1.1471110838922434 -0.5590918239271421 0.8279709147200132 1.857327886106724 30.005000000001054 
-1.1437755725184298 -0.5729873250208135 0.8256031971992946 1.857327886106724 30.200000000001083 
-1.1404445496829416 -0.584948143286035 0.8234180422044132 1.857327886106724 30.39500000000111 
-1.1382493061138699 -0.5956589750511168 0.8128656852050369 1.857327886106724 30.600000000001142 
-1.1319909193648603 -0.6121826289178393 0.7473200510711187 1.857327886106724 30.79500000000117 
-1.12384114444424 -0.6308280034878886 0.6554839030505051 1.857327886106724 31.010000000001202 
-1.118186560081684 -0.6461841225748669 0.57861732438563 1.857327886106724 31.20500000000123 
-1.11351929529822 -0.6582555704229301 0.5144963231954638 1.857327886106724 31.40000000000126 
-1.1071204880455725 -0.6685582762309231 0.45293883173231364 1.857327886106724 31.59500000000129 
-1.101245470479225 -0.6780066657674437 0.3979251507474124 1.857327886106724 31.80000000000132 
-1.0959874309283832 -0.6854818817470376 0.3547310008912638 1.857327886106724 32.005000000001345 
-1.091115656178346 -0.691625597443971 0.31471312223482784 1.857327886106724 32.20000000000131 
-1.087902675334452 -0.6973801955469806 0.2785078213685102 1.857327886106724 32.40500000000127 
-1.085167120473512 -0.7035345984617289 0.2456209503262714 1.857327886106724 32.60000000000124 
-1.0836676967648988 -0.7083317741856351 0.21980687897724213 1.857327886106724 32.8050000000012 
-1.0820344012737366 -0.7123122643779274 0.1963847172957867 1.857327886106724 33.000000000001165 
-1.0810592495591702 -0.7163031359137805 0.17449494708080532 1.857327886106724 33.19500000000113 
-1.0818663203732135 -0.7194432304079523 0.15611613646851127 1.857327886106724 33.40000000000109 
-1.0836154533537408 -0.7216965833052047 0.1388340762169919 1.857327886106724 33.605000000001056 
-1.08475718100608 -0.7231815619413264 0.1097369598105015 1.857327886106724 33.80000000000102 
-1.0844538695729395 -0.7237486532258587 0.05275092117608341 1.857327886106724 34.00500000000098 
-1.083478273949187 -0.7242372236023347 0.0058098588118571754 1.857327886106724 34.210000000000946 
